location,sex,age,cause,year,deaths_number
6,2,8,474,1990,19.15
6,2,8,474,1991,18.39
6,2,8,474,1992,17.61
6,2,8,474,1993,16.86
6,2,8,474,1994,15.81
6,2,8,474,1995,15.03
6,2,8,474,1996,14.36
6,2,8,474,1997,13.24
6,2,8,474,1998,11.93
6,2,8,474,1999,10.62
6,2,8,474,2000,9.88
6,2,8,474,2001,9.59
6,2,8,474,2002,9.51
6,2,8,474,2003,8.63
6,2,8,474,2004,8.21
6,2,8,474,2005,7.84
6,2,8,474,2006,7.17
6,2,8,474,2007,6.51
6,2,8,474,2008,6.05
6,2,8,474,2009,5.59
6,2,8,474,2010,5.17
6,2,8,474,2011,4.69
6,2,8,474,2012,4.3
6,2,8,474,2013,4.13
6,2,8,474,2014,3.98
6,2,8,474,2015,3.87
6,2,8,474,2016,3.79
6,2,8,474,2017,3.76
6,2,9,474,1990,27.93
6,2,9,474,1991,28.08
6,2,9,474,1992,28.78
6,2,9,474,1993,28.59
6,2,9,474,1994,27.5
6,2,9,474,1995,27.27
6,2,9,474,1996,25.51
6,2,9,474,1997,22.11
6,2,9,474,1998,18.92
6,2,9,474,1999,16.83
6,2,9,474,2000,14.34
6,2,9,474,2001,12.35
6,2,9,474,2002,10.4
6,2,9,474,2003,8.41
6,2,9,474,2004,7.72
6,2,9,474,2005,7.39
6,2,9,474,2006,7.37
6,2,9,474,2007,7.67
6,2,9,474,2008,7.89
6,2,9,474,2009,8.19
6,2,9,474,2010,8.27
6,2,9,474,2011,7.63
6,2,9,474,2012,6.74
6,2,9,474,2013,6.17
6,2,9,474,2014,5.68
6,2,9,474,2015,5.29
6,2,9,474,2016,4.96
6,2,9,474,2017,4.78
6,2,10,474,1990,57.77
6,2,10,474,1991,63.26
6,2,10,474,1992,68.56
6,2,10,474,1993,73.28
6,2,10,474,1994,72.85
6,2,10,474,1995,70.92
6,2,10,474,1996,69.34
6,2,10,474,1997,65.01
6,2,10,474,1998,56.84
6,2,10,474,1999,49.53
6,2,10,474,2000,40.49
6,2,10,474,2001,33.2
6,2,10,474,2002,25.81
6,2,10,474,2003,17.91
6,2,10,474,2004,14.81
6,2,10,474,2005,12.87
6,2,10,474,2006,11.37
6,2,10,474,2007,10.64
6,2,10,474,2008,11.02
6,2,10,474,2009,12.17
6,2,10,474,2010,12.72
6,2,10,474,2011,13.07
6,2,10,474,2012,13.81
6,2,10,474,2013,15.06
6,2,10,474,2014,16.06
6,2,10,474,2015,16.36
6,2,10,474,2016,15.75
6,2,10,474,2017,14.54
6,2,11,474,1990,68
6,2,11,474,1991,67.54
6,2,11,474,1992,70.02
6,2,11,474,1993,75.19
6,2,11,474,1994,81.03
6,2,11,474,1995,87.04
6,2,11,474,1996,90.65
6,2,11,474,1997,90.25
6,2,11,474,1998,87.15
6,2,11,474,1999,77.84
6,2,11,474,2000,64.95
6,2,11,474,2001,55.14
6,2,11,474,2002,44.74
6,2,11,474,2003,33.1
6,2,11,474,2004,28.14
6,2,11,474,2005,24.75
6,2,11,474,2006,21.85
6,2,11,474,2007,19.34
6,2,11,474,2008,18.54
6,2,11,474,2009,18.77
6,2,11,474,2010,18.5
6,2,11,474,2011,17.43
6,2,11,474,2012,16.82
6,2,11,474,2013,17.79
6,2,11,474,2014,18.68
6,2,11,474,2015,19.43
6,2,11,474,2016,20.35
6,2,11,474,2017,21.52
6,2,12,474,1990,98.29
6,2,12,474,1991,101
6,2,12,474,1992,99.75
6,2,12,474,1993,95.98
6,2,12,474,1994,91.09
6,2,12,474,1995,84.84
6,2,12,474,1996,79.83
6,2,12,474,1997,76.22
6,2,12,474,1998,78.74
6,2,12,474,1999,78.93
6,2,12,474,2000,77.39
6,2,12,474,2001,74.97
6,2,12,474,2002,70.36
6,2,12,474,2003,62.23
6,2,12,474,2004,56.44
6,2,12,474,2005,52.38
6,2,12,474,2006,48.95
6,2,12,474,2007,44.57
6,2,12,474,2008,41.35
6,2,12,474,2009,39.95
6,2,12,474,2010,38.27
6,2,12,474,2011,35.43
6,2,12,474,2012,32.58
6,2,12,474,2013,31.09
6,2,12,474,2014,29.72
6,2,12,474,2015,28.6
6,2,12,474,2016,27.97
6,2,12,474,2017,28.31
6,2,13,474,1990,135.87
6,2,13,474,1991,143.5
6,2,13,474,1992,149.36
6,2,13,474,1993,160.58
6,2,13,474,1994,167.58
6,2,13,474,1995,164.3
6,2,13,474,1996,161.6
6,2,13,474,1997,154.51
6,2,13,474,1998,145.91
6,2,13,474,1999,128.64
6,2,13,474,2000,110.94
6,2,13,474,2001,98.83
6,2,13,474,2002,91.1
6,2,13,474,2003,83.7
6,2,13,474,2004,82.8
6,2,13,474,2005,85.31
6,2,13,474,2006,91.53
6,2,13,474,2007,93.95
6,2,13,474,2008,90.94
6,2,13,474,2009,86.9
6,2,13,474,2010,84.76
6,2,13,474,2011,82.4
6,2,13,474,2012,78.83
6,2,13,474,2013,75.99
6,2,13,474,2014,72.07
6,2,13,474,2015,68.89
6,2,13,474,2016,66.41
6,2,13,474,2017,65.86
6,2,14,474,1990,176.77
6,2,14,474,1991,183.63
6,2,14,474,1992,189.14
6,2,14,474,1993,194.82
6,2,14,474,1994,202.8
6,2,14,474,1995,212.71
6,2,14,474,1996,216.46
6,2,14,474,1997,217.8
6,2,14,474,1998,229.14
6,2,14,474,1999,230.5
6,2,14,474,2000,209.18
6,2,14,474,2001,190.03
6,2,14,474,2002,167.69
6,2,14,474,2003,137.48
6,2,14,474,2004,120.74
6,2,14,474,2005,109.86
6,2,14,474,2006,100.81
6,2,14,474,2007,98.11
6,2,14,474,2008,107.25
6,2,14,474,2009,122.9
6,2,14,474,2010,135.74
6,2,14,474,2011,149.38
6,2,14,474,2012,161.08
6,2,14,474,2013,164.76
6,2,14,474,2014,164.18
6,2,14,474,2015,161.41
6,2,14,474,2016,157.4
6,2,14,474,2017,151.67
6,2,15,474,1990,231.13
6,2,15,474,1991,228.18
6,2,15,474,1992,214.12
6,2,15,474,1993,211.96
6,2,15,474,1994,210.52
6,2,15,474,1995,202.34
6,2,15,474,1996,204.42
6,2,15,474,1997,210.8
6,2,15,474,1998,214.78
6,2,15,474,1999,222.59
6,2,15,474,2000,235.13
6,2,15,474,2001,233.1
6,2,15,474,2002,233.58
6,2,15,474,2003,240.56
6,2,15,474,2004,239.54
6,2,15,474,2005,237.26
6,2,15,474,2006,233.2
6,2,15,474,2007,222.14
6,2,15,474,2008,203
6,2,15,474,2009,182.95
6,2,15,474,2010,170.81
6,2,15,474,2011,168.26
6,2,15,474,2012,172.53
6,2,15,474,2013,189.46
6,2,15,474,2014,216.94
6,2,15,474,2015,242.43
6,2,15,474,2016,259.09
6,2,15,474,2017,261.6
6,2,16,474,1990,286
6,2,16,474,1991,286.84
6,2,16,474,1992,280.56
6,2,16,474,1993,280.49
6,2,16,474,1994,275.31
6,2,16,474,1995,267.74
6,2,16,474,1996,255.91
6,2,16,474,1997,241.37
6,2,16,474,1998,229.74
6,2,16,474,1999,229.48
6,2,16,474,2000,235.7
6,2,16,474,2001,235.19
6,2,16,474,2002,243.32
6,2,16,474,2003,251.13
6,2,16,474,2004,255.73
6,2,16,474,2005,272.39
6,2,16,474,2006,280.43
6,2,16,474,2007,285.75
6,2,16,474,2008,295.41
6,2,16,474,2009,299.8
6,2,16,474,2010,298.5
6,2,16,474,2011,306.59
6,2,16,474,2012,306.75
6,2,16,474,2013,284.63
6,2,16,474,2014,259.07
6,2,16,474,2015,244.59
6,2,16,474,2016,241.09
6,2,16,474,2017,253.46
6,2,17,474,1990,441.88
6,2,17,474,1991,449.45
6,2,17,474,1992,452.22
6,2,17,474,1993,469.56
6,2,17,474,1994,479.74
6,2,17,474,1995,483.07
6,2,17,474,1996,480.23
6,2,17,474,1997,464.46
6,2,17,474,1998,452.07
6,2,17,474,1999,430.47
6,2,17,474,2000,411.22
6,2,17,474,2001,388.95
6,2,17,474,2002,371.67
6,2,17,474,2003,348.19
6,2,17,474,2004,335.66
6,2,17,474,2005,332.39
6,2,17,474,2006,336.42
6,2,17,474,2007,341.03
6,2,17,474,2008,347.94
6,2,17,474,2009,369.05
6,2,17,474,2010,403.57
6,2,17,474,2011,431.86
6,2,17,474,2012,463.74
6,2,17,474,2013,510.13
6,2,17,474,2014,557.21
6,2,17,474,2015,579.96
6,2,17,474,2016,591.32
6,2,17,474,2017,576.93
6,2,18,474,1990,626.46
6,2,18,474,1991,637.89
6,2,18,474,1992,627.22
6,2,18,474,1993,636.45
6,2,18,474,1994,632.63
6,2,18,474,1995,617.45
6,2,18,474,1996,627.28
6,2,18,474,1997,621.71
6,2,18,474,1998,609.38
6,2,18,474,1999,608.27
6,2,18,474,2000,601.85
6,2,18,474,2001,588.53
6,2,18,474,2002,576.9
6,2,18,474,2003,562.57
6,2,18,474,2004,532.15
6,2,18,474,2005,508.89
6,2,18,474,2006,485.08
6,2,18,474,2007,463.58
6,2,18,474,2008,459.62
6,2,18,474,2009,478.51
6,2,18,474,2010,497.44
6,2,18,474,2011,535.02
6,2,18,474,2012,586.63
6,2,18,474,2013,631.01
6,2,18,474,2014,708.21
6,2,18,474,2015,795.49
6,2,18,474,2016,842.03
6,2,18,474,2017,851.14
6,2,19,474,1990,839.34
6,2,19,474,1991,860.02
6,2,19,474,1992,852.61
6,2,19,474,1993,870.13
6,2,19,474,1994,883.67
6,2,19,474,1995,867.04
6,2,19,474,1996,870.29
6,2,19,474,1997,861.85
6,2,19,474,1998,862.86
6,2,19,474,1999,876.94
6,2,19,474,2000,878.79
6,2,19,474,2001,869.36
6,2,19,474,2002,850.71
6,2,19,474,2003,826.46
6,2,19,474,2004,814.47
6,2,19,474,2005,803.49
6,2,19,474,2006,786
6,2,19,474,2007,779.21
6,2,19,474,2008,773
6,2,19,474,2009,763.1
6,2,19,474,2010,760.48
6,2,19,474,2011,769.88
6,2,19,474,2012,782.15
6,2,19,474,2013,789.88
6,2,19,474,2014,829.48
6,2,19,474,2015,873.48
6,2,19,474,2016,921.86
6,2,19,474,2017,952.54
6,2,20,474,1990,880.61
6,2,20,474,1991,909.9
6,2,20,474,1992,896.62
6,2,20,474,1993,911.96
6,2,20,474,1994,928.1
6,2,20,474,1995,921.52
6,2,20,474,1996,931.17
6,2,20,474,1997,928.73
6,2,20,474,1998,933.4
6,2,20,474,1999,954.2
6,2,20,474,2000,964.71
6,2,20,474,2001,962.03
6,2,20,474,2002,962.12
6,2,20,474,2003,964.65
6,2,20,474,2004,972.24
6,2,20,474,2005,989.61
6,2,20,474,2006,984.96
6,2,20,474,2007,983.75
6,2,20,474,2008,1011.55
6,2,20,474,2009,1061.17
6,2,20,474,2010,1090.14
6,2,20,474,2011,1134.09
6,2,20,474,2012,1182.01
6,2,20,474,2013,1198.36
6,2,20,474,2014,1214.68
6,2,20,474,2015,1241.99
6,2,20,474,2016,1259.69
6,2,20,474,2017,1248.59
6,2,22,474,1990,5104.77
6,2,22,474,1991,5251.27
6,2,22,474,1992,5235.3
6,2,22,474,1993,5361.79
6,2,22,474,1994,5457.74
6,2,22,474,1995,5413.06
6,2,22,474,1996,5463.43
6,2,22,474,1997,5478.86
6,2,22,474,1998,5498.81
6,2,22,474,1999,5475.31
6,2,22,474,2000,5434.64
6,2,22,474,2001,5355.39
6,2,22,474,2002,5288.48
6,2,22,474,2003,5194.75
6,2,22,474,2004,5136.7
6,2,22,474,2005,5142.89
6,2,22,474,2006,5103.11
6,2,22,474,2007,5111.4
6,2,22,474,2008,5213.88
6,2,22,474,2009,5399.15
6,2,22,474,2010,5591.98
6,2,22,474,2011,5815.76
6,2,22,474,2012,6034.79
6,2,22,474,2013,6198.24
6,2,22,474,2014,6502.99
6,2,22,474,2015,6827.7
6,2,22,474,2016,7097.54
6,2,22,474,2017,7238.66
6,2,30,474,1990,696.63
6,2,30,474,1991,715.83
6,2,30,474,1992,708.57
6,2,30,474,1993,725.04
6,2,30,474,1994,750.85
6,2,30,474,1995,743.82
6,2,30,474,1996,762.27
6,2,30,474,1997,798.4
6,2,30,474,1998,825.46
6,2,30,474,1999,812.29
6,2,30,474,2000,818.91
6,2,30,474,2001,827.75
6,2,30,474,2002,840.31
6,2,30,474,2003,853.45
6,2,30,474,2004,868.31
6,2,30,474,2005,882.03
6,2,30,474,2006,878.65
6,2,30,474,2007,896.35
6,2,30,474,2008,938.25
6,2,30,474,2009,995.29
6,2,30,474,2010,1059.01
6,2,30,474,2011,1106.75
6,2,30,474,2012,1133.69
6,2,30,474,2013,1148.67
6,2,30,474,2014,1209.46
6,2,30,474,2015,1276.95
6,2,30,474,2016,1330.84
6,2,30,474,2017,1351.05
6,2,31,474,1990,395.15
6,2,31,474,1991,424.28
6,2,31,474,1992,438.74
6,2,31,474,1993,456.67
6,2,31,474,1994,470.25
6,2,31,474,1995,470.08
6,2,31,474,1996,482.22
6,2,31,474,1997,505.85
6,2,31,474,1998,525.41
6,2,31,474,1999,528.51
6,2,31,474,2000,535.87
6,2,31,474,2001,545.6
6,2,31,474,2002,554.83
6,2,31,474,2003,559.24
6,2,31,474,2004,557.86
6,2,31,474,2005,565.84
6,2,31,474,2006,569.97
6,2,31,474,2007,587.41
6,2,31,474,2008,617.11
6,2,31,474,2009,654.79
6,2,31,474,2010,691.97
6,2,31,474,2011,721.38
6,2,31,474,2012,746.46
6,2,31,474,2013,768.18
6,2,31,474,2014,813.19
6,2,31,474,2015,863.4
6,2,31,474,2016,920.23
6,2,31,474,2017,977.7
6,2,32,474,1990,107.71
6,2,32,474,1991,116.43
6,2,32,474,1992,123.58
6,2,32,474,1993,135.02
6,2,32,474,1994,147.59
6,2,32,474,1995,156.06
6,2,32,474,1996,167.97
6,2,32,474,1997,180.4
6,2,32,474,1998,188.46
6,2,32,474,1999,189.02
6,2,32,474,2000,192.43
6,2,32,474,2001,195.64
6,2,32,474,2002,198.47
6,2,32,474,2003,199.35
6,2,32,474,2004,203.29
6,2,32,474,2005,209.98
6,2,32,474,2006,216.93
6,2,32,474,2007,226.81
6,2,32,474,2008,237.91
6,2,32,474,2009,249.73
6,2,32,474,2010,263.54
6,2,32,474,2011,276.02
6,2,32,474,2012,287.85
6,2,32,474,2013,300.91
6,2,32,474,2014,319.07
6,2,32,474,2015,336.01
6,2,32,474,2016,359.88
6,2,32,474,2017,393.21
6,2,235,474,1990,16.07
6,2,235,474,1991,17.04
6,2,235,474,1992,17.86
6,2,235,474,1993,19.21
6,2,235,474,1994,20.41
6,2,235,474,1995,21.83
6,2,235,474,1996,23.91
6,2,235,474,1997,26.14
6,2,235,474,1998,28.62
6,2,235,474,1999,30.66
6,2,235,474,2000,32.86
6,2,235,474,2001,35.13
6,2,235,474,2002,36.97
6,2,235,474,2003,37.72
6,2,235,474,2004,38.6
6,2,235,474,2005,40.61
6,2,235,474,2006,42.43
6,2,235,474,2007,44.57
6,2,235,474,2008,47.05
6,2,235,474,2009,50.28
6,2,235,474,2010,53.1
6,2,235,474,2011,55.87
6,2,235,474,2012,58.83
6,2,235,474,2013,62.03
6,2,235,474,2014,65.32
6,2,235,474,2015,69.55
6,2,235,474,2016,74.9
6,2,235,474,2017,82
7,2,8,474,1990,0.21
7,2,8,474,1991,0.2
7,2,8,474,1992,0.19
7,2,8,474,1993,0.19
7,2,8,474,1994,0.18
7,2,8,474,1995,0.18
7,2,8,474,1996,0.18
7,2,8,474,1997,0.18
7,2,8,474,1998,0.17
7,2,8,474,1999,0.17
7,2,8,474,2000,0.17
7,2,8,474,2001,0.17
7,2,8,474,2002,0.17
7,2,8,474,2003,0.17
7,2,8,474,2004,0.18
7,2,8,474,2005,0.18
7,2,8,474,2006,0.18
7,2,8,474,2007,0.18
7,2,8,474,2008,0.19
7,2,8,474,2009,0.19
7,2,8,474,2010,0.19
7,2,8,474,2011,0.19
7,2,8,474,2012,0.19
7,2,8,474,2013,0.18
7,2,8,474,2014,0.18
7,2,8,474,2015,0.18
7,2,8,474,2016,0.18
7,2,8,474,2017,0.18
7,2,9,474,1990,0.25
7,2,9,474,1991,0.25
7,2,9,474,1992,0.25
7,2,9,474,1993,0.24
7,2,9,474,1994,0.24
7,2,9,474,1995,0.23
7,2,9,474,1996,0.22
7,2,9,474,1997,0.21
7,2,9,474,1998,0.2
7,2,9,474,1999,0.19
7,2,9,474,2000,0.19
7,2,9,474,2001,0.19
7,2,9,474,2002,0.18
7,2,9,474,2003,0.18
7,2,9,474,2004,0.18
7,2,9,474,2005,0.18
7,2,9,474,2006,0.18
7,2,9,474,2007,0.19
7,2,9,474,2008,0.19
7,2,9,474,2009,0.19
7,2,9,474,2010,0.19
7,2,9,474,2011,0.2
7,2,9,474,2012,0.2
7,2,9,474,2013,0.2
7,2,9,474,2014,0.2
7,2,9,474,2015,0.2
7,2,9,474,2016,0.2
7,2,9,474,2017,0.2
7,2,10,474,1990,0.5
7,2,10,474,1991,0.52
7,2,10,474,1992,0.54
7,2,10,474,1993,0.55
7,2,10,474,1994,0.57
7,2,10,474,1995,0.58
7,2,10,474,1996,0.59
7,2,10,474,1997,0.59
7,2,10,474,1998,0.57
7,2,10,474,1999,0.54
7,2,10,474,2000,0.51
7,2,10,474,2001,0.48
7,2,10,474,2002,0.45
7,2,10,474,2003,0.43
7,2,10,474,2004,0.42
7,2,10,474,2005,0.41
7,2,10,474,2006,0.41
7,2,10,474,2007,0.41
7,2,10,474,2008,0.42
7,2,10,474,2009,0.42
7,2,10,474,2010,0.42
7,2,10,474,2011,0.42
7,2,10,474,2012,0.42
7,2,10,474,2013,0.43
7,2,10,474,2014,0.43
7,2,10,474,2015,0.44
7,2,10,474,2016,0.44
7,2,10,474,2017,0.45
7,2,11,474,1990,0.65
7,2,11,474,1991,0.68
7,2,11,474,1992,0.71
7,2,11,474,1993,0.75
7,2,11,474,1994,0.78
7,2,11,474,1995,0.82
7,2,11,474,1996,0.86
7,2,11,474,1997,0.89
7,2,11,474,1998,0.91
7,2,11,474,1999,0.93
7,2,11,474,2000,0.94
7,2,11,474,2001,0.94
7,2,11,474,2002,0.92
7,2,11,474,2003,0.9
7,2,11,474,2004,0.86
7,2,11,474,2005,0.81
7,2,11,474,2006,0.77
7,2,11,474,2007,0.72
7,2,11,474,2008,0.69
7,2,11,474,2009,0.67
7,2,11,474,2010,0.66
7,2,11,474,2011,0.66
7,2,11,474,2012,0.67
7,2,11,474,2013,0.67
7,2,11,474,2014,0.67
7,2,11,474,2015,0.67
7,2,11,474,2016,0.67
7,2,11,474,2017,0.66
7,2,12,474,1990,0.95
7,2,12,474,1991,1
7,2,12,474,1992,1.06
7,2,12,474,1993,1.12
7,2,12,474,1994,1.19
7,2,12,474,1995,1.26
7,2,12,474,1996,1.32
7,2,12,474,1997,1.38
7,2,12,474,1998,1.43
7,2,12,474,1999,1.48
7,2,12,474,2000,1.52
7,2,12,474,2001,1.57
7,2,12,474,2002,1.62
7,2,12,474,2003,1.67
7,2,12,474,2004,1.72
7,2,12,474,2005,1.76
7,2,12,474,2006,1.78
7,2,12,474,2007,1.78
7,2,12,474,2008,1.75
7,2,12,474,2009,1.68
7,2,12,474,2010,1.58
7,2,12,474,2011,1.49
7,2,12,474,2012,1.4
7,2,12,474,2013,1.33
7,2,12,474,2014,1.29
7,2,12,474,2015,1.26
7,2,12,474,2016,1.25
7,2,12,474,2017,1.24
7,2,13,474,1990,2.07
7,2,13,474,1991,1.98
7,2,13,474,1992,1.92
7,2,13,474,1993,1.91
7,2,13,474,1994,1.92
7,2,13,474,1995,1.96
7,2,13,474,1996,2.08
7,2,13,474,1997,2.19
7,2,13,474,1998,2.29
7,2,13,474,1999,2.37
7,2,13,474,2000,2.44
7,2,13,474,2001,2.51
7,2,13,474,2002,2.56
7,2,13,474,2003,2.63
7,2,13,474,2004,2.7
7,2,13,474,2005,2.78
7,2,13,474,2006,2.88
7,2,13,474,2007,2.97
7,2,13,474,2008,3.07
7,2,13,474,2009,3.18
7,2,13,474,2010,3.27
7,2,13,474,2011,3.34
7,2,13,474,2012,3.34
7,2,13,474,2013,3.29
7,2,13,474,2014,3.16
7,2,13,474,2015,2.99
7,2,13,474,2016,2.8
7,2,13,474,2017,2.62
7,2,14,474,1990,3.45
7,2,14,474,1991,3.45
7,2,14,474,1992,3.37
7,2,14,474,1993,3.35
7,2,14,474,1994,3.33
7,2,14,474,1995,3.31
7,2,14,474,1996,3.13
7,2,14,474,1997,3.02
7,2,14,474,1998,2.96
7,2,14,474,1999,2.95
7,2,14,474,2000,2.99
7,2,14,474,2001,3.16
7,2,14,474,2002,3.34
7,2,14,474,2003,3.51
7,2,14,474,2004,3.66
7,2,14,474,2005,3.79
7,2,14,474,2006,3.91
7,2,14,474,2007,4.02
7,2,14,474,2008,4.14
7,2,14,474,2009,4.29
7,2,14,474,2010,4.46
7,2,14,474,2011,4.65
7,2,14,474,2012,4.85
7,2,14,474,2013,5.05
7,2,14,474,2014,5.25
7,2,14,474,2015,5.4
7,2,14,474,2016,5.49
7,2,14,474,2017,5.46
7,2,15,474,1990,5.43
7,2,15,474,1991,5.51
7,2,15,474,1992,5.67
7,2,15,474,1993,5.53
7,2,15,474,1994,5.58
7,2,15,474,1995,5.63
7,2,15,474,1996,5.65
7,2,15,474,1997,5.51
7,2,15,474,1998,5.44
7,2,15,474,1999,5.32
7,2,15,474,2000,5.19
7,2,15,474,2001,4.87
7,2,15,474,2002,4.67
7,2,15,474,2003,4.59
7,2,15,474,2004,4.62
7,2,15,474,2005,4.73
7,2,15,474,2006,5.08
7,2,15,474,2007,5.42
7,2,15,474,2008,5.74
7,2,15,474,2009,6.01
7,2,15,474,2010,6.23
7,2,15,474,2011,6.42
7,2,15,474,2012,6.58
7,2,15,474,2013,6.75
7,2,15,474,2014,6.95
7,2,15,474,2015,7.17
7,2,15,474,2016,7.41
7,2,15,474,2017,7.65
7,2,16,474,1990,5.97
7,2,16,474,1991,6.29
7,2,16,474,1992,6.58
7,2,16,474,1993,6.96
7,2,16,474,1994,7.2
7,2,16,474,1995,7.39
7,2,16,474,1996,7.5
7,2,16,474,1997,7.66
7,2,16,474,1998,7.4
7,2,16,474,1999,7.35
7,2,16,474,2000,7.33
7,2,16,474,2001,7.31
7,2,16,474,2002,7.07
7,2,16,474,2003,6.96
7,2,16,474,2004,6.79
7,2,16,474,2005,6.58
7,2,16,474,2006,6.17
7,2,16,474,2007,5.91
7,2,16,474,2008,5.83
7,2,16,474,2009,5.9
7,2,16,474,2010,6.11
7,2,16,474,2011,6.61
7,2,16,474,2012,7.12
7,2,16,474,2013,7.59
7,2,16,474,2014,7.99
7,2,16,474,2015,8.31
7,2,16,474,2016,8.58
7,2,16,474,2017,8.78
7,2,17,474,1990,8.16
7,2,17,474,1991,8.38
7,2,17,474,1992,8.77
7,2,17,474,1993,9.24
7,2,17,474,1994,9.61
7,2,17,474,1995,10
7,2,17,474,1996,10.57
7,2,17,474,1997,11.03
7,2,17,474,1998,11.58
7,2,17,474,1999,11.81
7,2,17,474,2000,11.96
7,2,17,474,2001,12.04
7,2,17,474,2002,12.23
7,2,17,474,2003,11.85
7,2,17,474,2004,11.85
7,2,17,474,2005,11.86
7,2,17,474,2006,11.93
7,2,17,474,2007,11.65
7,2,17,474,2008,11.51
7,2,17,474,2009,11.25
7,2,17,474,2010,10.93
7,2,17,474,2011,10.25
7,2,17,474,2012,9.81
7,2,17,474,2013,9.69
7,2,17,474,2014,9.82
7,2,17,474,2015,10.14
7,2,17,474,2016,10.93
7,2,17,474,2017,11.65
7,2,18,474,1990,9.75
7,2,18,474,1991,10.13
7,2,18,474,1992,10.55
7,2,18,474,1993,11.02
7,2,18,474,1994,11.52
7,2,18,474,1995,12.08
7,2,18,474,1996,12.35
7,2,18,474,1997,12.83
7,2,18,474,1998,13.39
7,2,18,474,1999,13.73
7,2,18,474,2000,14.13
7,2,18,474,2001,14.86
7,2,18,474,2002,15.47
7,2,18,474,2003,16.31
7,2,18,474,2004,16.71
7,2,18,474,2005,16.96
7,2,18,474,2006,17.2
7,2,18,474,2007,17.58
7,2,18,474,2008,17.09
7,2,18,474,2009,17.19
7,2,18,474,2010,17.37
7,2,18,474,2011,17.61
7,2,18,474,2012,17.32
7,2,18,474,2013,17.23
7,2,18,474,2014,16.92
7,2,18,474,2015,16.48
7,2,18,474,2016,15.37
7,2,18,474,2017,14.56
7,2,19,474,1990,11.07
7,2,19,474,1991,11.66
7,2,19,474,1992,12.28
7,2,19,474,1993,12.9
7,2,19,474,1994,13.54
7,2,19,474,1995,14.2
7,2,19,474,1996,14.72
7,2,19,474,1997,15.2
7,2,19,474,1998,15.65
7,2,19,474,1999,16.1
7,2,19,474,2000,16.66
7,2,19,474,2001,16.88
7,2,19,474,2002,17.41
7,2,19,474,2003,18.2
7,2,19,474,2004,18.74
7,2,19,474,2005,19.42
7,2,19,474,2006,20.61
7,2,19,474,2007,21.62
7,2,19,474,2008,22.96
7,2,19,474,2009,23.64
7,2,19,474,2010,24.18
7,2,19,474,2011,24.68
7,2,19,474,2012,25.46
7,2,19,474,2013,25.04
7,2,19,474,2014,25.4
7,2,19,474,2015,25.8
7,2,19,474,2016,26.14
7,2,19,474,2017,25.48
7,2,20,474,1990,11.46
7,2,20,474,1991,11.89
7,2,20,474,1992,12.41
7,2,20,474,1993,13.03
7,2,20,474,1994,13.74
7,2,20,474,1995,14.42
7,2,20,474,1996,15.12
7,2,20,474,1997,15.77
7,2,20,474,1998,16.31
7,2,20,474,1999,16.82
7,2,20,474,2000,17.39
7,2,20,474,2001,17.85
7,2,20,474,2002,18.3
7,2,20,474,2003,18.87
7,2,20,474,2004,19.51
7,2,20,474,2005,20.33
7,2,20,474,2006,20.78
7,2,20,474,2007,21.64
7,2,20,474,2008,22.79
7,2,20,474,2009,23.68
7,2,20,474,2010,24.86
7,2,20,474,2011,26.73
7,2,20,474,2012,28.5
7,2,20,474,2013,30.8
7,2,20,474,2014,32.1
7,2,20,474,2015,33.13
7,2,20,474,2016,33.94
7,2,20,474,2017,34.82
7,2,22,474,1990,81.15
7,2,22,474,1991,83.66
7,2,22,474,1992,86.55
7,2,22,474,1993,89.61
7,2,22,474,1994,92.81
7,2,22,474,1995,95.99
7,2,22,474,1996,98.71
7,2,22,474,1997,101.33
7,2,22,474,1998,103.63
7,2,22,474,1999,105.66
7,2,22,474,2000,107.98
7,2,22,474,2001,110.15
7,2,22,474,2002,112.54
7,2,22,474,2003,115.34
7,2,22,474,2004,118.1
7,2,22,474,2005,121.16
7,2,22,474,2006,124.57
7,2,22,474,2007,128.08
7,2,22,474,2008,131.77
7,2,22,474,2009,135.31
7,2,22,474,2010,139.49
7,2,22,474,2011,143.95
7,2,22,474,2012,148.78
7,2,22,474,2013,153.88
7,2,22,474,2014,158.41
7,2,22,474,2015,163.12
7,2,22,474,2016,167.38
7,2,22,474,2017,170.69
7,2,30,474,1990,10.75
7,2,30,474,1991,10.89
7,2,30,474,1992,11.08
7,2,30,474,1993,11.29
7,2,30,474,1994,11.55
7,2,30,474,1995,11.85
7,2,30,474,1996,12.21
7,2,30,474,1997,12.61
7,2,30,474,1998,13.02
7,2,30,474,1999,13.5
7,2,30,474,2000,14.01
7,2,30,474,2001,14.57
7,2,30,474,2002,15.13
7,2,30,474,2003,15.69
7,2,30,474,2004,16.29
7,2,30,474,2005,16.97
7,2,30,474,2006,17.6
7,2,30,474,2007,18.23
7,2,30,474,2008,18.95
7,2,30,474,2009,19.79
7,2,30,474,2010,20.88
7,2,30,474,2011,21.61
7,2,30,474,2012,22.85
7,2,30,474,2013,24.46
7,2,30,474,2014,25.71
7,2,30,474,2015,27.2
7,2,30,474,2016,29.24
7,2,30,474,2017,30.92
7,2,31,474,1990,7.29
7,2,31,474,1991,7.51
7,2,31,474,1992,7.73
7,2,31,474,1993,7.95
7,2,31,474,1994,8.14
7,2,31,474,1995,8.29
7,2,31,474,1996,8.33
7,2,31,474,1997,8.36
7,2,31,474,1998,8.35
7,2,31,474,1999,8.39
7,2,31,474,2000,8.51
7,2,31,474,2001,8.71
7,2,31,474,2002,8.96
7,2,31,474,2003,9.29
7,2,31,474,2004,9.71
7,2,31,474,2005,10.15
7,2,31,474,2006,10.67
7,2,31,474,2007,11.19
7,2,31,474,2008,11.69
7,2,31,474,2009,12.23
7,2,31,474,2010,12.85
7,2,31,474,2011,13.47
7,2,31,474,2012,14.1
7,2,31,474,2013,14.82
7,2,31,474,2014,15.61
7,2,31,474,2015,16.59
7,2,31,474,2016,17.15
7,2,31,474,2017,18.04
7,2,32,474,1990,2.61
7,2,32,474,1991,2.72
7,2,32,474,1992,2.83
7,2,32,474,1993,2.94
7,2,32,474,1994,3.05
7,2,32,474,1995,3.13
7,2,32,474,1996,3.18
7,2,32,474,1997,3.22
7,2,32,474,1998,3.24
7,2,32,474,1999,3.26
7,2,32,474,2000,3.28
7,2,32,474,2001,3.27
7,2,32,474,2002,3.27
7,2,32,474,2003,3.3
7,2,32,474,2004,3.35
7,2,32,474,2005,3.44
7,2,32,474,2006,3.58
7,2,32,474,2007,3.73
7,2,32,474,2008,3.91
7,2,32,474,2009,4.13
7,2,32,474,2010,4.38
7,2,32,474,2011,4.67
7,2,32,474,2012,4.96
7,2,32,474,2013,5.26
7,2,32,474,2014,5.58
7,2,32,474,2015,5.93
7,2,32,474,2016,6.27
7,2,32,474,2017,6.56
7,2,235,474,1990,0.57
7,2,235,474,1991,0.59
7,2,235,474,1992,0.61
7,2,235,474,1993,0.63
7,2,235,474,1994,0.65
7,2,235,474,1995,0.67
7,2,235,474,1996,0.69
7,2,235,474,1997,0.71
7,2,235,474,1998,0.73
7,2,235,474,1999,0.74
7,2,235,474,2000,0.75
7,2,235,474,2001,0.76
7,2,235,474,2002,0.78
7,2,235,474,2003,0.79
7,2,235,474,2004,0.8
7,2,235,474,2005,0.82
7,2,235,474,2006,0.83
7,2,235,474,2007,0.84
7,2,235,474,2008,0.85
7,2,235,474,2009,0.87
7,2,235,474,2010,0.91
7,2,235,474,2011,0.96
7,2,235,474,2012,1.01
7,2,235,474,2013,1.08
7,2,235,474,2014,1.16
7,2,235,474,2015,1.24
7,2,235,474,2016,1.33
7,2,235,474,2017,1.41
8,2,8,474,1990,0.12
8,2,8,474,1991,0.12
8,2,8,474,1992,0.11
8,2,8,474,1993,0.12
8,2,8,474,1994,0.12
8,2,8,474,1995,0.13
8,2,8,474,1996,0.13
8,2,8,474,1997,0.12
8,2,8,474,1998,0.11
8,2,8,474,1999,0.1
8,2,8,474,2000,0.1
8,2,8,474,2001,0.1
8,2,8,474,2002,0.09
8,2,8,474,2003,0.08
8,2,8,474,2004,0.08
8,2,8,474,2005,0.08
8,2,8,474,2006,0.08
8,2,8,474,2007,0.08
8,2,8,474,2008,0.08
8,2,8,474,2009,0.07
8,2,8,474,2010,0.08
8,2,8,474,2011,0.08
8,2,8,474,2012,0.08
8,2,8,474,2013,0.08
8,2,8,474,2014,0.07
8,2,8,474,2015,0.07
8,2,8,474,2016,0.06
8,2,8,474,2017,0.06
8,2,9,474,1990,0.14
8,2,9,474,1991,0.13
8,2,9,474,1992,0.13
8,2,9,474,1993,0.14
8,2,9,474,1994,0.13
8,2,9,474,1995,0.13
8,2,9,474,1996,0.12
8,2,9,474,1997,0.12
8,2,9,474,1998,0.11
8,2,9,474,1999,0.11
8,2,9,474,2000,0.12
8,2,9,474,2001,0.12
8,2,9,474,2002,0.11
8,2,9,474,2003,0.11
8,2,9,474,2004,0.11
8,2,9,474,2005,0.11
8,2,9,474,2006,0.1
8,2,9,474,2007,0.09
8,2,9,474,2008,0.08
8,2,9,474,2009,0.07
8,2,9,474,2010,0.07
8,2,9,474,2011,0.07
8,2,9,474,2012,0.08
8,2,9,474,2013,0.07
8,2,9,474,2014,0.08
8,2,9,474,2015,0.08
8,2,9,474,2016,0.07
8,2,9,474,2017,0.07
8,2,10,474,1990,0.31
8,2,10,474,1991,0.3
8,2,10,474,1992,0.3
8,2,10,474,1993,0.3
8,2,10,474,1994,0.29
8,2,10,474,1995,0.29
8,2,10,474,1996,0.28
8,2,10,474,1997,0.27
8,2,10,474,1998,0.24
8,2,10,474,1999,0.23
8,2,10,474,2000,0.23
8,2,10,474,2001,0.22
8,2,10,474,2002,0.22
8,2,10,474,2003,0.23
8,2,10,474,2004,0.24
8,2,10,474,2005,0.26
8,2,10,474,2006,0.25
8,2,10,474,2007,0.24
8,2,10,474,2008,0.22
8,2,10,474,2009,0.2
8,2,10,474,2010,0.18
8,2,10,474,2011,0.17
8,2,10,474,2012,0.16
8,2,10,474,2013,0.14
8,2,10,474,2014,0.13
8,2,10,474,2015,0.13
8,2,10,474,2016,0.12
8,2,10,474,2017,0.12
8,2,11,474,1990,0.45
8,2,11,474,1991,0.44
8,2,11,474,1992,0.45
8,2,11,474,1993,0.47
8,2,11,474,1994,0.47
8,2,11,474,1995,0.48
8,2,11,474,1996,0.48
8,2,11,474,1997,0.45
8,2,11,474,1998,0.43
8,2,11,474,1999,0.41
8,2,11,474,2000,0.41
8,2,11,474,2001,0.4
8,2,11,474,2002,0.37
8,2,11,474,2003,0.38
8,2,11,474,2004,0.39
8,2,11,474,2005,0.4
8,2,11,474,2006,0.38
8,2,11,474,2007,0.37
8,2,11,474,2008,0.36
8,2,11,474,2009,0.35
8,2,11,474,2010,0.35
8,2,11,474,2011,0.36
8,2,11,474,2012,0.36
8,2,11,474,2013,0.34
8,2,11,474,2014,0.32
8,2,11,474,2015,0.3
8,2,11,474,2016,0.28
8,2,11,474,2017,0.28
8,2,12,474,1990,0.85
8,2,12,474,1991,0.83
8,2,12,474,1992,0.84
8,2,12,474,1993,0.89
8,2,12,474,1994,0.92
8,2,12,474,1995,0.95
8,2,12,474,1996,1
8,2,12,474,1997,1.01
8,2,12,474,1998,0.99
8,2,12,474,1999,0.94
8,2,12,474,2000,0.93
8,2,12,474,2001,0.93
8,2,12,474,2002,0.89
8,2,12,474,2003,0.88
8,2,12,474,2004,0.9
8,2,12,474,2005,0.9
8,2,12,474,2006,0.85
8,2,12,474,2007,0.84
8,2,12,474,2008,0.8
8,2,12,474,2009,0.77
8,2,12,474,2010,0.75
8,2,12,474,2011,0.8
8,2,12,474,2012,0.82
8,2,12,474,2013,0.79
8,2,12,474,2014,0.83
8,2,12,474,2015,0.81
8,2,12,474,2016,0.84
8,2,12,474,2017,0.88
8,2,13,474,1990,1.36
8,2,13,474,1991,1.49
8,2,13,474,1992,1.61
8,2,13,474,1993,1.78
8,2,13,474,1994,1.89
8,2,13,474,1995,2.03
8,2,13,474,1996,2.1
8,2,13,474,1997,2.06
8,2,13,474,1998,2.05
8,2,13,474,1999,2.07
8,2,13,474,2000,2.16
8,2,13,474,2001,2.12
8,2,13,474,2002,2.04
8,2,13,474,2003,2.12
8,2,13,474,2004,2.18
8,2,13,474,2005,2.15
8,2,13,474,2006,2.16
8,2,13,474,2007,2.15
8,2,13,474,2008,2.05
8,2,13,474,2009,2.04
8,2,13,474,2010,1.96
8,2,13,474,2011,1.94
8,2,13,474,2012,1.95
8,2,13,474,2013,1.85
8,2,13,474,2014,1.92
8,2,13,474,2015,1.84
8,2,13,474,2016,1.89
8,2,13,474,2017,1.94
8,2,14,474,1990,2.16
8,2,14,474,1991,1.98
8,2,14,474,1992,1.97
8,2,14,474,1993,2.08
8,2,14,474,1994,2.16
8,2,14,474,1995,2.38
8,2,14,474,1996,2.79
8,2,14,474,1997,2.93
8,2,14,474,1998,3.07
8,2,14,474,1999,3.29
8,2,14,474,2000,3.51
8,2,14,474,2001,3.45
8,2,14,474,2002,3.42
8,2,14,474,2003,3.68
8,2,14,474,2004,3.84
8,2,14,474,2005,3.89
8,2,14,474,2006,3.88
8,2,14,474,2007,4.14
8,2,14,474,2008,4.14
8,2,14,474,2009,4.1
8,2,14,474,2010,4.05
8,2,14,474,2011,4.04
8,2,14,474,2012,4.02
8,2,14,474,2013,3.87
8,2,14,474,2014,3.81
8,2,14,474,2015,3.61
8,2,14,474,2016,3.64
8,2,14,474,2017,3.64
8,2,15,474,1990,4.41
8,2,15,474,1991,4.38
8,2,15,474,1992,4.32
8,2,15,474,1993,4.48
8,2,15,474,1994,4.42
8,2,15,474,1995,4.27
8,2,15,474,1996,4.25
8,2,15,474,1997,4
8,2,15,474,1998,4.05
8,2,15,474,1999,4.25
8,2,15,474,2000,4.75
8,2,15,474,2001,5.49
8,2,15,474,2002,5.92
8,2,15,474,2003,6.51
8,2,15,474,2004,7.09
8,2,15,474,2005,7.64
8,2,15,474,2006,7.66
8,2,15,474,2007,7.81
8,2,15,474,2008,7.66
8,2,15,474,2009,7.7
8,2,15,474,2010,7.87
8,2,15,474,2011,8.01
8,2,15,474,2012,8.06
8,2,15,474,2013,8.02
8,2,15,474,2014,8.17
8,2,15,474,2015,7.8
8,2,15,474,2016,8.1
8,2,15,474,2017,8.02
8,2,16,474,1990,7.17
8,2,16,474,1991,6.98
8,2,16,474,1992,7.12
8,2,16,474,1993,7.47
8,2,16,474,1994,7.69
8,2,16,474,1995,7.93
8,2,16,474,1996,8.06
8,2,16,474,1997,7.65
8,2,16,474,1998,8.05
8,2,16,474,1999,8.14
8,2,16,474,2000,8.1
8,2,16,474,2001,8.02
8,2,16,474,2002,7.5
8,2,16,474,2003,7.63
8,2,16,474,2004,8.08
8,2,16,474,2005,9.1
8,2,16,474,2006,9.99
8,2,16,474,2007,10.67
8,2,16,474,2008,10.65
8,2,16,474,2009,10.86
8,2,16,474,2010,11.21
8,2,16,474,2011,11.53
8,2,16,474,2012,11.53
8,2,16,474,2013,11.84
8,2,16,474,2014,12.37
8,2,16,474,2015,11.88
8,2,16,474,2016,12.43
8,2,16,474,2017,12.94
8,2,17,474,1990,11.99
8,2,17,474,1991,12.1
8,2,17,474,1992,11.94
8,2,17,474,1993,12.56
8,2,17,474,1994,12.65
8,2,17,474,1995,13.32
8,2,17,474,1996,13.47
8,2,17,474,1997,12.76
8,2,17,474,1998,13.66
8,2,17,474,1999,13.95
8,2,17,474,2000,14.38
8,2,17,474,2001,14.6
8,2,17,474,2002,14.57
8,2,17,474,2003,15.01
8,2,17,474,2004,14.94
8,2,17,474,2005,14.61
8,2,17,474,2006,13.78
8,2,17,474,2007,13.7
8,2,17,474,2008,13.57
8,2,17,474,2009,13.89
8,2,17,474,2010,14.59
8,2,17,474,2011,16.49
8,2,17,474,2012,17.83
8,2,17,474,2013,18.37
8,2,17,474,2014,19.02
8,2,17,474,2015,19.21
8,2,17,474,2016,19.84
8,2,17,474,2017,20.47
8,2,18,474,1990,16.39
8,2,18,474,1991,16.97
8,2,18,474,1992,16.68
8,2,18,474,1993,18.35
8,2,18,474,1994,19.2
8,2,18,474,1995,20.44
8,2,18,474,1996,21.17
8,2,18,474,1997,20.68
8,2,18,474,1998,22.72
8,2,18,474,1999,22.62
8,2,18,474,2000,23.2
8,2,18,474,2001,23.2
8,2,18,474,2002,23.24
8,2,18,474,2003,23.77
8,2,18,474,2004,23.97
8,2,18,474,2005,24.29
8,2,18,474,2006,24.14
8,2,18,474,2007,24.65
8,2,18,474,2008,24.4
8,2,18,474,2009,24.39
8,2,18,474,2010,22.97
8,2,18,474,2011,22.63
8,2,18,474,2012,22.7
8,2,18,474,2013,22.26
8,2,18,474,2014,23.31
8,2,18,474,2015,23.78
8,2,18,474,2016,27.79
8,2,18,474,2017,30.77
8,2,19,474,1990,23.37
8,2,19,474,1991,24.54
8,2,19,474,1992,23.86
8,2,19,474,1993,25.86
8,2,19,474,1994,26.77
8,2,19,474,1995,27.9
8,2,19,474,1996,28
8,2,19,474,1997,26.26
8,2,19,474,1998,29.41
8,2,19,474,1999,30.95
8,2,19,474,2000,32.77
8,2,19,474,2001,33.95
8,2,19,474,2002,34.19
8,2,19,474,2003,35.52
8,2,19,474,2004,35.79
8,2,19,474,2005,36.63
8,2,19,474,2006,35.69
8,2,19,474,2007,36.64
8,2,19,474,2008,36.47
8,2,19,474,2009,36.97
8,2,19,474,2010,37.24
8,2,19,474,2011,38.3
8,2,19,474,2012,38.37
8,2,19,474,2013,37.02
8,2,19,474,2014,37.46
8,2,19,474,2015,33.82
8,2,19,474,2016,33.23
8,2,19,474,2017,34.53
8,2,20,474,1990,23.55
8,2,20,474,1991,23.93
8,2,20,474,1992,24.5
8,2,20,474,1993,26.84
8,2,20,474,1994,27.84
8,2,20,474,1995,29.89
8,2,20,474,1996,32.01
8,2,20,474,1997,31.04
8,2,20,474,1998,33.97
8,2,20,474,1999,35.27
8,2,20,474,2000,37.82
8,2,20,474,2001,38.95
8,2,20,474,2002,39.03
8,2,20,474,2003,41.85
8,2,20,474,2004,43.56
8,2,20,474,2005,46.12
8,2,20,474,2006,46.95
8,2,20,474,2007,48.57
8,2,20,474,2008,49.04
8,2,20,474,2009,50.25
8,2,20,474,2010,51.35
8,2,20,474,2011,54.01
8,2,20,474,2012,55.66
8,2,20,474,2013,55.68
8,2,20,474,2014,59.14
8,2,20,474,2015,59.09
8,2,20,474,2016,61.42
8,2,20,474,2017,63.12
8,2,22,474,1990,121.26
8,2,22,474,1991,125.31
8,2,22,474,1992,127.71
8,2,22,474,1993,139.63
8,2,22,474,1994,146.53
8,2,22,474,1995,156.44
8,2,22,474,1996,163.12
8,2,22,474,1997,159.01
8,2,22,474,1998,174.09
8,2,22,474,1999,181.74
8,2,22,474,2000,191.62
8,2,22,474,2001,200.55
8,2,22,474,2002,204.66
8,2,22,474,2003,217.59
8,2,22,474,2004,227.97
8,2,22,474,2005,238.22
8,2,22,474,2006,240.65
8,2,22,474,2007,251.79
8,2,22,474,2008,258.13
8,2,22,474,2009,267.62
8,2,22,474,2010,274.15
8,2,22,474,2011,288.5
8,2,22,474,2012,300.78
8,2,22,474,2013,304.51
8,2,22,474,2014,320.99
8,2,22,474,2015,323.07
8,2,22,474,2016,339.89
8,2,22,474,2017,356.04
8,2,30,474,1990,17.25
8,2,30,474,1991,18.5
8,2,30,474,1992,20.46
8,2,30,474,1993,23.53
8,2,30,474,1994,25.85
8,2,30,474,1995,28.1
8,2,30,474,1996,29.67
8,2,30,474,1997,28.79
8,2,30,474,1998,31.63
8,2,30,474,1999,33.21
8,2,30,474,2000,35.05
8,2,30,474,2001,38.69
8,2,30,474,2002,40.76
8,2,30,474,2003,44.18
8,2,30,474,2004,47.68
8,2,30,474,2005,49.69
8,2,30,474,2006,50.28
8,2,30,474,2007,52.47
8,2,30,474,2008,54.82
8,2,30,474,2009,57.2
8,2,30,474,2010,59.09
8,2,30,474,2011,61.2
8,2,30,474,2012,62.98
8,2,30,474,2013,62.96
8,2,30,474,2014,66.18
8,2,30,474,2015,66.9
8,2,30,474,2016,69.82
8,2,30,474,2017,74.06
8,2,31,474,1990,8.74
8,2,31,474,1991,9.34
8,2,31,474,1992,9.83
8,2,31,474,1993,10.87
8,2,31,474,1994,11.85
8,2,31,474,1995,13.23
8,2,31,474,1996,14
8,2,31,474,1997,14.68
8,2,31,474,1998,16.48
8,2,31,474,1999,18.22
8,2,31,474,2000,19.2
8,2,31,474,2001,20.56
8,2,31,474,2002,21.95
8,2,31,474,2003,23.6
8,2,31,474,2004,24.97
8,2,31,474,2005,26.7
8,2,31,474,2006,28.4
8,2,31,474,2007,31.4
8,2,31,474,2008,34.23
8,2,31,474,2009,37.72
8,2,31,474,2010,40.06
8,2,31,474,2011,43.46
8,2,31,474,2012,46.45
8,2,31,474,2013,48.88
8,2,31,474,2014,52.85
8,2,31,474,2015,55.82
8,2,31,474,2016,59.22
8,2,31,474,2017,61.64
8,2,32,474,1990,2.4
8,2,32,474,1991,2.63
8,2,32,474,1992,2.86
8,2,32,474,1993,3.09
8,2,32,474,1994,3.39
8,2,32,474,1995,3.98
8,2,32,474,1996,4.47
8,2,32,474,1997,4.91
8,2,32,474,1998,5.69
8,2,32,474,1999,6.38
8,2,32,474,2000,7.07
8,2,32,474,2001,7.76
8,2,32,474,2002,8.3
8,2,32,474,2003,9.59
8,2,32,474,2004,11.22
8,2,32,474,2005,12.32
8,2,32,474,2006,12.47
8,2,32,474,2007,13.9
8,2,32,474,2008,15.25
8,2,32,474,2009,16.39
8,2,32,474,2010,17.46
8,2,32,474,2011,19.81
8,2,32,474,2012,22.71
8,2,32,474,2013,24.43
8,2,32,474,2014,26.53
8,2,32,474,2015,28.17
8,2,32,474,2016,30.25
8,2,32,474,2017,31.98
8,2,235,474,1990,0.6
8,2,235,474,1991,0.65
8,2,235,474,1992,0.71
8,2,235,474,1993,0.81
8,2,235,474,1994,0.89
8,2,235,474,1995,1.01
8,2,235,474,1996,1.13
8,2,235,474,1997,1.3
8,2,235,474,1998,1.44
8,2,235,474,1999,1.61
8,2,235,474,2000,1.81
8,2,235,474,2001,2.01
8,2,235,474,2002,2.06
8,2,235,474,2003,2.46
8,2,235,474,2004,2.93
8,2,235,474,2005,3.34
8,2,235,474,2006,3.59
8,2,235,474,2007,4.06
8,2,235,474,2008,4.29
8,2,235,474,2009,4.64
8,2,235,474,2010,4.85
8,2,235,474,2011,5.61
8,2,235,474,2012,7.03
8,2,235,474,2013,7.91
8,2,235,474,2014,8.77
8,2,235,474,2015,9.77
8,2,235,474,2016,10.86
8,2,235,474,2017,11.52
10,2,8,474,1990,0.07
10,2,8,474,1991,0.07
10,2,8,474,1992,0.07
10,2,8,474,1993,0.07
10,2,8,474,1994,0.07
10,2,8,474,1995,0.08
10,2,8,474,1996,0.08
10,2,8,474,1997,0.08
10,2,8,474,1998,0.08
10,2,8,474,1999,0.08
10,2,8,474,2000,0.08
10,2,8,474,2001,0.08
10,2,8,474,2002,0.08
10,2,8,474,2003,0.08
10,2,8,474,2004,0.08
10,2,8,474,2005,0.08
10,2,8,474,2006,0.08
10,2,8,474,2007,0.08
10,2,8,474,2008,0.08
10,2,8,474,2009,0.07
10,2,8,474,2010,0.07
10,2,8,474,2011,0.07
10,2,8,474,2012,0.07
10,2,8,474,2013,0.07
10,2,8,474,2014,0.07
10,2,8,474,2015,0.07
10,2,8,474,2016,0.07
10,2,8,474,2017,0.07
10,2,9,474,1990,0.14
10,2,9,474,1991,0.14
10,2,9,474,1992,0.14
10,2,9,474,1993,0.14
10,2,9,474,1994,0.14
10,2,9,474,1995,0.13
10,2,9,474,1996,0.13
10,2,9,474,1997,0.13
10,2,9,474,1998,0.13
10,2,9,474,1999,0.13
10,2,9,474,2000,0.13
10,2,9,474,2001,0.13
10,2,9,474,2002,0.13
10,2,9,474,2003,0.13
10,2,9,474,2004,0.14
10,2,9,474,2005,0.14
10,2,9,474,2006,0.14
10,2,9,474,2007,0.14
10,2,9,474,2008,0.13
10,2,9,474,2009,0.13
10,2,9,474,2010,0.13
10,2,9,474,2011,0.13
10,2,9,474,2012,0.13
10,2,9,474,2013,0.13
10,2,9,474,2014,0.13
10,2,9,474,2015,0.12
10,2,9,474,2016,0.12
10,2,9,474,2017,0.12
10,2,10,474,1990,0.15
10,2,10,474,1991,0.15
10,2,10,474,1992,0.15
10,2,10,474,1993,0.15
10,2,10,474,1994,0.15
10,2,10,474,1995,0.15
10,2,10,474,1996,0.14
10,2,10,474,1997,0.14
10,2,10,474,1998,0.14
10,2,10,474,1999,0.13
10,2,10,474,2000,0.13
10,2,10,474,2001,0.13
10,2,10,474,2002,0.13
10,2,10,474,2003,0.13
10,2,10,474,2004,0.13
10,2,10,474,2005,0.13
10,2,10,474,2006,0.14
10,2,10,474,2007,0.14
10,2,10,474,2008,0.14
10,2,10,474,2009,0.15
10,2,10,474,2010,0.15
10,2,10,474,2011,0.15
10,2,10,474,2012,0.15
10,2,10,474,2013,0.15
10,2,10,474,2014,0.15
10,2,10,474,2015,0.16
10,2,10,474,2016,0.16
10,2,10,474,2017,0.16
10,2,11,474,1990,0.26
10,2,11,474,1991,0.26
10,2,11,474,1992,0.27
10,2,11,474,1993,0.28
10,2,11,474,1994,0.28
10,2,11,474,1995,0.28
10,2,11,474,1996,0.28
10,2,11,474,1997,0.28
10,2,11,474,1998,0.28
10,2,11,474,1999,0.28
10,2,11,474,2000,0.27
10,2,11,474,2001,0.26
10,2,11,474,2002,0.26
10,2,11,474,2003,0.25
10,2,11,474,2004,0.24
10,2,11,474,2005,0.24
10,2,11,474,2006,0.24
10,2,11,474,2007,0.24
10,2,11,474,2008,0.24
10,2,11,474,2009,0.25
10,2,11,474,2010,0.26
10,2,11,474,2011,0.27
10,2,11,474,2012,0.27
10,2,11,474,2013,0.28
10,2,11,474,2014,0.29
10,2,11,474,2015,0.3
10,2,11,474,2016,0.31
10,2,11,474,2017,0.31
10,2,12,474,1990,0.45
10,2,12,474,1991,0.46
10,2,12,474,1992,0.47
10,2,12,474,1993,0.49
10,2,12,474,1994,0.5
10,2,12,474,1995,0.5
10,2,12,474,1996,0.51
10,2,12,474,1997,0.52
10,2,12,474,1998,0.52
10,2,12,474,1999,0.52
10,2,12,474,2000,0.53
10,2,12,474,2001,0.53
10,2,12,474,2002,0.53
10,2,12,474,2003,0.53
10,2,12,474,2004,0.52
10,2,12,474,2005,0.52
10,2,12,474,2006,0.51
10,2,12,474,2007,0.51
10,2,12,474,2008,0.5
10,2,12,474,2009,0.49
10,2,12,474,2010,0.49
10,2,12,474,2011,0.49
10,2,12,474,2012,0.5
10,2,12,474,2013,0.5
10,2,12,474,2014,0.52
10,2,12,474,2015,0.54
10,2,12,474,2016,0.56
10,2,12,474,2017,0.58
10,2,13,474,1990,1.1
10,2,13,474,1991,1.14
10,2,13,474,1992,1.19
10,2,13,474,1993,1.21
10,2,13,474,1994,1.24
10,2,13,474,1995,1.27
10,2,13,474,1996,1.29
10,2,13,474,1997,1.3
10,2,13,474,1998,1.33
10,2,13,474,1999,1.35
10,2,13,474,2000,1.37
10,2,13,474,2001,1.4
10,2,13,474,2002,1.41
10,2,13,474,2003,1.42
10,2,13,474,2004,1.44
10,2,13,474,2005,1.45
10,2,13,474,2006,1.46
10,2,13,474,2007,1.47
10,2,13,474,2008,1.47
10,2,13,474,2009,1.47
10,2,13,474,2010,1.47
10,2,13,474,2011,1.45
10,2,13,474,2012,1.43
10,2,13,474,2013,1.41
10,2,13,474,2014,1.39
10,2,13,474,2015,1.38
10,2,13,474,2016,1.39
10,2,13,474,2017,1.4
10,2,14,474,1990,1.32
10,2,14,474,1991,1.33
10,2,14,474,1992,1.36
10,2,14,474,1993,1.46
10,2,14,474,1994,1.51
10,2,14,474,1995,1.55
10,2,14,474,1996,1.61
10,2,14,474,1997,1.65
10,2,14,474,1998,1.65
10,2,14,474,1999,1.69
10,2,14,474,2000,1.74
10,2,14,474,2001,1.78
10,2,14,474,2002,1.82
10,2,14,474,2003,1.85
10,2,14,474,2004,1.89
10,2,14,474,2005,1.92
10,2,14,474,2006,1.96
10,2,14,474,2007,1.99
10,2,14,474,2008,2.02
10,2,14,474,2009,2.07
10,2,14,474,2010,2.12
10,2,14,474,2011,2.16
10,2,14,474,2012,2.18
10,2,14,474,2013,2.2
10,2,14,474,2014,2.2
10,2,14,474,2015,2.19
10,2,14,474,2016,2.18
10,2,14,474,2017,2.15
10,2,15,474,1990,2.39
10,2,15,474,1991,2.4
10,2,15,474,1992,2.43
10,2,15,474,1993,2.43
10,2,15,474,1994,2.44
10,2,15,474,1995,2.44
10,2,15,474,1996,2.45
10,2,15,474,1997,2.46
10,2,15,474,1998,2.6
10,2,15,474,1999,2.69
10,2,15,474,2000,2.78
10,2,15,474,2001,2.9
10,2,15,474,2002,3.01
10,2,15,474,2003,3.03
10,2,15,474,2004,3.12
10,2,15,474,2005,3.22
10,2,15,474,2006,3.3
10,2,15,474,2007,3.39
10,2,15,474,2008,3.49
10,2,15,474,2009,3.58
10,2,15,474,2010,3.69
10,2,15,474,2011,3.78
10,2,15,474,2012,3.85
10,2,15,474,2013,3.91
10,2,15,474,2014,3.98
10,2,15,474,2015,4.04
10,2,15,474,2016,4.09
10,2,15,474,2017,4.12
10,2,16,474,1990,3.14
10,2,16,474,1991,3.15
10,2,16,474,1992,3.16
10,2,16,474,1993,3.21
10,2,16,474,1994,3.25
10,2,16,474,1995,3.27
10,2,16,474,1996,3.28
10,2,16,474,1997,3.28
10,2,16,474,1998,3.25
10,2,16,474,1999,3.24
10,2,16,474,2000,3.25
10,2,16,474,2001,3.28
10,2,16,474,2002,3.33
10,2,16,474,2003,3.55
10,2,16,474,2004,3.68
10,2,16,474,2005,3.8
10,2,16,474,2006,3.98
10,2,16,474,2007,4.16
10,2,16,474,2008,4.23
10,2,16,474,2009,4.4
10,2,16,474,2010,4.62
10,2,16,474,2011,4.77
10,2,16,474,2012,4.93
10,2,16,474,2013,5.1
10,2,16,474,2014,5.27
10,2,16,474,2015,5.43
10,2,16,474,2016,5.58
10,2,16,474,2017,5.71
10,2,17,474,1990,3.82
10,2,17,474,1991,3.89
10,2,17,474,1992,3.95
10,2,17,474,1993,4
10,2,17,474,1994,4.03
10,2,17,474,1995,4.03
10,2,17,474,1996,4.03
10,2,17,474,1997,4
10,2,17,474,1998,4.01
10,2,17,474,1999,4.02
10,2,17,474,2000,4.05
10,2,17,474,2001,4.08
10,2,17,474,2002,4.11
10,2,17,474,2003,4.11
10,2,17,474,2004,4.14
10,2,17,474,2005,4.17
10,2,17,474,2006,4.23
10,2,17,474,2007,4.33
10,2,17,474,2008,4.65
10,2,17,474,2009,4.85
10,2,17,474,2010,5.08
10,2,17,474,2011,5.34
10,2,17,474,2012,5.59
10,2,17,474,2013,5.68
10,2,17,474,2014,5.91
10,2,17,474,2015,6.16
10,2,17,474,2016,6.37
10,2,17,474,2017,6.57
10,2,18,474,1990,4.89
10,2,18,474,1991,4.97
10,2,18,474,1992,5.08
10,2,18,474,1993,5.22
10,2,18,474,1994,5.35
10,2,18,474,1995,5.45
10,2,18,474,1996,5.53
10,2,18,474,1997,5.59
10,2,18,474,1998,5.61
10,2,18,474,1999,5.64
10,2,18,474,2000,5.67
10,2,18,474,2001,5.68
10,2,18,474,2002,5.68
10,2,18,474,2003,5.73
10,2,18,474,2004,5.8
10,2,18,474,2005,5.86
10,2,18,474,2006,5.96
10,2,18,474,2007,6.09
10,2,18,474,2008,6.15
10,2,18,474,2009,6.26
10,2,18,474,2010,6.43
10,2,18,474,2011,6.62
10,2,18,474,2012,6.85
10,2,18,474,2013,7.44
10,2,18,474,2014,7.82
10,2,18,474,2015,8.19
10,2,18,474,2016,8.68
10,2,18,474,2017,9.12
10,2,19,474,1990,4.94
10,2,19,474,1991,4.99
10,2,19,474,1992,5.06
10,2,19,474,1993,5.15
10,2,19,474,1994,5.26
10,2,19,474,1995,5.35
10,2,19,474,1996,5.46
10,2,19,474,1997,5.55
10,2,19,474,1998,5.66
10,2,19,474,1999,5.79
10,2,19,474,2000,5.94
10,2,19,474,2001,6.09
10,2,19,474,2002,6.22
10,2,19,474,2003,6.32
10,2,19,474,2004,6.44
10,2,19,474,2005,6.53
10,2,19,474,2006,6.65
10,2,19,474,2007,6.79
10,2,19,474,2008,6.99
10,2,19,474,2009,7.23
10,2,19,474,2010,7.51
10,2,19,474,2011,7.77
10,2,19,474,2012,8.02
10,2,19,474,2013,8.17
10,2,19,474,2014,8.34
10,2,19,474,2015,8.55
10,2,19,474,2016,8.8
10,2,19,474,2017,9.1
10,2,20,474,1990,5.08
10,2,20,474,1991,5.2
10,2,20,474,1992,5.32
10,2,20,474,1993,5.45
10,2,20,474,1994,5.56
10,2,20,474,1995,5.65
10,2,20,474,1996,5.74
10,2,20,474,1997,5.82
10,2,20,474,1998,5.92
10,2,20,474,1999,6.08
10,2,20,474,2000,6.26
10,2,20,474,2001,6.45
10,2,20,474,2002,6.66
10,2,20,474,2003,6.92
10,2,20,474,2004,7.22
10,2,20,474,2005,7.55
10,2,20,474,2006,7.89
10,2,20,474,2007,8.28
10,2,20,474,2008,8.64
10,2,20,474,2009,9
10,2,20,474,2010,9.36
10,2,20,474,2011,9.68
10,2,20,474,2012,9.99
10,2,20,474,2013,10.38
10,2,20,474,2014,10.79
10,2,20,474,2015,11.23
10,2,20,474,2016,11.71
10,2,20,474,2017,12.17
10,2,22,474,1990,32.47
10,2,22,474,1991,33.08
10,2,22,474,1992,33.75
10,2,22,474,1993,34.6
10,2,22,474,1994,35.35
10,2,22,474,1995,35.93
10,2,22,474,1996,36.5
10,2,22,474,1997,36.98
10,2,22,474,1998,37.55
10,2,22,474,1999,38.23
10,2,22,474,2000,39.05
10,2,22,474,2001,39.88
10,2,22,474,2002,40.78
10,2,22,474,2003,41.78
10,2,22,474,2004,42.95
10,2,22,474,2005,44.16
10,2,22,474,2006,45.6
10,2,22,474,2007,47.28
10,2,22,474,2008,49.1
10,2,22,474,2009,51.1
10,2,22,474,2010,53.32
10,2,22,474,2011,55.44
10,2,22,474,2012,57.53
10,2,22,474,2013,59.81
10,2,22,474,2014,62.09
10,2,22,474,2015,64.48
10,2,22,474,2016,67.03
10,2,22,474,2017,69.51
10,2,30,474,1990,3.04
10,2,30,474,1991,3.16
10,2,30,474,1992,3.28
10,2,30,474,1993,3.4
10,2,30,474,1994,3.52
10,2,30,474,1995,3.63
10,2,30,474,1996,3.73
10,2,30,474,1997,3.82
10,2,30,474,1998,3.91
10,2,30,474,1999,4.01
10,2,30,474,2000,4.12
10,2,30,474,2001,4.24
10,2,30,474,2002,4.38
10,2,30,474,2003,4.55
10,2,30,474,2004,4.77
10,2,30,474,2005,5.01
10,2,30,474,2006,5.3
10,2,30,474,2007,5.65
10,2,30,474,2008,6.06
10,2,30,474,2009,6.5
10,2,30,474,2010,6.97
10,2,30,474,2011,7.43
10,2,30,474,2012,7.86
10,2,30,474,2013,8.26
10,2,30,474,2014,8.66
10,2,30,474,2015,9.05
10,2,30,474,2016,9.44
10,2,30,474,2017,9.82
10,2,31,474,1990,1.35
10,2,31,474,1991,1.4
10,2,31,474,1992,1.46
10,2,31,474,1993,1.54
10,2,31,474,1994,1.62
10,2,31,474,1995,1.7
10,2,31,474,1996,1.78
10,2,31,474,1997,1.86
10,2,31,474,1998,1.93
10,2,31,474,1999,2.03
10,2,31,474,2000,2.13
10,2,31,474,2001,2.23
10,2,31,474,2002,2.33
10,2,31,474,2003,2.45
10,2,31,474,2004,2.57
10,2,31,474,2005,2.7
10,2,31,474,2006,2.85
10,2,31,474,2007,3.04
10,2,31,474,2008,3.26
10,2,31,474,2009,3.51
10,2,31,474,2010,3.78
10,2,31,474,2011,4.05
10,2,31,474,2012,4.34
10,2,31,474,2013,4.67
10,2,31,474,2014,5.01
10,2,31,474,2015,5.38
10,2,31,474,2016,5.75
10,2,31,474,2017,6.12
10,2,32,474,1990,0.29
10,2,32,474,1991,0.31
10,2,32,474,1992,0.33
10,2,32,474,1993,0.35
10,2,32,474,1994,0.37
10,2,32,474,1995,0.39
10,2,32,474,1996,0.4
10,2,32,474,1997,0.42
10,2,32,474,1998,0.45
10,2,32,474,1999,0.48
10,2,32,474,2000,0.52
10,2,32,474,2001,0.55
10,2,32,474,2002,0.59
10,2,32,474,2003,0.63
10,2,32,474,2004,0.68
10,2,32,474,2005,0.72
10,2,32,474,2006,0.77
10,2,32,474,2007,0.83
10,2,32,474,2008,0.89
10,2,32,474,2009,0.95
10,2,32,474,2010,1.01
10,2,32,474,2011,1.08
10,2,32,474,2012,1.15
10,2,32,474,2013,1.23
10,2,32,474,2014,1.32
10,2,32,474,2015,1.43
10,2,32,474,2016,1.54
10,2,32,474,2017,1.67
10,2,235,474,1990,0.04
10,2,235,474,1991,0.05
10,2,235,474,1992,0.05
10,2,235,474,1993,0.05
10,2,235,474,1994,0.06
10,2,235,474,1995,0.06
10,2,235,474,1996,0.07
10,2,235,474,1997,0.07
10,2,235,474,1998,0.07
10,2,235,474,1999,0.08
10,2,235,474,2000,0.08
10,2,235,474,2001,0.09
10,2,235,474,2002,0.1
10,2,235,474,2003,0.1
10,2,235,474,2004,0.11
10,2,235,474,2005,0.12
10,2,235,474,2006,0.13
10,2,235,474,2007,0.14
10,2,235,474,2008,0.16
10,2,235,474,2009,0.17
10,2,235,474,2010,0.18
10,2,235,474,2011,0.2
10,2,235,474,2012,0.21
10,2,235,474,2013,0.23
10,2,235,474,2014,0.24
10,2,235,474,2015,0.26
10,2,235,474,2016,0.28
10,2,235,474,2017,0.3
11,2,8,474,1990,1.26
11,2,8,474,1991,1.27
11,2,8,474,1992,1.29
11,2,8,474,1993,1.3
11,2,8,474,1994,1.3
11,2,8,474,1995,1.29
11,2,8,474,1996,1.26
11,2,8,474,1997,1.24
11,2,8,474,1998,1.22
11,2,8,474,1999,1.19
11,2,8,474,2000,1.16
11,2,8,474,2001,1.14
11,2,8,474,2002,1.12
11,2,8,474,2003,1.1
11,2,8,474,2004,1.1
11,2,8,474,2005,1.09
11,2,8,474,2006,1.09
11,2,8,474,2007,1.1
11,2,8,474,2008,1.1
11,2,8,474,2009,1.11
11,2,8,474,2010,1.12
11,2,8,474,2011,1.14
11,2,8,474,2012,1.14
11,2,8,474,2013,1.15
11,2,8,474,2014,1.18
11,2,8,474,2015,1.19
11,2,8,474,2016,1.23
11,2,8,474,2017,1.26
11,2,9,474,1990,2.5
11,2,9,474,1991,2.52
11,2,9,474,1992,2.53
11,2,9,474,1993,2.55
11,2,9,474,1994,2.53
11,2,9,474,1995,2.48
11,2,9,474,1996,2.42
11,2,9,474,1997,2.37
11,2,9,474,1998,2.34
11,2,9,474,1999,2.29
11,2,9,474,2000,2.21
11,2,9,474,2001,2.16
11,2,9,474,2002,2.1
11,2,9,474,2003,2.04
11,2,9,474,2004,1.99
11,2,9,474,2005,1.94
11,2,9,474,2006,1.91
11,2,9,474,2007,1.87
11,2,9,474,2008,1.85
11,2,9,474,2009,1.84
11,2,9,474,2010,1.83
11,2,9,474,2011,1.84
11,2,9,474,2012,1.82
11,2,9,474,2013,1.82
11,2,9,474,2014,1.83
11,2,9,474,2015,1.83
11,2,9,474,2016,1.84
11,2,9,474,2017,1.84
11,2,10,474,1990,2.77
11,2,10,474,1991,2.8
11,2,10,474,1992,2.83
11,2,10,474,1993,2.85
11,2,10,474,1994,2.83
11,2,10,474,1995,2.8
11,2,10,474,1996,2.77
11,2,10,474,1997,2.76
11,2,10,474,1998,2.75
11,2,10,474,1999,2.73
11,2,10,474,2000,2.66
11,2,10,474,2001,2.62
11,2,10,474,2002,2.58
11,2,10,474,2003,2.53
11,2,10,474,2004,2.49
11,2,10,474,2005,2.44
11,2,10,474,2006,2.42
11,2,10,474,2007,2.39
11,2,10,474,2008,2.38
11,2,10,474,2009,2.36
11,2,10,474,2010,2.34
11,2,10,474,2011,2.33
11,2,10,474,2012,2.3
11,2,10,474,2013,2.28
11,2,10,474,2014,2.27
11,2,10,474,2015,2.25
11,2,10,474,2016,2.24
11,2,10,474,2017,2.22
11,2,11,474,1990,4.77
11,2,11,474,1991,4.9
11,2,11,474,1992,5.02
11,2,11,474,1993,5.14
11,2,11,474,1994,5.19
11,2,11,474,1995,5.22
11,2,11,474,1996,5.24
11,2,11,474,1997,5.27
11,2,11,474,1998,5.29
11,2,11,474,1999,5.31
11,2,11,474,2000,5.29
11,2,11,474,2001,5.31
11,2,11,474,2002,5.32
11,2,11,474,2003,5.31
11,2,11,474,2004,5.3
11,2,11,474,2005,5.26
11,2,11,474,2006,5.26
11,2,11,474,2007,5.26
11,2,11,474,2008,5.29
11,2,11,474,2009,5.31
11,2,11,474,2010,5.3
11,2,11,474,2011,5.31
11,2,11,474,2012,5.24
11,2,11,474,2013,5.22
11,2,11,474,2014,5.18
11,2,11,474,2015,5.11
11,2,11,474,2016,5.04
11,2,11,474,2017,4.94
11,2,12,474,1990,7.88
11,2,12,474,1991,8.15
11,2,12,474,1992,8.44
11,2,12,474,1993,8.75
11,2,12,474,1994,8.97
11,2,12,474,1995,9.15
11,2,12,474,1996,9.31
11,2,12,474,1997,9.47
11,2,12,474,1998,9.63
11,2,12,474,1999,9.79
11,2,12,474,2000,9.92
11,2,12,474,2001,10.07
11,2,12,474,2002,10.17
11,2,12,474,2003,10.24
11,2,12,474,2004,10.28
11,2,12,474,2005,10.26
11,2,12,474,2006,10.28
11,2,12,474,2007,10.34
11,2,12,474,2008,10.39
11,2,12,474,2009,10.42
11,2,12,474,2010,10.4
11,2,12,474,2011,10.41
11,2,12,474,2012,10.3
11,2,12,474,2013,10.29
11,2,12,474,2014,10.25
11,2,12,474,2015,10.18
11,2,12,474,2016,10.13
11,2,12,474,2017,10.04
11,2,13,474,1990,18.35
11,2,13,474,1991,18.63
11,2,13,474,1992,19.23
11,2,13,474,1993,20.08
11,2,13,474,1994,20.79
11,2,13,474,1995,21.29
11,2,13,474,1996,21.97
11,2,13,474,1997,22.64
11,2,13,474,1998,23.32
11,2,13,474,1999,24.19
11,2,13,474,2000,25.11
11,2,13,474,2001,25.83
11,2,13,474,2002,26.41
11,2,13,474,2003,26.96
11,2,13,474,2004,27.41
11,2,13,474,2005,27.61
11,2,13,474,2006,27.86
11,2,13,474,2007,28.21
11,2,13,474,2008,28.47
11,2,13,474,2009,28.66
11,2,13,474,2010,28.73
11,2,13,474,2011,28.79
11,2,13,474,2012,28.55
11,2,13,474,2013,28.52
11,2,13,474,2014,28.48
11,2,13,474,2015,28.35
11,2,13,474,2016,28.37
11,2,13,474,2017,28.37
11,2,14,474,1990,23.46
11,2,14,474,1991,23.56
11,2,14,474,1992,23.66
11,2,14,474,1993,23.85
11,2,14,474,1994,23.97
11,2,14,474,1995,24.55
11,2,14,474,1996,24.95
11,2,14,474,1997,25.57
11,2,14,474,1998,26.34
11,2,14,474,1999,27.42
11,2,14,474,2000,28.41
11,2,14,474,2001,29.44
11,2,14,474,2002,30.42
11,2,14,474,2003,31.44
11,2,14,474,2004,32.36
11,2,14,474,2005,32.98
11,2,14,474,2006,33.57
11,2,14,474,2007,34.29
11,2,14,474,2008,34.9
11,2,14,474,2009,35.47
11,2,14,474,2010,35.87
11,2,14,474,2011,36.22
11,2,14,474,2012,36.14
11,2,14,474,2013,36.24
11,2,14,474,2014,36.35
11,2,14,474,2015,36.41
11,2,14,474,2016,36.66
11,2,14,474,2017,36.96
11,2,15,474,1990,40.41
11,2,15,474,1991,40.81
11,2,15,474,1992,41.07
11,2,15,474,1993,41.43
11,2,15,474,1994,41.49
11,2,15,474,1995,41.69
11,2,15,474,1996,41.93
11,2,15,474,1997,41.91
11,2,15,474,1998,41.81
11,2,15,474,1999,42.29
11,2,15,474,2000,43.63
11,2,15,474,2001,44.09
11,2,15,474,2002,45.05
11,2,15,474,2003,46.44
11,2,15,474,2004,47.82
11,2,15,474,2005,48.59
11,2,15,474,2006,49.76
11,2,15,474,2007,51.21
11,2,15,474,2008,52.6
11,2,15,474,2009,53.96
11,2,15,474,2010,55.02
11,2,15,474,2011,55.91
11,2,15,474,2012,56.38
11,2,15,474,2013,57.1
11,2,15,474,2014,57.8
11,2,15,474,2015,58.46
11,2,15,474,2016,59.38
11,2,15,474,2017,60.23
11,2,16,474,1990,53.86
11,2,16,474,1991,55.41
11,2,16,474,1992,56.09
11,2,16,474,1993,57.05
11,2,16,474,1994,57.63
11,2,16,474,1995,58.12
11,2,16,474,1996,58.81
11,2,16,474,1997,59
11,2,16,474,1998,58.99
11,2,16,474,1999,59.5
11,2,16,474,2000,60.28
11,2,16,474,2001,60.37
11,2,16,474,2002,60.35
11,2,16,474,2003,60.41
11,2,16,474,2004,60.72
11,2,16,474,2005,61.79
11,2,16,474,2006,62.2
11,2,16,474,2007,63.46
11,2,16,474,2008,65.05
11,2,16,474,2009,66.78
11,2,16,474,2010,67.82
11,2,16,474,2011,69.62
11,2,16,474,2012,71.14
11,2,16,474,2013,73.03
11,2,16,474,2014,75.18
11,2,16,474,2015,77.33
11,2,16,474,2016,79.77
11,2,16,474,2017,82.03
11,2,17,474,1990,61.1
11,2,17,474,1991,62.31
11,2,17,474,1992,63.37
11,2,17,474,1993,64.5
11,2,17,474,1994,65.1
11,2,17,474,1995,65.57
11,2,17,474,1996,67.45
11,2,17,474,1997,68.21
11,2,17,474,1998,69.08
11,2,17,474,1999,70.34
11,2,17,474,2000,71.65
11,2,17,474,2001,72.21
11,2,17,474,2002,72.38
11,2,17,474,2003,72.52
11,2,17,474,2004,72.51
11,2,17,474,2005,72.38
11,2,17,474,2006,72.2
11,2,17,474,2007,72.15
11,2,17,474,2008,72.18
11,2,17,474,2009,72.49
11,2,17,474,2010,73.77
11,2,17,474,2011,74.55
11,2,17,474,2012,75.95
11,2,17,474,2013,78.35
11,2,17,474,2014,81.17
11,2,17,474,2015,83.75
11,2,17,474,2016,87.37
11,2,17,474,2017,90.94
11,2,18,474,1990,77.29
11,2,18,474,1991,78.21
11,2,18,474,1992,80.52
11,2,18,474,1993,83.34
11,2,18,474,1994,85.81
11,2,18,474,1995,88.26
11,2,18,474,1996,90.36
11,2,18,474,1997,91.96
11,2,18,474,1998,93.23
11,2,18,474,1999,94.87
11,2,18,474,2000,96.9
11,2,18,474,2001,99.84
11,2,18,474,2002,101.29
11,2,18,474,2003,103.1
11,2,18,474,2004,104.68
11,2,18,474,2005,105.72
11,2,18,474,2006,106.53
11,2,18,474,2007,106.96
11,2,18,474,2008,107.35
11,2,18,474,2009,107.53
11,2,18,474,2010,107.44
11,2,18,474,2011,107.57
11,2,18,474,2012,107.28
11,2,18,474,2013,107.48
11,2,18,474,2014,108.81
11,2,18,474,2015,112.28
11,2,18,474,2016,115.11
11,2,18,474,2017,119.12
11,2,19,474,1990,72.77
11,2,19,474,1991,75.06
11,2,19,474,1992,77.5
11,2,19,474,1993,80.38
11,2,19,474,1994,83.04
11,2,19,474,1995,85.85
11,2,19,474,1996,87.77
11,2,19,474,1997,91.07
11,2,19,474,1998,94.51
11,2,19,474,1999,98.49
11,2,19,474,2000,102.87
11,2,19,474,2001,105.5
11,2,19,474,2002,107.78
11,2,19,474,2003,109.93
11,2,19,474,2004,111.72
11,2,19,474,2005,113.15
11,2,19,474,2006,116.33
11,2,19,474,2007,117.77
11,2,19,474,2008,120.8
11,2,19,474,2009,123.7
11,2,19,474,2010,125.95
11,2,19,474,2011,128.66
11,2,19,474,2012,129.78
11,2,19,474,2013,131.42
11,2,19,474,2014,133.98
11,2,19,474,2015,136.49
11,2,19,474,2016,139.79
11,2,19,474,2017,142.18
11,2,20,474,1990,73.94
11,2,20,474,1991,76.1
11,2,20,474,1992,78.91
11,2,20,474,1993,82.32
11,2,20,474,1994,85.71
11,2,20,474,1995,89.39
11,2,20,474,1996,93.69
11,2,20,474,1997,98.08
11,2,20,474,1998,102.51
11,2,20,474,1999,108.19
11,2,20,474,2000,114.92
11,2,20,474,2001,118.55
11,2,20,474,2002,124.03
11,2,20,474,2003,129.73
11,2,20,474,2004,135.1
11,2,20,474,2005,139.89
11,2,20,474,2006,142.8
11,2,20,474,2007,145.85
11,2,20,474,2008,150.22
11,2,20,474,2009,154.28
11,2,20,474,2010,158.2
11,2,20,474,2011,165.59
11,2,20,474,2012,169.51
11,2,20,474,2013,174.73
11,2,20,474,2014,181.19
11,2,20,474,2015,186.67
11,2,20,474,2016,193.21
11,2,20,474,2017,197.85
11,2,22,474,1990,529.31
11,2,22,474,1991,540.72
11,2,22,474,1992,555.66
11,2,22,474,1993,573.56
11,2,22,474,1994,589.07
11,2,22,474,1995,605.44
11,2,22,474,1996,622.46
11,2,22,474,1997,640.79
11,2,22,474,1998,659.08
11,2,22,474,1999,683.42
11,2,22,474,2000,712.58
11,2,22,474,2001,733.81
11,2,22,474,2002,756.22
11,2,22,474,2003,779.89
11,2,22,474,2004,801.95
11,2,22,474,2005,821.34
11,2,22,474,2006,837.46
11,2,22,474,2007,858.45
11,2,22,474,2008,885.02
11,2,22,474,2009,910.92
11,2,22,474,2010,934.85
11,2,22,474,2011,960.38
11,2,22,474,2012,980.42
11,2,22,474,2013,1006.81
11,2,22,474,2014,1039.62
11,2,22,474,2015,1071.97
11,2,22,474,2016,1108.86
11,2,22,474,2017,1142.47
11,2,30,474,1990,52.87
11,2,30,474,1991,53.94
11,2,30,474,1992,56
11,2,30,474,1993,58.41
11,2,30,474,1994,60.73
11,2,30,474,1995,63.28
11,2,30,474,1996,66.3
11,2,30,474,1997,70.01
11,2,30,474,1998,73.75
11,2,30,474,1999,78.65
11,2,30,474,2000,84.61
11,2,30,474,2001,89.88
11,2,30,474,2002,95.28
11,2,30,474,2003,100.84
11,2,30,474,2004,106.08
11,2,30,474,2005,111.04
11,2,30,474,2006,113.78
11,2,30,474,2007,119.84
11,2,30,474,2008,127.36
11,2,30,474,2009,134.71
11,2,30,474,2010,141.7
11,2,30,474,2011,147.34
11,2,30,474,2012,151.98
11,2,30,474,2013,157.26
11,2,30,474,2014,163.62
11,2,30,474,2015,169.54
11,2,30,474,2016,179.13
11,2,30,474,2017,185.78
11,2,31,474,1990,28.44
11,2,31,474,1991,28.35
11,2,31,474,1992,29.86
11,2,31,474,1993,31.62
11,2,31,474,1994,33.35
11,2,31,474,1995,35.17
11,2,31,474,1996,36.49
11,2,31,474,1997,38.64
11,2,31,474,1998,40.78
11,2,31,474,1999,43.56
11,2,31,474,2000,47.01
11,2,31,474,2001,50.06
11,2,31,474,2002,53.85
11,2,31,474,2003,57.82
11,2,31,474,2004,61.63
11,2,31,474,2005,65.2
11,2,31,474,2006,68.5
11,2,31,474,2007,72.91
11,2,31,474,2008,78.14
11,2,31,474,2009,83.33
11,2,31,474,2010,88.41
11,2,31,474,2011,92.07
11,2,31,474,2012,97.36
11,2,31,474,2013,103.55
11,2,31,474,2014,110.62
11,2,31,474,2015,117.18
11,2,31,474,2016,122.17
11,2,31,474,2017,127.49
11,2,32,474,1990,6.82
11,2,32,474,1991,7.82
11,2,32,474,1992,8.29
11,2,32,474,1993,8.78
11,2,32,474,1994,9.26
11,2,32,474,1995,9.78
11,2,32,474,1996,9.92
11,2,32,474,1997,10.66
11,2,32,474,1998,11.43
11,2,32,474,1999,12.37
11,2,32,474,2000,13.47
11,2,32,474,2001,14.15
11,2,32,474,2002,15.25
11,2,32,474,2003,16.38
11,2,32,474,2004,17.43
11,2,32,474,2005,18.46
11,2,32,474,2006,19.34
11,2,32,474,2007,20.87
11,2,32,474,2008,22.61
11,2,32,474,2009,24.35
11,2,32,474,2010,26.03
11,2,32,474,2011,27.81
11,2,32,474,2012,29.84
11,2,32,474,2013,32.15
11,2,32,474,2014,34.9
11,2,32,474,2015,37.55
11,2,32,474,2016,39.46
11,2,32,474,2017,42.53
11,2,235,474,1990,0.83
11,2,235,474,1991,0.89
11,2,235,474,1992,1.04
11,2,235,474,1993,1.2
11,2,235,474,1994,1.37
11,2,235,474,1995,1.54
11,2,235,474,1996,1.8
11,2,235,474,1997,1.93
11,2,235,474,1998,2.08
11,2,235,474,1999,2.27
11,2,235,474,2000,2.49
11,2,235,474,2001,2.6
11,2,235,474,2002,2.84
11,2,235,474,2003,3.09
11,2,235,474,2004,3.32
11,2,235,474,2005,3.55
11,2,235,474,2006,3.64
11,2,235,474,2007,3.97
11,2,235,474,2008,4.3
11,2,235,474,2009,4.62
11,2,235,474,2010,4.94
11,2,235,474,2011,5.22
11,2,235,474,2012,5.7
11,2,235,474,2013,6.22
11,2,235,474,2014,6.82
11,2,235,474,2015,7.39
11,2,235,474,2016,7.96
11,2,235,474,2017,8.68
12,2,8,474,1990,0.04
12,2,8,474,1991,0.04
12,2,8,474,1992,0.04
12,2,8,474,1993,0.04
12,2,8,474,1994,0.04
12,2,8,474,1995,0.04
12,2,8,474,1996,0.04
12,2,8,474,1997,0.04
12,2,8,474,1998,0.04
12,2,8,474,1999,0.04
12,2,8,474,2000,0.04
12,2,8,474,2001,0.04
12,2,8,474,2002,0.04
12,2,8,474,2003,0.04
12,2,8,474,2004,0.04
12,2,8,474,2005,0.05
12,2,8,474,2006,0.05
12,2,8,474,2007,0.05
12,2,8,474,2008,0.05
12,2,8,474,2009,0.05
12,2,8,474,2010,0.05
12,2,8,474,2011,0.05
12,2,8,474,2012,0.05
12,2,8,474,2013,0.05
12,2,8,474,2014,0.05
12,2,8,474,2015,0.05
12,2,8,474,2016,0.05
12,2,8,474,2017,0.04
12,2,9,474,1990,0.07
12,2,9,474,1991,0.07
12,2,9,474,1992,0.07
12,2,9,474,1993,0.07
12,2,9,474,1994,0.07
12,2,9,474,1995,0.07
12,2,9,474,1996,0.07
12,2,9,474,1997,0.07
12,2,9,474,1998,0.07
12,2,9,474,1999,0.07
12,2,9,474,2000,0.07
12,2,9,474,2001,0.07
12,2,9,474,2002,0.07
12,2,9,474,2003,0.07
12,2,9,474,2004,0.07
12,2,9,474,2005,0.07
12,2,9,474,2006,0.07
12,2,9,474,2007,0.07
12,2,9,474,2008,0.07
12,2,9,474,2009,0.07
12,2,9,474,2010,0.07
12,2,9,474,2011,0.07
12,2,9,474,2012,0.08
12,2,9,474,2013,0.08
12,2,9,474,2014,0.08
12,2,9,474,2015,0.08
12,2,9,474,2016,0.07
12,2,9,474,2017,0.07
12,2,10,474,1990,0.07
12,2,10,474,1991,0.07
12,2,10,474,1992,0.08
12,2,10,474,1993,0.08
12,2,10,474,1994,0.08
12,2,10,474,1995,0.08
12,2,10,474,1996,0.08
12,2,10,474,1997,0.08
12,2,10,474,1998,0.08
12,2,10,474,1999,0.08
12,2,10,474,2000,0.08
12,2,10,474,2001,0.08
12,2,10,474,2002,0.08
12,2,10,474,2003,0.08
12,2,10,474,2004,0.08
12,2,10,474,2005,0.08
12,2,10,474,2006,0.08
12,2,10,474,2007,0.08
12,2,10,474,2008,0.08
12,2,10,474,2009,0.08
12,2,10,474,2010,0.08
12,2,10,474,2011,0.08
12,2,10,474,2012,0.08
12,2,10,474,2013,0.08
12,2,10,474,2014,0.08
12,2,10,474,2015,0.09
12,2,10,474,2016,0.09
12,2,10,474,2017,0.09
12,2,11,474,1990,0.13
12,2,11,474,1991,0.14
12,2,11,474,1992,0.14
12,2,11,474,1993,0.14
12,2,11,474,1994,0.15
12,2,11,474,1995,0.15
12,2,11,474,1996,0.15
12,2,11,474,1997,0.15
12,2,11,474,1998,0.15
12,2,11,474,1999,0.15
12,2,11,474,2000,0.15
12,2,11,474,2001,0.15
12,2,11,474,2002,0.15
12,2,11,474,2003,0.15
12,2,11,474,2004,0.14
12,2,11,474,2005,0.14
12,2,11,474,2006,0.14
12,2,11,474,2007,0.14
12,2,11,474,2008,0.14
12,2,11,474,2009,0.15
12,2,11,474,2010,0.15
12,2,11,474,2011,0.15
12,2,11,474,2012,0.15
12,2,11,474,2013,0.16
12,2,11,474,2014,0.16
12,2,11,474,2015,0.16
12,2,11,474,2016,0.17
12,2,11,474,2017,0.17
12,2,12,474,1990,0.22
12,2,12,474,1991,0.22
12,2,12,474,1992,0.23
12,2,12,474,1993,0.24
12,2,12,474,1994,0.25
12,2,12,474,1995,0.25
12,2,12,474,1996,0.26
12,2,12,474,1997,0.27
12,2,12,474,1998,0.27
12,2,12,474,1999,0.27
12,2,12,474,2000,0.27
12,2,12,474,2001,0.27
12,2,12,474,2002,0.26
12,2,12,474,2003,0.26
12,2,12,474,2004,0.26
12,2,12,474,2005,0.26
12,2,12,474,2006,0.26
12,2,12,474,2007,0.26
12,2,12,474,2008,0.26
12,2,12,474,2009,0.26
12,2,12,474,2010,0.26
12,2,12,474,2011,0.26
12,2,12,474,2012,0.26
12,2,12,474,2013,0.27
12,2,12,474,2014,0.27
12,2,12,474,2015,0.28
12,2,12,474,2016,0.29
12,2,12,474,2017,0.29
12,2,13,474,1990,0.53
12,2,13,474,1991,0.53
12,2,13,474,1992,0.54
12,2,13,474,1993,0.54
12,2,13,474,1994,0.55
12,2,13,474,1995,0.56
12,2,13,474,1996,0.57
12,2,13,474,1997,0.58
12,2,13,474,1998,0.59
12,2,13,474,1999,0.6
12,2,13,474,2000,0.61
12,2,13,474,2001,0.62
12,2,13,474,2002,0.62
12,2,13,474,2003,0.62
12,2,13,474,2004,0.62
12,2,13,474,2005,0.62
12,2,13,474,2006,0.62
12,2,13,474,2007,0.62
12,2,13,474,2008,0.62
12,2,13,474,2009,0.63
12,2,13,474,2010,0.63
12,2,13,474,2011,0.63
12,2,13,474,2012,0.64
12,2,13,474,2013,0.65
12,2,13,474,2014,0.66
12,2,13,474,2015,0.67
12,2,13,474,2016,0.68
12,2,13,474,2017,0.69
12,2,14,474,1990,0.67
12,2,14,474,1991,0.68
12,2,14,474,1992,0.68
12,2,14,474,1993,0.69
12,2,14,474,1994,0.68
12,2,14,474,1995,0.68
12,2,14,474,1996,0.68
12,2,14,474,1997,0.69
12,2,14,474,1998,0.68
12,2,14,474,1999,0.69
12,2,14,474,2000,0.7
12,2,14,474,2001,0.7
12,2,14,474,2002,0.7
12,2,14,474,2003,0.71
12,2,14,474,2004,0.72
12,2,14,474,2005,0.74
12,2,14,474,2006,0.75
12,2,14,474,2007,0.76
12,2,14,474,2008,0.77
12,2,14,474,2009,0.77
12,2,14,474,2010,0.78
12,2,14,474,2011,0.78
12,2,14,474,2012,0.79
12,2,14,474,2013,0.81
12,2,14,474,2014,0.82
12,2,14,474,2015,0.84
12,2,14,474,2016,0.85
12,2,14,474,2017,0.87
12,2,15,474,1990,1.11
12,2,15,474,1991,1.12
12,2,15,474,1992,1.13
12,2,15,474,1993,1.14
12,2,15,474,1994,1.14
12,2,15,474,1995,1.15
12,2,15,474,1996,1.15
12,2,15,474,1997,1.15
12,2,15,474,1998,1.14
12,2,15,474,1999,1.13
12,2,15,474,2000,1.11
12,2,15,474,2001,1.11
12,2,15,474,2002,1.09
12,2,15,474,2003,1.09
12,2,15,474,2004,1.1
12,2,15,474,2005,1.13
12,2,15,474,2006,1.14
12,2,15,474,2007,1.17
12,2,15,474,2008,1.2
12,2,15,474,2009,1.24
12,2,15,474,2010,1.27
12,2,15,474,2011,1.3
12,2,15,474,2012,1.33
12,2,15,474,2013,1.37
12,2,15,474,2014,1.39
12,2,15,474,2015,1.41
12,2,15,474,2016,1.44
12,2,15,474,2017,1.46
12,2,16,474,1990,1.44
12,2,16,474,1991,1.47
12,2,16,474,1992,1.49
12,2,16,474,1993,1.51
12,2,16,474,1994,1.51
12,2,16,474,1995,1.5
12,2,16,474,1996,1.49
12,2,16,474,1997,1.48
12,2,16,474,1998,1.46
12,2,16,474,1999,1.44
12,2,16,474,2000,1.43
12,2,16,474,2001,1.41
12,2,16,474,2002,1.39
12,2,16,474,2003,1.37
12,2,16,474,2004,1.36
12,2,16,474,2005,1.36
12,2,16,474,2006,1.37
12,2,16,474,2007,1.38
12,2,16,474,2008,1.4
12,2,16,474,2009,1.43
12,2,16,474,2010,1.46
12,2,16,474,2011,1.5
12,2,16,474,2012,1.55
12,2,16,474,2013,1.61
12,2,16,474,2014,1.67
12,2,16,474,2015,1.73
12,2,16,474,2016,1.78
12,2,16,474,2017,1.83
12,2,17,474,1990,1.71
12,2,17,474,1991,1.72
12,2,17,474,1992,1.73
12,2,17,474,1993,1.75
12,2,17,474,1994,1.77
12,2,17,474,1995,1.79
12,2,17,474,1996,1.8
12,2,17,474,1997,1.8
12,2,17,474,1998,1.78
12,2,17,474,1999,1.75
12,2,17,474,2000,1.7
12,2,17,474,2001,1.68
12,2,17,474,2002,1.63
12,2,17,474,2003,1.61
12,2,17,474,2004,1.59
12,2,17,474,2005,1.6
12,2,17,474,2006,1.6
12,2,17,474,2007,1.6
12,2,17,474,2008,1.61
12,2,17,474,2009,1.62
12,2,17,474,2010,1.63
12,2,17,474,2011,1.66
12,2,17,474,2012,1.7
12,2,17,474,2013,1.75
12,2,17,474,2014,1.8
12,2,17,474,2015,1.86
12,2,17,474,2016,1.92
12,2,17,474,2017,1.99
12,2,18,474,1990,2.33
12,2,18,474,1991,2.33
12,2,18,474,1992,2.32
12,2,18,474,1993,2.3
12,2,18,474,1994,2.28
12,2,18,474,1995,2.25
12,2,18,474,1996,2.23
12,2,18,474,1997,2.21
12,2,18,474,1998,2.2
12,2,18,474,1999,2.19
12,2,18,474,2000,2.18
12,2,18,474,2001,2.17
12,2,18,474,2002,2.15
12,2,18,474,2003,2.13
12,2,18,474,2004,2.11
12,2,18,474,2005,2.09
12,2,18,474,2006,2.08
12,2,18,474,2007,2.07
12,2,18,474,2008,2.06
12,2,18,474,2009,2.07
12,2,18,474,2010,2.08
12,2,18,474,2011,2.1
12,2,18,474,2012,2.13
12,2,18,474,2013,2.18
12,2,18,474,2014,2.22
12,2,18,474,2015,2.26
12,2,18,474,2016,2.33
12,2,18,474,2017,2.39
12,2,19,474,1990,2.57
12,2,19,474,1991,2.62
12,2,19,474,1992,2.66
12,2,19,474,1993,2.69
12,2,19,474,1994,2.7
12,2,19,474,1995,2.7
12,2,19,474,1996,2.67
12,2,19,474,1997,2.63
12,2,19,474,1998,2.56
12,2,19,474,1999,2.5
12,2,19,474,2000,2.43
12,2,19,474,2001,2.38
12,2,19,474,2002,2.35
12,2,19,474,2003,2.33
12,2,19,474,2004,2.34
12,2,19,474,2005,2.37
12,2,19,474,2006,2.39
12,2,19,474,2007,2.4
12,2,19,474,2008,2.41
12,2,19,474,2009,2.41
12,2,19,474,2010,2.39
12,2,19,474,2011,2.4
12,2,19,474,2012,2.41
12,2,19,474,2013,2.44
12,2,19,474,2014,2.48
12,2,19,474,2015,2.54
12,2,19,474,2016,2.6
12,2,19,474,2017,2.67
12,2,20,474,1990,2.51
12,2,20,474,1991,2.62
12,2,20,474,1992,2.71
12,2,20,474,1993,2.8
12,2,20,474,1994,2.89
12,2,20,474,1995,2.96
12,2,20,474,1996,3.01
12,2,20,474,1997,3.05
12,2,20,474,1998,3.05
12,2,20,474,1999,3.04
12,2,20,474,2000,3.01
12,2,20,474,2001,2.98
12,2,20,474,2002,2.91
12,2,20,474,2003,2.86
12,2,20,474,2004,2.82
12,2,20,474,2005,2.8
12,2,20,474,2006,2.78
12,2,20,474,2007,2.8
12,2,20,474,2008,2.84
12,2,20,474,2009,2.9
12,2,20,474,2010,2.97
12,2,20,474,2011,3.03
12,2,20,474,2012,3.11
12,2,20,474,2013,3.17
12,2,20,474,2014,3.22
12,2,20,474,2015,3.25
12,2,20,474,2016,3.31
12,2,20,474,2017,3.36
12,2,22,474,1990,15.69
12,2,22,474,1991,16.02
12,2,22,474,1992,16.32
12,2,22,474,1993,16.6
12,2,22,474,1994,16.84
12,2,22,474,1995,17.04
12,2,22,474,1996,17.2
12,2,22,474,1997,17.31
12,2,22,474,1998,17.3
12,2,22,474,1999,17.28
12,2,22,474,2000,17.23
12,2,22,474,2001,17.24
12,2,22,474,2002,17.14
12,2,22,474,2003,17.14
12,2,22,474,2004,17.21
12,2,22,474,2005,17.39
12,2,22,474,2006,17.49
12,2,22,474,2007,17.64
12,2,22,474,2008,17.88
12,2,22,474,2009,18.12
12,2,22,474,2010,18.36
12,2,22,474,2011,18.64
12,2,22,474,2012,19.06
12,2,22,474,2013,19.5
12,2,22,474,2014,19.96
12,2,22,474,2015,20.46
12,2,22,474,2016,21.01
12,2,22,474,2017,21.55
12,2,30,474,1990,1.51
12,2,30,474,1991,1.56
12,2,30,474,1992,1.64
12,2,30,474,1993,1.71
12,2,30,474,1994,1.79
12,2,30,474,1995,1.87
12,2,30,474,1996,1.95
12,2,30,474,1997,2.02
12,2,30,474,1998,2.08
12,2,30,474,1999,2.14
12,2,30,474,2000,2.19
12,2,30,474,2001,2.24
12,2,30,474,2002,2.28
12,2,30,474,2003,2.33
12,2,30,474,2004,2.37
12,2,30,474,2005,2.41
12,2,30,474,2006,2.42
12,2,30,474,2007,2.43
12,2,30,474,2008,2.44
12,2,30,474,2009,2.45
12,2,30,474,2010,2.47
12,2,30,474,2011,2.49
12,2,30,474,2012,2.55
12,2,30,474,2013,2.62
12,2,30,474,2014,2.71
12,2,30,474,2015,2.81
12,2,30,474,2016,2.91
12,2,30,474,2017,3.01
12,2,31,474,1990,0.64
12,2,31,474,1991,0.67
12,2,31,474,1992,0.69
12,2,31,474,1993,0.72
12,2,31,474,1994,0.76
12,2,31,474,1995,0.8
12,2,31,474,1996,0.83
12,2,31,474,1997,0.87
12,2,31,474,1998,0.91
12,2,31,474,1999,0.96
12,2,31,474,2000,1.01
12,2,31,474,2001,1.07
12,2,31,474,2002,1.13
12,2,31,474,2003,1.19
12,2,31,474,2004,1.25
12,2,31,474,2005,1.32
12,2,31,474,2006,1.37
12,2,31,474,2007,1.42
12,2,31,474,2008,1.48
12,2,31,474,2009,1.53
12,2,31,474,2010,1.58
12,2,31,474,2011,1.61
12,2,31,474,2012,1.65
12,2,31,474,2013,1.69
12,2,31,474,2014,1.72
12,2,31,474,2015,1.77
12,2,31,474,2016,1.83
12,2,31,474,2017,1.9
12,2,32,474,1990,0.12
12,2,32,474,1991,0.13
12,2,32,474,1992,0.14
12,2,32,474,1993,0.15
12,2,32,474,1994,0.16
12,2,32,474,1995,0.17
12,2,32,474,1996,0.18
12,2,32,474,1997,0.19
12,2,32,474,1998,0.2
12,2,32,474,1999,0.21
12,2,32,474,2000,0.22
12,2,32,474,2001,0.23
12,2,32,474,2002,0.25
12,2,32,474,2003,0.26
12,2,32,474,2004,0.28
12,2,32,474,2005,0.31
12,2,32,474,2006,0.33
12,2,32,474,2007,0.35
12,2,32,474,2008,0.38
12,2,32,474,2009,0.4
12,2,32,474,2010,0.43
12,2,32,474,2011,0.46
12,2,32,474,2012,0.49
12,2,32,474,2013,0.51
12,2,32,474,2014,0.54
12,2,32,474,2015,0.57
12,2,32,474,2016,0.59
12,2,32,474,2017,0.61
12,2,235,474,1990,0.02
12,2,235,474,1991,0.02
12,2,235,474,1992,0.02
12,2,235,474,1993,0.02
12,2,235,474,1994,0.02
12,2,235,474,1995,0.02
12,2,235,474,1996,0.03
12,2,235,474,1997,0.03
12,2,235,474,1998,0.03
12,2,235,474,1999,0.03
12,2,235,474,2000,0.03
12,2,235,474,2001,0.04
12,2,235,474,2002,0.04
12,2,235,474,2003,0.04
12,2,235,474,2004,0.04
12,2,235,474,2005,0.05
12,2,235,474,2006,0.05
12,2,235,474,2007,0.05
12,2,235,474,2008,0.06
12,2,235,474,2009,0.06
12,2,235,474,2010,0.07
12,2,235,474,2011,0.07
12,2,235,474,2012,0.08
12,2,235,474,2013,0.09
12,2,235,474,2014,0.09
12,2,235,474,2015,0.1
12,2,235,474,2016,0.11
12,2,235,474,2017,0.12
13,2,8,474,1990,0.09
13,2,8,474,1991,0.09
13,2,8,474,1992,0.09
13,2,8,474,1993,0.1
13,2,8,474,1994,0.1
13,2,8,474,1995,0.11
13,2,8,474,1996,0.11
13,2,8,474,1997,0.11
13,2,8,474,1998,0.12
13,2,8,474,1999,0.12
13,2,8,474,2000,0.12
13,2,8,474,2001,0.13
13,2,8,474,2002,0.13
13,2,8,474,2003,0.13
13,2,8,474,2004,0.13
13,2,8,474,2005,0.14
13,2,8,474,2006,0.14
13,2,8,474,2007,0.14
13,2,8,474,2008,0.13
13,2,8,474,2009,0.14
13,2,8,474,2010,0.14
13,2,8,474,2011,0.13
13,2,8,474,2012,0.14
13,2,8,474,2013,0.14
13,2,8,474,2014,0.14
13,2,8,474,2015,0.13
13,2,8,474,2016,0.13
13,2,8,474,2017,0.12
13,2,9,474,1990,0.11
13,2,9,474,1991,0.11
13,2,9,474,1992,0.1
13,2,9,474,1993,0.1
13,2,9,474,1994,0.1
13,2,9,474,1995,0.11
13,2,9,474,1996,0.11
13,2,9,474,1997,0.11
13,2,9,474,1998,0.11
13,2,9,474,1999,0.11
13,2,9,474,2000,0.11
13,2,9,474,2001,0.11
13,2,9,474,2002,0.11
13,2,9,474,2003,0.12
13,2,9,474,2004,0.12
13,2,9,474,2005,0.13
13,2,9,474,2006,0.13
13,2,9,474,2007,0.13
13,2,9,474,2008,0.13
13,2,9,474,2009,0.13
13,2,9,474,2010,0.13
13,2,9,474,2011,0.13
13,2,9,474,2012,0.13
13,2,9,474,2013,0.13
13,2,9,474,2014,0.14
13,2,9,474,2015,0.14
13,2,9,474,2016,0.14
13,2,9,474,2017,0.13
13,2,10,474,1990,0.14
13,2,10,474,1991,0.14
13,2,10,474,1992,0.13
13,2,10,474,1993,0.13
13,2,10,474,1994,0.13
13,2,10,474,1995,0.14
13,2,10,474,1996,0.14
13,2,10,474,1997,0.13
13,2,10,474,1998,0.13
13,2,10,474,1999,0.13
13,2,10,474,2000,0.13
13,2,10,474,2001,0.13
13,2,10,474,2002,0.13
13,2,10,474,2003,0.13
13,2,10,474,2004,0.13
13,2,10,474,2005,0.13
13,2,10,474,2006,0.13
13,2,10,474,2007,0.13
13,2,10,474,2008,0.14
13,2,10,474,2009,0.14
13,2,10,474,2010,0.14
13,2,10,474,2011,0.14
13,2,10,474,2012,0.15
13,2,10,474,2013,0.15
13,2,10,474,2014,0.16
13,2,10,474,2015,0.16
13,2,10,474,2016,0.16
13,2,10,474,2017,0.16
13,2,11,474,1990,0.25
13,2,11,474,1991,0.26
13,2,11,474,1992,0.27
13,2,11,474,1993,0.27
13,2,11,474,1994,0.27
13,2,11,474,1995,0.27
13,2,11,474,1996,0.27
13,2,11,474,1997,0.28
13,2,11,474,1998,0.28
13,2,11,474,1999,0.29
13,2,11,474,2000,0.3
13,2,11,474,2001,0.3
13,2,11,474,2002,0.3
13,2,11,474,2003,0.31
13,2,11,474,2004,0.31
13,2,11,474,2005,0.32
13,2,11,474,2006,0.32
13,2,11,474,2007,0.32
13,2,11,474,2008,0.32
13,2,11,474,2009,0.33
13,2,11,474,2010,0.33
13,2,11,474,2011,0.33
13,2,11,474,2012,0.34
13,2,11,474,2013,0.34
13,2,11,474,2014,0.36
13,2,11,474,2015,0.35
13,2,11,474,2016,0.35
13,2,11,474,2017,0.36
13,2,12,474,1990,0.4
13,2,12,474,1991,0.4
13,2,12,474,1992,0.42
13,2,12,474,1993,0.42
13,2,12,474,1994,0.42
13,2,12,474,1995,0.42
13,2,12,474,1996,0.44
13,2,12,474,1997,0.44
13,2,12,474,1998,0.45
13,2,12,474,1999,0.46
13,2,12,474,2000,0.46
13,2,12,474,2001,0.46
13,2,12,474,2002,0.47
13,2,12,474,2003,0.47
13,2,12,474,2004,0.46
13,2,12,474,2005,0.46
13,2,12,474,2006,0.46
13,2,12,474,2007,0.47
13,2,12,474,2008,0.47
13,2,12,474,2009,0.48
13,2,12,474,2010,0.48
13,2,12,474,2011,0.48
13,2,12,474,2012,0.49
13,2,12,474,2013,0.5
13,2,12,474,2014,0.52
13,2,12,474,2015,0.52
13,2,12,474,2016,0.53
13,2,12,474,2017,0.54
13,2,13,474,1990,0.84
13,2,13,474,1991,0.84
13,2,13,474,1992,0.89
13,2,13,474,1993,0.93
13,2,13,474,1994,0.95
13,2,13,474,1995,1
13,2,13,474,1996,1.04
13,2,13,474,1997,1.07
13,2,13,474,1998,1.11
13,2,13,474,1999,1.18
13,2,13,474,2000,1.23
13,2,13,474,2001,1.23
13,2,13,474,2002,1.24
13,2,13,474,2003,1.27
13,2,13,474,2004,1.28
13,2,13,474,2005,1.29
13,2,13,474,2006,1.31
13,2,13,474,2007,1.32
13,2,13,474,2008,1.34
13,2,13,474,2009,1.37
13,2,13,474,2010,1.36
13,2,13,474,2011,1.37
13,2,13,474,2012,1.36
13,2,13,474,2013,1.35
13,2,13,474,2014,1.4
13,2,13,474,2015,1.4
13,2,13,474,2016,1.39
13,2,13,474,2017,1.39
13,2,14,474,1990,1.03
13,2,14,474,1991,1.09
13,2,14,474,1992,1.14
13,2,14,474,1993,1.19
13,2,14,474,1994,1.25
13,2,14,474,1995,1.36
13,2,14,474,1996,1.39
13,2,14,474,1997,1.43
13,2,14,474,1998,1.48
13,2,14,474,1999,1.55
13,2,14,474,2000,1.6
13,2,14,474,2001,1.64
13,2,14,474,2002,1.7
13,2,14,474,2003,1.78
13,2,14,474,2004,1.82
13,2,14,474,2005,1.87
13,2,14,474,2006,1.92
13,2,14,474,2007,1.95
13,2,14,474,2008,2
13,2,14,474,2009,2.05
13,2,14,474,2010,2.08
13,2,14,474,2011,2.11
13,2,14,474,2012,2.15
13,2,14,474,2013,2.16
13,2,14,474,2014,2.21
13,2,14,474,2015,2.18
13,2,14,474,2016,2.12
13,2,14,474,2017,2.06
13,2,15,474,1990,2.02
13,2,15,474,1991,1.96
13,2,15,474,1992,1.96
13,2,15,474,1993,1.99
13,2,15,474,1994,2
13,2,15,474,1995,2.06
13,2,15,474,1996,2.18
13,2,15,474,1997,2.25
13,2,15,474,1998,2.35
13,2,15,474,1999,2.53
13,2,15,474,2000,2.71
13,2,15,474,2001,2.73
13,2,15,474,2002,2.81
13,2,15,474,2003,2.92
13,2,15,474,2004,3.04
13,2,15,474,2005,3.16
13,2,15,474,2006,3.28
13,2,15,474,2007,3.38
13,2,15,474,2008,3.55
13,2,15,474,2009,3.72
13,2,15,474,2010,3.77
13,2,15,474,2011,3.92
13,2,15,474,2012,4.06
13,2,15,474,2013,4.14
13,2,15,474,2014,4.32
13,2,15,474,2015,4.36
13,2,15,474,2016,4.35
13,2,15,474,2017,4.31
13,2,16,474,1990,3.11
13,2,16,474,1991,3.27
13,2,16,474,1992,3.35
13,2,16,474,1993,3.45
13,2,16,474,1994,3.51
13,2,16,474,1995,3.67
13,2,16,474,1996,3.67
13,2,16,474,1997,3.67
13,2,16,474,1998,3.7
13,2,16,474,1999,3.81
13,2,16,474,2000,3.88
13,2,16,474,2001,4.09
13,2,16,474,2002,4.26
13,2,16,474,2003,4.49
13,2,16,474,2004,4.66
13,2,16,474,2005,4.9
13,2,16,474,2006,5.06
13,2,16,474,2007,5.3
13,2,16,474,2008,5.53
13,2,16,474,2009,5.82
13,2,16,474,2010,6.03
13,2,16,474,2011,6.15
13,2,16,474,2012,6.43
13,2,16,474,2013,6.7
13,2,16,474,2014,7.03
13,2,16,474,2015,7.03
13,2,16,474,2016,7.1
13,2,16,474,2017,7.2
13,2,17,474,1990,4.81
13,2,17,474,1991,4.75
13,2,17,474,1992,4.83
13,2,17,474,1993,4.89
13,2,17,474,1994,4.9
13,2,17,474,1995,5.02
13,2,17,474,1996,5.36
13,2,17,474,1997,5.56
13,2,17,474,1998,5.78
13,2,17,474,1999,6.06
13,2,17,474,2000,6.28
13,2,17,474,2001,6.08
13,2,17,474,2002,6.06
13,2,17,474,2003,6.06
13,2,17,474,2004,5.99
13,2,17,474,2005,5.96
13,2,17,474,2006,6.26
13,2,17,474,2007,6.46
13,2,17,474,2008,6.76
13,2,17,474,2009,7.16
13,2,17,474,2010,7.51
13,2,17,474,2011,7.74
13,2,17,474,2012,8.28
13,2,17,474,2013,8.74
13,2,17,474,2014,9.35
13,2,17,474,2015,9.68
13,2,17,474,2016,10.14
13,2,17,474,2017,10.46
13,2,18,474,1990,5.65
13,2,18,474,1991,5.8
13,2,18,474,1992,5.91
13,2,18,474,1993,6
13,2,18,474,1994,6.07
13,2,18,474,1995,6.39
13,2,18,474,1996,6.48
13,2,18,474,1997,6.62
13,2,18,474,1998,6.81
13,2,18,474,1999,7.03
13,2,18,474,2000,7.09
13,2,18,474,2001,7.33
13,2,18,474,2002,7.6
13,2,18,474,2003,7.95
13,2,18,474,2004,8.12
13,2,18,474,2005,8.2
13,2,18,474,2006,8.06
13,2,18,474,2007,8.06
13,2,18,474,2008,8.04
13,2,18,474,2009,8.26
13,2,18,474,2010,8.59
13,2,18,474,2011,8.92
13,2,18,474,2012,9.33
13,2,18,474,2013,9.86
13,2,18,474,2014,10.62
13,2,18,474,2015,11.13
13,2,18,474,2016,11.87
13,2,18,474,2017,12.66
13,2,19,474,1990,7.83
13,2,19,474,1991,8.11
13,2,19,474,1992,8.44
13,2,19,474,1993,8.59
13,2,19,474,1994,8.53
13,2,19,474,1995,8.7
13,2,19,474,1996,9.03
13,2,19,474,1997,9.26
13,2,19,474,1998,9.64
13,2,19,474,1999,10.14
13,2,19,474,2000,10.7
13,2,19,474,2001,10.77
13,2,19,474,2002,11.09
13,2,19,474,2003,11.33
13,2,19,474,2004,11.28
13,2,19,474,2005,11.32
13,2,19,474,2006,12.03
13,2,19,474,2007,12.43
13,2,19,474,2008,12.94
13,2,19,474,2009,13.61
13,2,19,474,2010,13.97
13,2,19,474,2011,13.49
13,2,19,474,2012,13.86
13,2,19,474,2013,14.2
13,2,19,474,2014,15.02
13,2,19,474,2015,15.72
13,2,19,474,2016,17.78
13,2,19,474,2017,18.31
13,2,20,474,1990,8.92
13,2,20,474,1991,9.17
13,2,20,474,1992,9.49
13,2,20,474,1993,9.89
13,2,20,474,1994,10.2
13,2,20,474,1995,10.89
13,2,20,474,1996,11.34
13,2,20,474,1997,11.56
13,2,20,474,1998,11.86
13,2,20,474,1999,12.41
13,2,20,474,2000,12.85
13,2,20,474,2001,13.12
13,2,20,474,2002,13.43
13,2,20,474,2003,13.88
13,2,20,474,2004,14.19
13,2,20,474,2005,14.92
13,2,20,474,2006,15.3
13,2,20,474,2007,15.71
13,2,20,474,2008,15.83
13,2,20,474,2009,16.32
13,2,20,474,2010,16.7
13,2,20,474,2011,17.48
13,2,20,474,2012,18.55
13,2,20,474,2013,19.66
13,2,20,474,2014,21.15
13,2,20,474,2015,21.89
13,2,20,474,2016,21.86
13,2,20,474,2017,22.16
13,2,22,474,1990,52.33
13,2,22,474,1991,54.32
13,2,22,474,1992,56.02
13,2,22,474,1993,57.11
13,2,22,474,1994,57.52
13,2,22,474,1995,59.67
13,2,22,474,1996,61.43
13,2,22,474,1997,62.83
13,2,22,474,1998,64.68
13,2,22,474,1999,67.85
13,2,22,474,2000,70.63
13,2,22,474,2001,71.93
13,2,22,474,2002,73.86
13,2,22,474,2003,76.28
13,2,22,474,2004,77.54
13,2,22,474,2005,78.93
13,2,22,474,2006,81.31
13,2,22,474,2007,83.6
13,2,22,474,2008,86.51
13,2,22,474,2009,90.72
13,2,22,474,2010,94
13,2,22,474,2011,96.14
13,2,22,474,2012,100.87
13,2,22,474,2013,105.44
13,2,22,474,2014,112.08
13,2,22,474,2015,115.89
13,2,22,474,2016,122.1
13,2,22,474,2017,125.73
13,2,30,474,1990,9.42
13,2,30,474,1991,9.75
13,2,30,474,1992,9.75
13,2,30,474,1993,9.5
13,2,30,474,1994,9.21
13,2,30,474,1995,9.3
13,2,30,474,1996,9.54
13,2,30,474,1997,9.8
13,2,30,474,1998,10.09
13,2,30,474,1999,10.69
13,2,30,474,2000,11.27
13,2,30,474,2001,11.5
13,2,30,474,2002,11.86
13,2,30,474,2003,12.36
13,2,30,474,2004,12.75
13,2,30,474,2005,12.99
13,2,30,474,2006,13.6
13,2,30,474,2007,14.13
13,2,30,474,2008,15.04
13,2,30,474,2009,16.04
13,2,30,474,2010,16.81
13,2,30,474,2011,17.3
13,2,30,474,2012,17.87
13,2,30,474,2013,18.4
13,2,30,474,2014,19.37
13,2,30,474,2015,19.95
13,2,30,474,2016,21.87
13,2,30,474,2017,22.72
13,2,31,474,1990,5.36
13,2,31,474,1991,6.18
13,2,31,474,1992,6.81
13,2,31,474,1993,7.19
13,2,31,474,1994,7.36
13,2,31,474,1995,7.6
13,2,31,474,1996,7.47
13,2,31,474,1997,7.4
13,2,31,474,1998,7.41
13,2,31,474,1999,7.7
13,2,31,474,2000,8.04
13,2,31,474,2001,8.41
13,2,31,474,2002,8.74
13,2,31,474,2003,9.08
13,2,31,474,2004,9.18
13,2,31,474,2005,9.13
13,2,31,474,2006,9.27
13,2,31,474,2007,9.48
13,2,31,474,2008,9.8
13,2,31,474,2009,10.41
13,2,31,474,2010,11.12
13,2,31,474,2011,11.46
13,2,31,474,2012,12.52
13,2,31,474,2013,13.48
13,2,31,474,2014,14.25
13,2,31,474,2015,14.56
13,2,31,474,2016,14.81
13,2,31,474,2017,15.25
13,2,32,474,1990,1.95
13,2,32,474,1991,1.97
13,2,32,474,1992,1.99
13,2,32,474,1993,2.01
13,2,32,474,1994,2.05
13,2,32,474,1995,2.14
13,2,32,474,1996,2.4
13,2,32,474,1997,2.64
13,2,32,474,1998,2.86
13,2,32,474,1999,3.09
13,2,32,474,2000,3.26
13,2,32,474,2001,3.23
13,2,32,474,2002,3.22
13,2,32,474,2003,3.24
13,2,32,474,2004,3.25
13,2,32,474,2005,3.24
13,2,32,474,2006,3.29
13,2,32,474,2007,3.43
13,2,32,474,2008,3.68
13,2,32,474,2009,3.87
13,2,32,474,2010,3.95
13,2,32,474,2011,4.05
13,2,32,474,2012,4.3
13,2,32,474,2013,4.62
13,2,32,474,2014,5.14
13,2,32,474,2015,5.75
13,2,32,474,2016,6.51
13,2,32,474,2017,6.83
13,2,235,474,1990,0.39
13,2,235,474,1991,0.42
13,2,235,474,1992,0.45
13,2,235,474,1993,0.46
13,2,235,474,1994,0.47
13,2,235,474,1995,0.48
13,2,235,474,1996,0.48
13,2,235,474,1997,0.49
13,2,235,474,1998,0.51
13,2,235,474,1999,0.55
13,2,235,474,2000,0.59
13,2,235,474,2001,0.67
13,2,235,474,2002,0.72
13,2,235,474,2003,0.77
13,2,235,474,2004,0.79
13,2,235,474,2005,0.79
13,2,235,474,2006,0.75
13,2,235,474,2007,0.76
13,2,235,474,2008,0.82
13,2,235,474,2009,0.87
13,2,235,474,2010,0.89
13,2,235,474,2011,0.92
13,2,235,474,2012,0.91
13,2,235,474,2013,0.89
13,2,235,474,2014,0.9
13,2,235,474,2015,0.95
13,2,235,474,2016,1.01
13,2,235,474,2017,1.06
14,2,8,474,1990,0
14,2,8,474,1991,0
14,2,8,474,1992,0
14,2,8,474,1993,0
14,2,8,474,1994,0
14,2,8,474,1995,0
14,2,8,474,1996,0
14,2,8,474,1997,0
14,2,8,474,1998,0
14,2,8,474,1999,0
14,2,8,474,2000,0
14,2,8,474,2001,0
14,2,8,474,2002,0
14,2,8,474,2003,0
14,2,8,474,2004,0
14,2,8,474,2005,0
14,2,8,474,2006,0
14,2,8,474,2007,0
14,2,8,474,2008,0
14,2,8,474,2009,0
14,2,8,474,2010,0
14,2,8,474,2011,0
14,2,8,474,2012,0
14,2,8,474,2013,0
14,2,8,474,2014,0
14,2,8,474,2015,0
14,2,8,474,2016,0
14,2,8,474,2017,0
14,2,9,474,1990,0
14,2,9,474,1991,0
14,2,9,474,1992,0
14,2,9,474,1993,0
14,2,9,474,1994,0
14,2,9,474,1995,0
14,2,9,474,1996,0
14,2,9,474,1997,0
14,2,9,474,1998,0
14,2,9,474,1999,0
14,2,9,474,2000,0
14,2,9,474,2001,0
14,2,9,474,2002,0
14,2,9,474,2003,0
14,2,9,474,2004,0
14,2,9,474,2005,0
14,2,9,474,2006,0
14,2,9,474,2007,0
14,2,9,474,2008,0
14,2,9,474,2009,0
14,2,9,474,2010,0
14,2,9,474,2011,0
14,2,9,474,2012,0
14,2,9,474,2013,0
14,2,9,474,2014,0
14,2,9,474,2015,0
14,2,9,474,2016,0
14,2,9,474,2017,0
14,2,10,474,1990,0
14,2,10,474,1991,0
14,2,10,474,1992,0
14,2,10,474,1993,0
14,2,10,474,1994,0
14,2,10,474,1995,0
14,2,10,474,1996,0
14,2,10,474,1997,0
14,2,10,474,1998,0
14,2,10,474,1999,0
14,2,10,474,2000,0
14,2,10,474,2001,0
14,2,10,474,2002,0
14,2,10,474,2003,0
14,2,10,474,2004,0
14,2,10,474,2005,0
14,2,10,474,2006,0
14,2,10,474,2007,0
14,2,10,474,2008,0
14,2,10,474,2009,0
14,2,10,474,2010,0
14,2,10,474,2011,0
14,2,10,474,2012,0
14,2,10,474,2013,0
14,2,10,474,2014,0
14,2,10,474,2015,0
14,2,10,474,2016,0
14,2,10,474,2017,0
14,2,11,474,1990,0.01
14,2,11,474,1991,0.01
14,2,11,474,1992,0.01
14,2,11,474,1993,0.01
14,2,11,474,1994,0.01
14,2,11,474,1995,0
14,2,11,474,1996,0
14,2,11,474,1997,0
14,2,11,474,1998,0
14,2,11,474,1999,0
14,2,11,474,2000,0
14,2,11,474,2001,0
14,2,11,474,2002,0
14,2,11,474,2003,0
14,2,11,474,2004,0
14,2,11,474,2005,0
14,2,11,474,2006,0
14,2,11,474,2007,0
14,2,11,474,2008,0
14,2,11,474,2009,0
14,2,11,474,2010,0
14,2,11,474,2011,0
14,2,11,474,2012,0
14,2,11,474,2013,0
14,2,11,474,2014,0
14,2,11,474,2015,0
14,2,11,474,2016,0.01
14,2,11,474,2017,0.01
14,2,12,474,1990,0.01
14,2,12,474,1991,0.01
14,2,12,474,1992,0.01
14,2,12,474,1993,0.01
14,2,12,474,1994,0.01
14,2,12,474,1995,0.01
14,2,12,474,1996,0.01
14,2,12,474,1997,0.01
14,2,12,474,1998,0.01
14,2,12,474,1999,0.01
14,2,12,474,2000,0.01
14,2,12,474,2001,0.01
14,2,12,474,2002,0.01
14,2,12,474,2003,0.01
14,2,12,474,2004,0.01
14,2,12,474,2005,0.01
14,2,12,474,2006,0.01
14,2,12,474,2007,0.01
14,2,12,474,2008,0.01
14,2,12,474,2009,0.01
14,2,12,474,2010,0.01
14,2,12,474,2011,0.01
14,2,12,474,2012,0.01
14,2,12,474,2013,0.01
14,2,12,474,2014,0.01
14,2,12,474,2015,0.01
14,2,12,474,2016,0.01
14,2,12,474,2017,0.01
14,2,13,474,1990,0.01
14,2,13,474,1991,0.01
14,2,13,474,1992,0.01
14,2,13,474,1993,0.01
14,2,13,474,1994,0.01
14,2,13,474,1995,0.01
14,2,13,474,1996,0.01
14,2,13,474,1997,0.01
14,2,13,474,1998,0.01
14,2,13,474,1999,0.01
14,2,13,474,2000,0.01
14,2,13,474,2001,0.01
14,2,13,474,2002,0.01
14,2,13,474,2003,0.02
14,2,13,474,2004,0.01
14,2,13,474,2005,0.01
14,2,13,474,2006,0.02
14,2,13,474,2007,0.01
14,2,13,474,2008,0.01
14,2,13,474,2009,0.01
14,2,13,474,2010,0.01
14,2,13,474,2011,0.01
14,2,13,474,2012,0.01
14,2,13,474,2013,0.01
14,2,13,474,2014,0.01
14,2,13,474,2015,0.01
14,2,13,474,2016,0.01
14,2,13,474,2017,0.01
14,2,14,474,1990,0.02
14,2,14,474,1991,0.02
14,2,14,474,1992,0.02
14,2,14,474,1993,0.02
14,2,14,474,1994,0.02
14,2,14,474,1995,0.01
14,2,14,474,1996,0.01
14,2,14,474,1997,0.02
14,2,14,474,1998,0.02
14,2,14,474,1999,0.01
14,2,14,474,2000,0.01
14,2,14,474,2001,0.01
14,2,14,474,2002,0.02
14,2,14,474,2003,0.02
14,2,14,474,2004,0.02
14,2,14,474,2005,0.02
14,2,14,474,2006,0.02
14,2,14,474,2007,0.02
14,2,14,474,2008,0.02
14,2,14,474,2009,0.02
14,2,14,474,2010,0.02
14,2,14,474,2011,0.02
14,2,14,474,2012,0.02
14,2,14,474,2013,0.02
14,2,14,474,2014,0.02
14,2,14,474,2015,0.02
14,2,14,474,2016,0.02
14,2,14,474,2017,0.02
14,2,15,474,1990,0.03
14,2,15,474,1991,0.03
14,2,15,474,1992,0.03
14,2,15,474,1993,0.04
14,2,15,474,1994,0.03
14,2,15,474,1995,0.03
14,2,15,474,1996,0.03
14,2,15,474,1997,0.03
14,2,15,474,1998,0.03
14,2,15,474,1999,0.03
14,2,15,474,2000,0.03
14,2,15,474,2001,0.03
14,2,15,474,2002,0.03
14,2,15,474,2003,0.03
14,2,15,474,2004,0.03
14,2,15,474,2005,0.03
14,2,15,474,2006,0.03
14,2,15,474,2007,0.03
14,2,15,474,2008,0.03
14,2,15,474,2009,0.03
14,2,15,474,2010,0.03
14,2,15,474,2011,0.03
14,2,15,474,2012,0.04
14,2,15,474,2013,0.04
14,2,15,474,2014,0.04
14,2,15,474,2015,0.04
14,2,15,474,2016,0.04
14,2,15,474,2017,0.04
14,2,16,474,1990,0.04
14,2,16,474,1991,0.05
14,2,16,474,1992,0.05
14,2,16,474,1993,0.05
14,2,16,474,1994,0.05
14,2,16,474,1995,0.05
14,2,16,474,1996,0.05
14,2,16,474,1997,0.05
14,2,16,474,1998,0.04
14,2,16,474,1999,0.04
14,2,16,474,2000,0.04
14,2,16,474,2001,0.04
14,2,16,474,2002,0.04
14,2,16,474,2003,0.03
14,2,16,474,2004,0.03
14,2,16,474,2005,0.03
14,2,16,474,2006,0.03
14,2,16,474,2007,0.03
14,2,16,474,2008,0.03
14,2,16,474,2009,0.03
14,2,16,474,2010,0.04
14,2,16,474,2011,0.04
14,2,16,474,2012,0.04
14,2,16,474,2013,0.04
14,2,16,474,2014,0.05
14,2,16,474,2015,0.05
14,2,16,474,2016,0.05
14,2,16,474,2017,0.06
14,2,17,474,1990,0.04
14,2,17,474,1991,0.04
14,2,17,474,1992,0.05
14,2,17,474,1993,0.05
14,2,17,474,1994,0.05
14,2,17,474,1995,0.06
14,2,17,474,1996,0.06
14,2,17,474,1997,0.06
14,2,17,474,1998,0.07
14,2,17,474,1999,0.07
14,2,17,474,2000,0.07
14,2,17,474,2001,0.07
14,2,17,474,2002,0.07
14,2,17,474,2003,0.06
14,2,17,474,2004,0.06
14,2,17,474,2005,0.06
14,2,17,474,2006,0.05
14,2,17,474,2007,0.05
14,2,17,474,2008,0.05
14,2,17,474,2009,0.05
14,2,17,474,2010,0.05
14,2,17,474,2011,0.05
14,2,17,474,2012,0.05
14,2,17,474,2013,0.05
14,2,17,474,2014,0.05
14,2,17,474,2015,0.06
14,2,17,474,2016,0.06
14,2,17,474,2017,0.07
14,2,18,474,1990,0.05
14,2,18,474,1991,0.05
14,2,18,474,1992,0.05
14,2,18,474,1993,0.06
14,2,18,474,1994,0.06
14,2,18,474,1995,0.06
14,2,18,474,1996,0.06
14,2,18,474,1997,0.06
14,2,18,474,1998,0.07
14,2,18,474,1999,0.07
14,2,18,474,2000,0.07
14,2,18,474,2001,0.08
14,2,18,474,2002,0.08
14,2,18,474,2003,0.08
14,2,18,474,2004,0.08
14,2,18,474,2005,0.08
14,2,18,474,2006,0.08
14,2,18,474,2007,0.08
14,2,18,474,2008,0.07
14,2,18,474,2009,0.07
14,2,18,474,2010,0.06
14,2,18,474,2011,0.06
14,2,18,474,2012,0.06
14,2,18,474,2013,0.06
14,2,18,474,2014,0.06
14,2,18,474,2015,0.06
14,2,18,474,2016,0.06
14,2,18,474,2017,0.07
14,2,19,474,1990,0.05
14,2,19,474,1991,0.05
14,2,19,474,1992,0.05
14,2,19,474,1993,0.05
14,2,19,474,1994,0.05
14,2,19,474,1995,0.06
14,2,19,474,1996,0.06
14,2,19,474,1997,0.07
14,2,19,474,1998,0.07
14,2,19,474,1999,0.07
14,2,19,474,2000,0.07
14,2,19,474,2001,0.08
14,2,19,474,2002,0.09
14,2,19,474,2003,0.09
14,2,19,474,2004,0.1
14,2,19,474,2005,0.1
14,2,19,474,2006,0.1
14,2,19,474,2007,0.1
14,2,19,474,2008,0.09
14,2,19,474,2009,0.08
14,2,19,474,2010,0.08
14,2,19,474,2011,0.09
14,2,19,474,2012,0.09
14,2,19,474,2013,0.09
14,2,19,474,2014,0.09
14,2,19,474,2015,0.09
14,2,19,474,2016,0.08
14,2,19,474,2017,0.08
14,2,20,474,1990,0.04
14,2,20,474,1991,0.04
14,2,20,474,1992,0.05
14,2,20,474,1993,0.05
14,2,20,474,1994,0.05
14,2,20,474,1995,0.05
14,2,20,474,1996,0.06
14,2,20,474,1997,0.06
14,2,20,474,1998,0.07
14,2,20,474,1999,0.07
14,2,20,474,2000,0.08
14,2,20,474,2001,0.09
14,2,20,474,2002,0.1
14,2,20,474,2003,0.1
14,2,20,474,2004,0.11
14,2,20,474,2005,0.11
14,2,20,474,2006,0.11
14,2,20,474,2007,0.11
14,2,20,474,2008,0.11
14,2,20,474,2009,0.11
14,2,20,474,2010,0.11
14,2,20,474,2011,0.12
14,2,20,474,2012,0.12
14,2,20,474,2013,0.13
14,2,20,474,2014,0.13
14,2,20,474,2015,0.13
14,2,20,474,2016,0.14
14,2,20,474,2017,0.14
14,2,22,474,1990,0.34
14,2,22,474,1991,0.36
14,2,22,474,1992,0.38
14,2,22,474,1993,0.39
14,2,22,474,1994,0.4
14,2,22,474,1995,0.41
14,2,22,474,1996,0.43
14,2,22,474,1997,0.45
14,2,22,474,1998,0.47
14,2,22,474,1999,0.48
14,2,22,474,2000,0.5
14,2,22,474,2001,0.53
14,2,22,474,2002,0.56
14,2,22,474,2003,0.56
14,2,22,474,2004,0.59
14,2,22,474,2005,0.6
14,2,22,474,2006,0.6
14,2,22,474,2007,0.6
14,2,22,474,2008,0.59
14,2,22,474,2009,0.59
14,2,22,474,2010,0.61
14,2,22,474,2011,0.65
14,2,22,474,2012,0.69
14,2,22,474,2013,0.73
14,2,22,474,2014,0.79
14,2,22,474,2015,0.83
14,2,22,474,2016,0.88
14,2,22,474,2017,0.93
14,2,30,474,1990,0.03
14,2,30,474,1991,0.03
14,2,30,474,1992,0.03
14,2,30,474,1993,0.03
14,2,30,474,1994,0.03
14,2,30,474,1995,0.04
14,2,30,474,1996,0.04
14,2,30,474,1997,0.05
14,2,30,474,1998,0.05
14,2,30,474,1999,0.05
14,2,30,474,2000,0.05
14,2,30,474,2001,0.05
14,2,30,474,2002,0.06
14,2,30,474,2003,0.06
14,2,30,474,2004,0.07
14,2,30,474,2005,0.07
14,2,30,474,2006,0.08
14,2,30,474,2007,0.09
14,2,30,474,2008,0.09
14,2,30,474,2009,0.09
14,2,30,474,2010,0.1
14,2,30,474,2011,0.1
14,2,30,474,2012,0.11
14,2,30,474,2013,0.12
14,2,30,474,2014,0.14
14,2,30,474,2015,0.15
14,2,30,474,2016,0.16
14,2,30,474,2017,0.17
14,2,31,474,1990,0.01
14,2,31,474,1991,0.01
14,2,31,474,1992,0.01
14,2,31,474,1993,0.02
14,2,31,474,1994,0.02
14,2,31,474,1995,0.02
14,2,31,474,1996,0.02
14,2,31,474,1997,0.02
14,2,31,474,1998,0.02
14,2,31,474,1999,0.02
14,2,31,474,2000,0.03
14,2,31,474,2001,0.03
14,2,31,474,2002,0.04
14,2,31,474,2003,0.04
14,2,31,474,2004,0.04
14,2,31,474,2005,0.04
14,2,31,474,2006,0.04
14,2,31,474,2007,0.04
14,2,31,474,2008,0.05
14,2,31,474,2009,0.05
14,2,31,474,2010,0.06
14,2,31,474,2011,0.07
14,2,31,474,2012,0.08
14,2,31,474,2013,0.1
14,2,31,474,2014,0.11
14,2,31,474,2015,0.12
14,2,31,474,2016,0.13
14,2,31,474,2017,0.14
14,2,32,474,1990,0
14,2,32,474,1991,0
14,2,32,474,1992,0
14,2,32,474,1993,0
14,2,32,474,1994,0
14,2,32,474,1995,0.01
14,2,32,474,1996,0.01
14,2,32,474,1997,0.01
14,2,32,474,1998,0.01
14,2,32,474,1999,0.01
14,2,32,474,2000,0.01
14,2,32,474,2001,0.01
14,2,32,474,2002,0.01
14,2,32,474,2003,0.01
14,2,32,474,2004,0.01
14,2,32,474,2005,0.02
14,2,32,474,2006,0.02
14,2,32,474,2007,0.02
14,2,32,474,2008,0.02
14,2,32,474,2009,0.03
14,2,32,474,2010,0.03
14,2,32,474,2011,0.03
14,2,32,474,2012,0.04
14,2,32,474,2013,0.04
14,2,32,474,2014,0.05
14,2,32,474,2015,0.06
14,2,32,474,2016,0.07
14,2,32,474,2017,0.08
14,2,235,474,1990,0
14,2,235,474,1991,0
14,2,235,474,1992,0
14,2,235,474,1993,0
14,2,235,474,1994,0
14,2,235,474,1995,0
14,2,235,474,1996,0
14,2,235,474,1997,0
14,2,235,474,1998,0
14,2,235,474,1999,0
14,2,235,474,2000,0
14,2,235,474,2001,0
14,2,235,474,2002,0
14,2,235,474,2003,0
14,2,235,474,2004,0
14,2,235,474,2005,0
14,2,235,474,2006,0
14,2,235,474,2007,0
14,2,235,474,2008,0.01
14,2,235,474,2009,0.01
14,2,235,474,2010,0.01
14,2,235,474,2011,0.01
14,2,235,474,2012,0.01
14,2,235,474,2013,0.01
14,2,235,474,2014,0.02
14,2,235,474,2015,0.02
14,2,235,474,2016,0.02
14,2,235,474,2017,0.02
15,2,8,474,1990,0.48
15,2,8,474,1991,0.48
15,2,8,474,1992,0.48
15,2,8,474,1993,0.48
15,2,8,474,1994,0.47
15,2,8,474,1995,0.47
15,2,8,474,1996,0.46
15,2,8,474,1997,0.46
15,2,8,474,1998,0.45
15,2,8,474,1999,0.44
15,2,8,474,2000,0.44
15,2,8,474,2001,0.43
15,2,8,474,2002,0.42
15,2,8,474,2003,0.41
15,2,8,474,2004,0.41
15,2,8,474,2005,0.4
15,2,8,474,2006,0.39
15,2,8,474,2007,0.38
15,2,8,474,2008,0.37
15,2,8,474,2009,0.37
15,2,8,474,2010,0.37
15,2,8,474,2011,0.36
15,2,8,474,2012,0.37
15,2,8,474,2013,0.37
15,2,8,474,2014,0.37
15,2,8,474,2015,0.36
15,2,8,474,2016,0.36
15,2,8,474,2017,0.36
15,2,9,474,1990,1.07
15,2,9,474,1991,1.08
15,2,9,474,1992,1.07
15,2,9,474,1993,1.06
15,2,9,474,1994,1.05
15,2,9,474,1995,1.04
15,2,9,474,1996,1.02
15,2,9,474,1997,1
15,2,9,474,1998,0.98
15,2,9,474,1999,0.96
15,2,9,474,2000,0.95
15,2,9,474,2001,0.94
15,2,9,474,2002,0.93
15,2,9,474,2003,0.92
15,2,9,474,2004,0.91
15,2,9,474,2005,0.89
15,2,9,474,2006,0.87
15,2,9,474,2007,0.84
15,2,9,474,2008,0.81
15,2,9,474,2009,0.78
15,2,9,474,2010,0.75
15,2,9,474,2011,0.71
15,2,9,474,2012,0.68
15,2,9,474,2013,0.65
15,2,9,474,2014,0.62
15,2,9,474,2015,0.6
15,2,9,474,2016,0.59
15,2,9,474,2017,0.59
15,2,10,474,1990,1.18
15,2,10,474,1991,1.19
15,2,10,474,1992,1.2
15,2,10,474,1993,1.19
15,2,10,474,1994,1.18
15,2,10,474,1995,1.18
15,2,10,474,1996,1.16
15,2,10,474,1997,1.15
15,2,10,474,1998,1.14
15,2,10,474,1999,1.12
15,2,10,474,2000,1.12
15,2,10,474,2001,1.1
15,2,10,474,2002,1.1
15,2,10,474,2003,1.09
15,2,10,474,2004,1.08
15,2,10,474,2005,1.07
15,2,10,474,2006,1.04
15,2,10,474,2007,1.02
15,2,10,474,2008,0.99
15,2,10,474,2009,0.95
15,2,10,474,2010,0.92
15,2,10,474,2011,0.88
15,2,10,474,2012,0.84
15,2,10,474,2013,0.81
15,2,10,474,2014,0.78
15,2,10,474,2015,0.75
15,2,10,474,2016,0.72
15,2,10,474,2017,0.71
15,2,11,474,1990,2.07
15,2,11,474,1991,2.11
15,2,11,474,1992,2.14
15,2,11,474,1993,2.16
15,2,11,474,1994,2.17
15,2,11,474,1995,2.19
15,2,11,474,1996,2.18
15,2,11,474,1997,2.17
15,2,11,474,1998,2.16
15,2,11,474,1999,2.15
15,2,11,474,2000,2.15
15,2,11,474,2001,2.15
15,2,11,474,2002,2.15
15,2,11,474,2003,2.16
15,2,11,474,2004,2.15
15,2,11,474,2005,2.12
15,2,11,474,2006,2.09
15,2,11,474,2007,2.04
15,2,11,474,2008,1.99
15,2,11,474,2009,1.93
15,2,11,474,2010,1.87
15,2,11,474,2011,1.8
15,2,11,474,2012,1.74
15,2,11,474,2013,1.7
15,2,11,474,2014,1.65
15,2,11,474,2015,1.61
15,2,11,474,2016,1.57
15,2,11,474,2017,1.55
15,2,12,474,1990,3.56
15,2,12,474,1991,3.64
15,2,12,474,1992,3.7
15,2,12,474,1993,3.76
15,2,12,474,1994,3.81
15,2,12,474,1995,3.86
15,2,12,474,1996,3.89
15,2,12,474,1997,3.92
15,2,12,474,1998,3.95
15,2,12,474,1999,3.98
15,2,12,474,2000,4.03
15,2,12,474,2001,4.04
15,2,12,474,2002,4.06
15,2,12,474,2003,4.09
15,2,12,474,2004,4.06
15,2,12,474,2005,4.02
15,2,12,474,2006,3.97
15,2,12,474,2007,3.89
15,2,12,474,2008,3.81
15,2,12,474,2009,3.71
15,2,12,474,2010,3.59
15,2,12,474,2011,3.46
15,2,12,474,2012,3.34
15,2,12,474,2013,3.26
15,2,12,474,2014,3.17
15,2,12,474,2015,3.1
15,2,12,474,2016,3.05
15,2,12,474,2017,3.02
15,2,13,474,1990,7.33
15,2,13,474,1991,7.69
15,2,13,474,1992,8.03
15,2,13,474,1993,8.38
15,2,13,474,1994,8.6
15,2,13,474,1995,9.06
15,2,13,474,1996,9.11
15,2,13,474,1997,9.17
15,2,13,474,1998,9.23
15,2,13,474,1999,9.31
15,2,13,474,2000,9.44
15,2,13,474,2001,9.56
15,2,13,474,2002,9.7
15,2,13,474,2003,9.88
15,2,13,474,2004,9.9
15,2,13,474,2005,9.83
15,2,13,474,2006,9.8
15,2,13,474,2007,9.66
15,2,13,474,2008,9.51
15,2,13,474,2009,9.27
15,2,13,474,2010,9
15,2,13,474,2011,8.73
15,2,13,474,2012,8.5
15,2,13,474,2013,8.38
15,2,13,474,2014,8.21
15,2,13,474,2015,8.11
15,2,13,474,2016,8.02
15,2,13,474,2017,7.97
15,2,14,474,1990,9.47
15,2,14,474,1991,9.58
15,2,14,474,1992,9.69
15,2,14,474,1993,9.81
15,2,14,474,1994,10.09
15,2,14,474,1995,9.94
15,2,14,474,1996,10.35
15,2,14,474,1997,10.75
15,2,14,474,1998,11.15
15,2,14,474,1999,11.43
15,2,14,474,2000,12.08
15,2,14,474,2001,12.22
15,2,14,474,2002,12.38
15,2,14,474,2003,12.64
15,2,14,474,2004,12.73
15,2,14,474,2005,12.72
15,2,14,474,2006,12.83
15,2,14,474,2007,12.82
15,2,14,474,2008,12.78
15,2,14,474,2009,12.64
15,2,14,474,2010,12.45
15,2,14,474,2011,12.26
15,2,14,474,2012,12.06
15,2,14,474,2013,11.96
15,2,14,474,2014,11.81
15,2,14,474,2015,11.75
15,2,14,474,2016,11.71
15,2,14,474,2017,11.7
15,2,15,474,1990,16
15,2,15,474,1991,15.93
15,2,15,474,1992,15.83
15,2,15,474,1993,15.75
15,2,15,474,1994,15.72
15,2,15,474,1995,15.74
15,2,15,474,1996,15.85
15,2,15,474,1997,16.02
15,2,15,474,1998,16.16
15,2,15,474,1999,16.61
15,2,15,474,2000,16.43
15,2,15,474,2001,17.14
15,2,15,474,2002,17.81
15,2,15,474,2003,18.65
15,2,15,474,2004,19.04
15,2,15,474,2005,19.83
15,2,15,474,2006,19.97
15,2,15,474,2007,19.95
15,2,15,474,2008,19.96
15,2,15,474,2009,19.86
15,2,15,474,2010,19.75
15,2,15,474,2011,19.68
15,2,15,474,2012,19.66
15,2,15,474,2013,19.84
15,2,15,474,2014,19.9
15,2,15,474,2015,20.05
15,2,15,474,2016,20.17
15,2,15,474,2017,20.25
15,2,16,474,1990,22.93
15,2,16,474,1991,22.98
15,2,16,474,1992,22.96
15,2,16,474,1993,22.87
15,2,16,474,1994,22.49
15,2,16,474,1995,22.18
15,2,16,474,1996,21.89
15,2,16,474,1997,21.64
15,2,16,474,1998,21.45
15,2,16,474,1999,21.38
15,2,16,474,2000,21.47
15,2,16,474,2001,21.67
15,2,16,474,2002,21.94
15,2,16,474,2003,22.34
15,2,16,474,2004,22.94
15,2,16,474,2005,22.43
15,2,16,474,2006,23.41
15,2,16,474,2007,24.19
15,2,16,474,2008,24.9
15,2,16,474,2009,25.16
15,2,16,474,2010,26.1
15,2,16,474,2011,25.99
15,2,16,474,2012,26.03
15,2,16,474,2013,26.34
15,2,16,474,2014,26.59
15,2,16,474,2015,27.07
15,2,16,474,2016,27.55
15,2,16,474,2017,27.97
15,2,17,474,1990,29.62
15,2,17,474,1991,29.98
15,2,17,474,1992,30.07
15,2,17,474,1993,29.93
15,2,17,474,1994,29.4
15,2,17,474,1995,29.31
15,2,17,474,1996,29.16
15,2,17,474,1997,28.96
15,2,17,474,1998,28.66
15,2,17,474,1999,28.05
15,2,17,474,2000,27.68
15,2,17,474,2001,27.33
15,2,17,474,2002,27.01
15,2,17,474,2003,26.97
15,2,17,474,2004,26.87
15,2,17,474,2005,26.76
15,2,17,474,2006,27.05
15,2,17,474,2007,27.3
15,2,17,474,2008,27.31
15,2,17,474,2009,27.71
15,2,17,474,2010,26.93
15,2,17,474,2011,27.72
15,2,17,474,2012,28.56
15,2,17,474,2013,29.69
15,2,17,474,2014,30.36
15,2,17,474,2015,32.06
15,2,17,474,2016,32.5
15,2,17,474,2017,32.91
15,2,18,474,1990,38.33
15,2,18,474,1991,39.02
15,2,18,474,1992,39.87
15,2,18,474,1993,40.92
15,2,18,474,1994,42.98
15,2,18,474,1995,43.44
15,2,18,474,1996,43.5
15,2,18,474,1997,43.1
15,2,18,474,1998,42.28
15,2,18,474,1999,40.99
15,2,18,474,2000,40.63
15,2,18,474,2001,40.38
15,2,18,474,2002,40.08
15,2,18,474,2003,40.05
15,2,18,474,2004,39.41
15,2,18,474,2005,38.82
15,2,18,474,2006,38.6
15,2,18,474,2007,38.26
15,2,18,474,2008,37.82
15,2,18,474,2009,37.37
15,2,18,474,2010,37.08
15,2,18,474,2011,36.97
15,2,18,474,2012,37.17
15,2,18,474,2013,37.68
15,2,18,474,2014,38.83
15,2,18,474,2015,38.6
15,2,18,474,2016,40.69
15,2,18,474,2017,42.7
15,2,19,474,1990,40.28
15,2,19,474,1991,41.79
15,2,19,474,1992,43.15
15,2,19,474,1993,44.31
15,2,19,474,1994,44.65
15,2,19,474,1995,45.33
15,2,19,474,1996,46.19
15,2,19,474,1997,47.28
15,2,19,474,1998,48.62
15,2,19,474,1999,51.16
15,2,19,474,2000,52.01
15,2,19,474,2001,52.34
15,2,19,474,2002,52.03
15,2,19,474,2003,51.52
15,2,19,474,2004,50.29
15,2,19,474,2005,49.79
15,2,19,474,2006,49.66
15,2,19,474,2007,49.26
15,2,19,474,2008,48.51
15,2,19,474,2009,47.09
15,2,19,474,2010,46.03
15,2,19,474,2011,45.12
15,2,19,474,2012,44.67
15,2,19,474,2013,44.8
15,2,19,474,2014,45.09
15,2,19,474,2015,46.01
15,2,19,474,2016,47.28
15,2,19,474,2017,48.62
15,2,20,474,1990,39.81
15,2,20,474,1991,41.02
15,2,20,474,1992,42.45
15,2,20,474,1993,44.13
15,2,20,474,1994,45.86
15,2,20,474,1995,47.74
15,2,20,474,1996,49.59
15,2,20,474,1997,51.26
15,2,20,474,1998,52.66
15,2,20,474,1999,53.21
15,2,20,474,2000,54.59
15,2,20,474,2001,56.3
15,2,20,474,2002,58.29
15,2,20,474,2003,60.94
15,2,20,474,2004,64.93
15,2,20,474,2005,66.11
15,2,20,474,2006,67.04
15,2,20,474,2007,66.84
15,2,20,474,2008,65.71
15,2,20,474,2009,63.67
15,2,20,474,2010,62.78
15,2,20,474,2011,62.01
15,2,20,474,2012,61.7
15,2,20,474,2013,61.79
15,2,20,474,2014,61.3
15,2,20,474,2015,61.76
15,2,20,474,2016,62.42
15,2,20,474,2017,63.1
15,2,22,474,1990,256.19
15,2,22,474,1991,261.58
15,2,22,474,1992,266.83
15,2,22,474,1993,272.02
15,2,22,474,1994,277.12
15,2,22,474,1995,281.54
15,2,22,474,1996,286.15
15,2,22,474,1997,290.66
15,2,22,474,1998,294.91
15,2,22,474,1999,299.55
15,2,22,474,2000,305.09
15,2,22,474,2001,311.23
15,2,22,474,2002,317.22
15,2,22,474,2003,325.12
15,2,22,474,2004,331.52
15,2,22,474,2005,335.48
15,2,22,474,2006,342.13
15,2,22,474,2007,346.64
15,2,22,474,2008,349.41
15,2,22,474,2009,350.59
15,2,22,474,2010,351.01
15,2,22,474,2011,351.85
15,2,22,474,2012,354.37
15,2,22,474,2013,359.7
15,2,22,474,2014,364.62
15,2,22,474,2015,371.27
15,2,22,474,2016,379.24
15,2,22,474,2017,386.84
15,2,30,474,1990,27.37
15,2,30,474,1991,27.94
15,2,30,474,1992,28.55
15,2,30,474,1993,29.17
15,2,30,474,1994,30.03
15,2,30,474,1995,30.91
15,2,30,474,1996,32.04
15,2,30,474,1997,33.37
15,2,30,474,1998,34.89
15,2,30,474,1999,36.66
15,2,30,474,2000,38.83
15,2,30,474,2001,41.04
15,2,30,474,2002,43.24
15,2,30,474,2003,45.58
15,2,30,474,2004,46.99
15,2,30,474,2005,48.81
15,2,30,474,2006,51.16
15,2,30,474,2007,53.61
15,2,30,474,2008,56.13
15,2,30,474,2009,59.7
15,2,30,474,2010,60.76
15,2,30,474,2011,61.04
15,2,30,474,2012,60.98
15,2,30,474,2013,60.82
15,2,30,474,2014,60.12
15,2,30,474,2015,60.82
15,2,30,474,2016,61.62
15,2,30,474,2017,62.37
15,2,31,474,1990,13.37
15,2,31,474,1991,13.65
15,2,31,474,1992,13.93
15,2,31,474,1993,14.22
15,2,31,474,1994,14.6
15,2,31,474,1995,15.01
15,2,31,474,1996,15.5
15,2,31,474,1997,16.04
15,2,31,474,1998,16.59
15,2,31,474,1999,17.38
15,2,31,474,2000,18.29
15,2,31,474,2001,19.36
15,2,31,474,2002,20.59
15,2,31,474,2003,22.07
15,2,31,474,2004,23.64
15,2,31,474,2005,25.33
15,2,31,474,2006,27.21
15,2,31,474,2007,29
15,2,31,474,2008,30.67
15,2,31,474,2009,31.63
15,2,31,474,2010,33.22
15,2,31,474,2011,34.98
15,2,31,474,2012,37.17
15,2,31,474,2013,39.88
15,2,31,474,2014,43.5
15,2,31,474,2015,45.34
15,2,31,474,2016,46.61
15,2,31,474,2017,47.44
15,2,32,474,1990,2.9
15,2,32,474,1991,3.07
15,2,32,474,1992,3.24
15,2,32,474,1993,3.41
15,2,32,474,1994,3.5
15,2,32,474,1995,3.59
15,2,32,474,1996,3.68
15,2,32,474,1997,3.78
15,2,32,474,1998,3.9
15,2,32,474,1999,4.05
15,2,32,474,2000,4.26
15,2,32,474,2001,4.47
15,2,32,474,2002,4.71
15,2,32,474,2003,4.99
15,2,32,474,2004,5.32
15,2,32,474,2005,5.66
15,2,32,474,2006,6.08
15,2,32,474,2007,6.55
15,2,32,474,2008,7.05
15,2,32,474,2009,7.59
15,2,32,474,2010,8.21
15,2,32,474,2011,8.83
15,2,32,474,2012,9.48
15,2,32,474,2013,10.17
15,2,32,474,2014,10.64
15,2,32,474,2015,11.42
15,2,32,474,2016,12.34
15,2,32,474,2017,13.37
15,2,235,474,1990,0.42
15,2,235,474,1991,0.43
15,2,235,474,1992,0.45
15,2,235,474,1993,0.48
15,2,235,474,1994,0.51
15,2,235,474,1995,0.54
15,2,235,474,1996,0.57
15,2,235,474,1997,0.61
15,2,235,474,1998,0.65
15,2,235,474,1999,0.67
15,2,235,474,2000,0.71
15,2,235,474,2001,0.74
15,2,235,474,2002,0.78
15,2,235,474,2003,0.82
15,2,235,474,2004,0.86
15,2,235,474,2005,0.91
15,2,235,474,2006,0.97
15,2,235,474,2007,1.03
15,2,235,474,2008,1.08
15,2,235,474,2009,1.15
15,2,235,474,2010,1.23
15,2,235,474,2011,1.32
15,2,235,474,2012,1.42
15,2,235,474,2013,1.55
15,2,235,474,2014,1.69
15,2,235,474,2015,1.86
15,2,235,474,2016,2.03
15,2,235,474,2017,2.22
16,2,8,474,1990,0.35
16,2,8,474,1991,0.37
16,2,8,474,1992,0.37
16,2,8,474,1993,0.38
16,2,8,474,1994,0.39
16,2,8,474,1995,0.41
16,2,8,474,1996,0.42
16,2,8,474,1997,0.43
16,2,8,474,1998,0.43
16,2,8,474,1999,0.44
16,2,8,474,2000,0.44
16,2,8,474,2001,0.45
16,2,8,474,2002,0.46
16,2,8,474,2003,0.48
16,2,8,474,2004,0.49
16,2,8,474,2005,0.51
16,2,8,474,2006,0.54
16,2,8,474,2007,0.55
16,2,8,474,2008,0.57
16,2,8,474,2009,0.57
16,2,8,474,2010,0.56
16,2,8,474,2011,0.57
16,2,8,474,2012,0.58
16,2,8,474,2013,0.57
16,2,8,474,2014,0.57
16,2,8,474,2015,0.57
16,2,8,474,2016,0.58
16,2,8,474,2017,0.58
16,2,9,474,1990,0.63
16,2,9,474,1991,0.65
16,2,9,474,1992,0.69
16,2,9,474,1993,0.65
16,2,9,474,1994,0.64
16,2,9,474,1995,0.68
16,2,9,474,1996,0.68
16,2,9,474,1997,0.7
16,2,9,474,1998,0.66
16,2,9,474,1999,0.71
16,2,9,474,2000,0.77
16,2,9,474,2001,0.79
16,2,9,474,2002,0.83
16,2,9,474,2003,0.86
16,2,9,474,2004,0.87
16,2,9,474,2005,0.88
16,2,9,474,2006,0.9
16,2,9,474,2007,0.89
16,2,9,474,2008,0.89
16,2,9,474,2009,0.91
16,2,9,474,2010,0.94
16,2,9,474,2011,0.96
16,2,9,474,2012,0.99
16,2,9,474,2013,1.03
16,2,9,474,2014,1.04
16,2,9,474,2015,1.07
16,2,9,474,2016,1.08
16,2,9,474,2017,1.09
16,2,10,474,1990,0.81
16,2,10,474,1991,0.8
16,2,10,474,1992,0.86
16,2,10,474,1993,0.88
16,2,10,474,1994,0.9
16,2,10,474,1995,0.98
16,2,10,474,1996,0.99
16,2,10,474,1997,1.04
16,2,10,474,1998,1
16,2,10,474,1999,0.99
16,2,10,474,2000,1.09
16,2,10,474,2001,1.1
16,2,10,474,2002,1.16
16,2,10,474,2003,1.22
16,2,10,474,2004,1.25
16,2,10,474,2005,1.3
16,2,10,474,2006,1.34
16,2,10,474,2007,1.34
16,2,10,474,2008,1.3
16,2,10,474,2009,1.3
16,2,10,474,2010,1.29
16,2,10,474,2011,1.27
16,2,10,474,2012,1.29
16,2,10,474,2013,1.32
16,2,10,474,2014,1.33
16,2,10,474,2015,1.4
16,2,10,474,2016,1.43
16,2,10,474,2017,1.44
16,2,11,474,1990,1.14
16,2,11,474,1991,1.16
16,2,11,474,1992,1.26
16,2,11,474,1993,1.24
16,2,11,474,1994,1.24
16,2,11,474,1995,1.31
16,2,11,474,1996,1.29
16,2,11,474,1997,1.34
16,2,11,474,1998,1.28
16,2,11,474,1999,1.28
16,2,11,474,2000,1.45
16,2,11,474,2001,1.5
16,2,11,474,2002,1.57
16,2,11,474,2003,1.63
16,2,11,474,2004,1.59
16,2,11,474,2005,1.59
16,2,11,474,2006,1.59
16,2,11,474,2007,1.6
16,2,11,474,2008,1.62
16,2,11,474,2009,1.66
16,2,11,474,2010,1.67
16,2,11,474,2011,1.74
16,2,11,474,2012,1.81
16,2,11,474,2013,1.85
16,2,11,474,2014,1.81
16,2,11,474,2015,1.88
16,2,11,474,2016,1.87
16,2,11,474,2017,1.87
16,2,12,474,1990,1.73
16,2,12,474,1991,1.8
16,2,12,474,1992,2.01
16,2,12,474,1993,1.94
16,2,12,474,1994,1.91
16,2,12,474,1995,2.09
16,2,12,474,1996,2.13
16,2,12,474,1997,2.29
16,2,12,474,1998,2.18
16,2,12,474,1999,2.17
16,2,12,474,2000,2.52
16,2,12,474,2001,2.66
16,2,12,474,2002,2.8
16,2,12,474,2003,2.86
16,2,12,474,2004,2.92
16,2,12,474,2005,3.01
16,2,12,474,2006,3.09
16,2,12,474,2007,3.13
16,2,12,474,2008,3.02
16,2,12,474,2009,3.15
16,2,12,474,2010,3.02
16,2,12,474,2011,3.17
16,2,12,474,2012,3.3
16,2,12,474,2013,3.41
16,2,12,474,2014,3.39
16,2,12,474,2015,3.59
16,2,12,474,2016,3.6
16,2,12,474,2017,3.59
16,2,13,474,1990,3.11
16,2,13,474,1991,3.13
16,2,13,474,1992,3.51
16,2,13,474,1993,3.46
16,2,13,474,1994,3.51
16,2,13,474,1995,3.62
16,2,13,474,1996,3.75
16,2,13,474,1997,3.96
16,2,13,474,1998,3.9
16,2,13,474,1999,3.99
16,2,13,474,2000,4.53
16,2,13,474,2001,4.71
16,2,13,474,2002,4.95
16,2,13,474,2003,5.32
16,2,13,474,2004,5.35
16,2,13,474,2005,5.49
16,2,13,474,2006,5.6
16,2,13,474,2007,5.75
16,2,13,474,2008,5.76
16,2,13,474,2009,5.78
16,2,13,474,2010,5.91
16,2,13,474,2011,5.81
16,2,13,474,2012,6.22
16,2,13,474,2013,6.42
16,2,13,474,2014,6.4
16,2,13,474,2015,6.7
16,2,13,474,2016,6.68
16,2,13,474,2017,6.72
16,2,14,474,1990,3.34
16,2,14,474,1991,3.3
16,2,14,474,1992,3.59
16,2,14,474,1993,3.61
16,2,14,474,1994,3.72
16,2,14,474,1995,3.97
16,2,14,474,1996,4.06
16,2,14,474,1997,4.41
16,2,14,474,1998,4.43
16,2,14,474,1999,4.56
16,2,14,474,2000,5.05
16,2,14,474,2001,5.18
16,2,14,474,2002,5.38
16,2,14,474,2003,5.79
16,2,14,474,2004,5.9
16,2,14,474,2005,6.12
16,2,14,474,2006,6.42
16,2,14,474,2007,6.35
16,2,14,474,2008,6.57
16,2,14,474,2009,6.85
16,2,14,474,2010,7.18
16,2,14,474,2011,7.22
16,2,14,474,2012,7.71
16,2,14,474,2013,8.18
16,2,14,474,2014,8.37
16,2,14,474,2015,8.67
16,2,14,474,2016,8.79
16,2,14,474,2017,8.81
16,2,15,474,1990,5.44
16,2,15,474,1991,5.48
16,2,15,474,1992,5.96
16,2,15,474,1993,5.66
16,2,15,474,1994,5.74
16,2,15,474,1995,6.13
16,2,15,474,1996,6.03
16,2,15,474,1997,6.51
16,2,15,474,1998,6.81
16,2,15,474,1999,7.07
16,2,15,474,2000,7.65
16,2,15,474,2001,7.85
16,2,15,474,2002,8.28
16,2,15,474,2003,8.58
16,2,15,474,2004,8.84
16,2,15,474,2005,9.3
16,2,15,474,2006,9.95
16,2,15,474,2007,10.05
16,2,15,474,2008,10.22
16,2,15,474,2009,10.54
16,2,15,474,2010,10.95
16,2,15,474,2011,11.42
16,2,15,474,2012,12.15
16,2,15,474,2013,12.85
16,2,15,474,2014,13.16
16,2,15,474,2015,13.69
16,2,15,474,2016,13.82
16,2,15,474,2017,13.9
16,2,16,474,1990,6.38
16,2,16,474,1991,6.57
16,2,16,474,1992,7.24
16,2,16,474,1993,7
16,2,16,474,1994,7.2
16,2,16,474,1995,7.66
16,2,16,474,1996,7.51
16,2,16,474,1997,7.89
16,2,16,474,1998,8.15
16,2,16,474,1999,8.09
16,2,16,474,2000,8.2
16,2,16,474,2001,8.46
16,2,16,474,2002,8.91
16,2,16,474,2003,9.16
16,2,16,474,2004,9.39
16,2,16,474,2005,9.82
16,2,16,474,2006,10.34
16,2,16,474,2007,10.68
16,2,16,474,2008,10.63
16,2,16,474,2009,11.04
16,2,16,474,2010,11.36
16,2,16,474,2011,12.26
16,2,16,474,2012,12.99
16,2,16,474,2013,14.18
16,2,16,474,2014,14.62
16,2,16,474,2015,15.06
16,2,16,474,2016,15.48
16,2,16,474,2017,15.8
16,2,17,474,1990,7.59
16,2,17,474,1991,7.58
16,2,17,474,1992,8.26
16,2,17,474,1993,8.31
16,2,17,474,1994,8.7
16,2,17,474,1995,8.94
16,2,17,474,1996,8.98
16,2,17,474,1997,9.39
16,2,17,474,1998,9.49
16,2,17,474,1999,9.61
16,2,17,474,2000,10.04
16,2,17,474,2001,10.38
16,2,17,474,2002,10.47
16,2,17,474,2003,10.52
16,2,17,474,2004,10.63
16,2,17,474,2005,10.91
16,2,17,474,2006,11.45
16,2,17,474,2007,11.84
16,2,17,474,2008,12.04
16,2,17,474,2009,12.52
16,2,17,474,2010,12.97
16,2,17,474,2011,13.89
16,2,17,474,2012,14.8
16,2,17,474,2013,15.78
16,2,17,474,2014,16.66
16,2,17,474,2015,17.56
16,2,17,474,2016,18.31
16,2,17,474,2017,18.95
16,2,18,474,1990,10.41
16,2,18,474,1991,10.44
16,2,18,474,1992,11.42
16,2,18,474,1993,11.35
16,2,18,474,1994,11.66
16,2,18,474,1995,11.89
16,2,18,474,1996,12.02
16,2,18,474,1997,12.6
16,2,18,474,1998,12.73
16,2,18,474,1999,12.91
16,2,18,474,2000,13.43
16,2,18,474,2001,13.96
16,2,18,474,2002,14.33
16,2,18,474,2003,14.47
16,2,18,474,2004,14.66
16,2,18,474,2005,14.94
16,2,18,474,2006,15.27
16,2,18,474,2007,15.29
16,2,18,474,2008,15.29
16,2,18,474,2009,15.55
16,2,18,474,2010,15.61
16,2,18,474,2011,16.27
16,2,18,474,2012,16.98
16,2,18,474,2013,18.53
16,2,18,474,2014,19.64
16,2,18,474,2015,21.36
16,2,18,474,2016,22.54
16,2,18,474,2017,23.68
16,2,19,474,1990,12.56
16,2,19,474,1991,12.67
16,2,19,474,1992,13.79
16,2,19,474,1993,13.86
16,2,19,474,1994,14.52
16,2,19,474,1995,14.81
16,2,19,474,1996,14.97
16,2,19,474,1997,15.59
16,2,19,474,1998,15.6
16,2,19,474,1999,15.85
16,2,19,474,2000,16.99
16,2,19,474,2001,17.06
16,2,19,474,2002,17.32
16,2,19,474,2003,17.93
16,2,19,474,2004,18.18
16,2,19,474,2005,18.79
16,2,19,474,2006,19.64
16,2,19,474,2007,20.41
16,2,19,474,2008,21.03
16,2,19,474,2009,21.58
16,2,19,474,2010,22.23
16,2,19,474,2011,22.83
16,2,19,474,2012,23.09
16,2,19,474,2013,23.73
16,2,19,474,2014,23.95
16,2,19,474,2015,24.47
16,2,19,474,2016,25.4
16,2,19,474,2017,26.27
16,2,20,474,1990,14.18
16,2,20,474,1991,14.28
16,2,20,474,1992,15.59
16,2,20,474,1993,15.66
16,2,20,474,1994,16.17
16,2,20,474,1995,16.76
16,2,20,474,1996,17.51
16,2,20,474,1997,18.81
16,2,20,474,1998,19.32
16,2,20,474,1999,19.85
16,2,20,474,2000,20.91
16,2,20,474,2001,21.79
16,2,20,474,2002,22.45
16,2,20,474,2003,22.8
16,2,20,474,2004,23.1
16,2,20,474,2005,23.8
16,2,20,474,2006,24.61
16,2,20,474,2007,25.16
16,2,20,474,2008,25.8
16,2,20,474,2009,26.82
16,2,20,474,2010,27.97
16,2,20,474,2011,29.45
16,2,20,474,2012,31.05
16,2,20,474,2013,32.89
16,2,20,474,2014,34.21
16,2,20,474,2015,35.91
16,2,20,474,2016,36.85
16,2,20,474,2017,37.28
16,2,22,474,1990,89.02
16,2,22,474,1991,90.53
16,2,22,474,1992,98.95
16,2,22,474,1993,99.01
16,2,22,474,1994,102.91
16,2,22,474,1995,107.04
16,2,22,474,1996,108.1
16,2,22,474,1997,113.34
16,2,22,474,1998,114.62
16,2,22,474,1999,117.02
16,2,22,474,2000,124.92
16,2,22,474,2001,129.08
16,2,22,474,2002,133.57
16,2,22,474,2003,138.22
16,2,22,474,2004,140.82
16,2,22,474,2005,145.94
16,2,22,474,2006,152.59
16,2,22,474,2007,156.43
16,2,22,474,2008,159.63
16,2,22,474,2009,165.03
16,2,22,474,2010,169.99
16,2,22,474,2011,177
16,2,22,474,2012,185.18
16,2,22,474,2013,194.82
16,2,22,474,2014,201.18
16,2,22,474,2015,210.92
16,2,22,474,2016,218.12
16,2,22,474,2017,224.31
16,2,30,474,1990,11.77
16,2,30,474,1991,12.18
16,2,30,474,1992,13.36
16,2,30,474,1993,13.8
16,2,30,474,1994,14.87
16,2,30,474,1995,15.48
16,2,30,474,1996,15.37
16,2,30,474,1997,15.63
16,2,30,474,1998,15.61
16,2,30,474,1999,15.89
16,2,30,474,2000,16.95
16,2,30,474,2001,17.64
16,2,30,474,2002,18.44
16,2,30,474,2003,19.51
16,2,30,474,2004,20.26
16,2,30,474,2005,21.4
16,2,30,474,2006,22.86
16,2,30,474,2007,23.83
16,2,30,474,2008,24.64
16,2,30,474,2009,25.53
16,2,30,474,2010,26.26
16,2,30,474,2011,26.86
16,2,30,474,2012,27.65
16,2,30,474,2013,28.74
16,2,30,474,2014,29.96
16,2,30,474,2015,31.9
16,2,30,474,2016,33.62
16,2,30,474,2017,35.26
16,2,31,474,1990,7.7
16,2,31,474,1991,8.16
16,2,31,474,1992,8.83
16,2,31,474,1993,8.8
16,2,31,474,1994,8.97
16,2,31,474,1995,9.17
16,2,31,474,1996,9.12
16,2,31,474,1997,9.27
16,2,31,474,1998,9.5
16,2,31,474,1999,9.99
16,2,31,474,2000,11.02
16,2,31,474,2001,11.48
16,2,31,474,2002,11.99
16,2,31,474,2003,12.66
16,2,31,474,2004,12.91
16,2,31,474,2005,13.45
16,2,31,474,2006,14.29
16,2,31,474,2007,14.85
16,2,31,474,2008,15.5
16,2,31,474,2009,16.32
16,2,31,474,2010,17.05
16,2,31,474,2011,18.01
16,2,31,474,2012,19.07
16,2,31,474,2013,19.59
16,2,31,474,2014,20.08
16,2,31,474,2015,20.83
16,2,31,474,2016,21.47
16,2,31,474,2017,22.22
16,2,32,474,1990,1.46
16,2,32,474,1991,1.57
16,2,32,474,1992,1.82
16,2,32,474,1993,2.06
16,2,32,474,1994,2.38
16,2,32,474,1995,2.76
16,2,32,474,1996,2.88
16,2,32,474,1997,3.02
16,2,32,474,1998,3.04
16,2,32,474,1999,3.11
16,2,32,474,2000,3.27
16,2,32,474,2001,3.44
16,2,32,474,2002,3.63
16,2,32,474,2003,3.82
16,2,32,474,2004,3.9
16,2,32,474,2005,4.04
16,2,32,474,2006,4.13
16,2,32,474,2007,4.15
16,2,32,474,2008,4.18
16,2,32,474,2009,4.3
16,2,32,474,2010,4.39
16,2,32,474,2011,4.6
16,2,32,474,2012,4.83
16,2,32,474,2013,5.06
16,2,32,474,2014,5.32
16,2,32,474,2015,5.57
16,2,32,474,2016,5.85
16,2,32,474,2017,6.1
16,2,235,474,1990,0.41
16,2,235,474,1991,0.39
16,2,235,474,1992,0.39
16,2,235,474,1993,0.36
16,2,235,474,1994,0.36
16,2,235,474,1995,0.38
16,2,235,474,1996,0.4
16,2,235,474,1997,0.46
16,2,235,474,1998,0.49
16,2,235,474,1999,0.54
16,2,235,474,2000,0.61
16,2,235,474,2001,0.61
16,2,235,474,2002,0.61
16,2,235,474,2003,0.6
16,2,235,474,2004,0.57
16,2,235,474,2005,0.56
16,2,235,474,2006,0.58
16,2,235,474,2007,0.56
16,2,235,474,2008,0.57
16,2,235,474,2009,0.62
16,2,235,474,2010,0.64
16,2,235,474,2011,0.67
16,2,235,474,2012,0.67
16,2,235,474,2013,0.69
16,2,235,474,2014,0.67
16,2,235,474,2015,0.7
16,2,235,474,2016,0.73
16,2,235,474,2017,0.76
17,2,8,474,1990,0.03
17,2,8,474,1991,0.03
17,2,8,474,1992,0.04
17,2,8,474,1993,0.04
17,2,8,474,1994,0.04
17,2,8,474,1995,0.04
17,2,8,474,1996,0.04
17,2,8,474,1997,0.04
17,2,8,474,1998,0.04
17,2,8,474,1999,0.04
17,2,8,474,2000,0.04
17,2,8,474,2001,0.05
17,2,8,474,2002,0.04
17,2,8,474,2003,0.04
17,2,8,474,2004,0.04
17,2,8,474,2005,0.04
17,2,8,474,2006,0.05
17,2,8,474,2007,0.05
17,2,8,474,2008,0.05
17,2,8,474,2009,0.05
17,2,8,474,2010,0.05
17,2,8,474,2011,0.05
17,2,8,474,2012,0.05
17,2,8,474,2013,0.05
17,2,8,474,2014,0.05
17,2,8,474,2015,0.04
17,2,8,474,2016,0.04
17,2,8,474,2017,0.04
17,2,9,474,1990,0.03
17,2,9,474,1991,0.03
17,2,9,474,1992,0.03
17,2,9,474,1993,0.04
17,2,9,474,1994,0.04
17,2,9,474,1995,0.04
17,2,9,474,1996,0.04
17,2,9,474,1997,0.04
17,2,9,474,1998,0.04
17,2,9,474,1999,0.04
17,2,9,474,2000,0.04
17,2,9,474,2001,0.04
17,2,9,474,2002,0.04
17,2,9,474,2003,0.04
17,2,9,474,2004,0.04
17,2,9,474,2005,0.05
17,2,9,474,2006,0.05
17,2,9,474,2007,0.05
17,2,9,474,2008,0.05
17,2,9,474,2009,0.05
17,2,9,474,2010,0.05
17,2,9,474,2011,0.05
17,2,9,474,2012,0.05
17,2,9,474,2013,0.05
17,2,9,474,2014,0.05
17,2,9,474,2015,0.05
17,2,9,474,2016,0.05
17,2,9,474,2017,0.05
17,2,10,474,1990,0.05
17,2,10,474,1991,0.04
17,2,10,474,1992,0.04
17,2,10,474,1993,0.04
17,2,10,474,1994,0.04
17,2,10,474,1995,0.04
17,2,10,474,1996,0.04
17,2,10,474,1997,0.05
17,2,10,474,1998,0.05
17,2,10,474,1999,0.05
17,2,10,474,2000,0.05
17,2,10,474,2001,0.05
17,2,10,474,2002,0.05
17,2,10,474,2003,0.06
17,2,10,474,2004,0.06
17,2,10,474,2005,0.06
17,2,10,474,2006,0.06
17,2,10,474,2007,0.06
17,2,10,474,2008,0.06
17,2,10,474,2009,0.06
17,2,10,474,2010,0.06
17,2,10,474,2011,0.06
17,2,10,474,2012,0.06
17,2,10,474,2013,0.06
17,2,10,474,2014,0.06
17,2,10,474,2015,0.06
17,2,10,474,2016,0.06
17,2,10,474,2017,0.06
17,2,11,474,1990,0.16
17,2,11,474,1991,0.15
17,2,11,474,1992,0.14
17,2,11,474,1993,0.14
17,2,11,474,1994,0.14
17,2,11,474,1995,0.14
17,2,11,474,1996,0.14
17,2,11,474,1997,0.15
17,2,11,474,1998,0.14
17,2,11,474,1999,0.14
17,2,11,474,2000,0.14
17,2,11,474,2001,0.14
17,2,11,474,2002,0.13
17,2,11,474,2003,0.13
17,2,11,474,2004,0.13
17,2,11,474,2005,0.15
17,2,11,474,2006,0.14
17,2,11,474,2007,0.13
17,2,11,474,2008,0.14
17,2,11,474,2009,0.16
17,2,11,474,2010,0.16
17,2,11,474,2011,0.17
17,2,11,474,2012,0.17
17,2,11,474,2013,0.18
17,2,11,474,2014,0.18
17,2,11,474,2015,0.18
17,2,11,474,2016,0.17
17,2,11,474,2017,0.17
17,2,12,474,1990,0.39
17,2,12,474,1991,0.36
17,2,12,474,1992,0.35
17,2,12,474,1993,0.33
17,2,12,474,1994,0.34
17,2,12,474,1995,0.33
17,2,12,474,1996,0.34
17,2,12,474,1997,0.37
17,2,12,474,1998,0.36
17,2,12,474,1999,0.37
17,2,12,474,2000,0.37
17,2,12,474,2001,0.35
17,2,12,474,2002,0.32
17,2,12,474,2003,0.32
17,2,12,474,2004,0.32
17,2,12,474,2005,0.36
17,2,12,474,2006,0.34
17,2,12,474,2007,0.33
17,2,12,474,2008,0.34
17,2,12,474,2009,0.37
17,2,12,474,2010,0.36
17,2,12,474,2011,0.36
17,2,12,474,2012,0.38
17,2,12,474,2013,0.4
17,2,12,474,2014,0.41
17,2,12,474,2015,0.42
17,2,12,474,2016,0.43
17,2,12,474,2017,0.43
17,2,13,474,1990,1
17,2,13,474,1991,0.94
17,2,13,474,1992,0.94
17,2,13,474,1993,0.95
17,2,13,474,1994,0.96
17,2,13,474,1995,0.96
17,2,13,474,1996,0.98
17,2,13,474,1997,1.04
17,2,13,474,1998,1.01
17,2,13,474,1999,1.03
17,2,13,474,2000,1.03
17,2,13,474,2001,0.96
17,2,13,474,2002,0.91
17,2,13,474,2003,0.9
17,2,13,474,2004,0.91
17,2,13,474,2005,1
17,2,13,474,2006,0.99
17,2,13,474,2007,0.95
17,2,13,474,2008,0.96
17,2,13,474,2009,1.04
17,2,13,474,2010,1.04
17,2,13,474,2011,1.05
17,2,13,474,2012,1.08
17,2,13,474,2013,1.14
17,2,13,474,2014,1.14
17,2,13,474,2015,1.14
17,2,13,474,2016,1.13
17,2,13,474,2017,1.13
17,2,14,474,1990,1.32
17,2,14,474,1991,1.28
17,2,14,474,1992,1.28
17,2,14,474,1993,1.34
17,2,14,474,1994,1.37
17,2,14,474,1995,1.38
17,2,14,474,1996,1.44
17,2,14,474,1997,1.56
17,2,14,474,1998,1.56
17,2,14,474,1999,1.61
17,2,14,474,2000,1.6
17,2,14,474,2001,1.48
17,2,14,474,2002,1.43
17,2,14,474,2003,1.43
17,2,14,474,2004,1.47
17,2,14,474,2005,1.54
17,2,14,474,2006,1.56
17,2,14,474,2007,1.55
17,2,14,474,2008,1.58
17,2,14,474,2009,1.68
17,2,14,474,2010,1.67
17,2,14,474,2011,1.68
17,2,14,474,2012,1.72
17,2,14,474,2013,1.8
17,2,14,474,2014,1.77
17,2,14,474,2015,1.78
17,2,14,474,2016,1.78
17,2,14,474,2017,1.77
17,2,15,474,1990,2
17,2,15,474,1991,1.89
17,2,15,474,1992,1.86
17,2,15,474,1993,1.92
17,2,15,474,1994,1.96
17,2,15,474,1995,2.02
17,2,15,474,1996,2.14
17,2,15,474,1997,2.28
17,2,15,474,1998,2.36
17,2,15,474,1999,2.49
17,2,15,474,2000,2.53
17,2,15,474,2001,2.44
17,2,15,474,2002,2.46
17,2,15,474,2003,2.51
17,2,15,474,2004,2.6
17,2,15,474,2005,2.73
17,2,15,474,2006,2.75
17,2,15,474,2007,2.71
17,2,15,474,2008,2.76
17,2,15,474,2009,2.98
17,2,15,474,2010,2.97
17,2,15,474,2011,3.01
17,2,15,474,2012,3.09
17,2,15,474,2013,3.25
17,2,15,474,2014,3.22
17,2,15,474,2015,3.22
17,2,15,474,2016,3.16
17,2,15,474,2017,3.09
17,2,16,474,1990,2.69
17,2,16,474,1991,2.55
17,2,16,474,1992,2.55
17,2,16,474,1993,2.58
17,2,16,474,1994,2.63
17,2,16,474,1995,2.7
17,2,16,474,1996,2.78
17,2,16,474,1997,2.87
17,2,16,474,1998,2.96
17,2,16,474,1999,3.16
17,2,16,474,2000,3.28
17,2,16,474,2001,3.23
17,2,16,474,2002,3.35
17,2,16,474,2003,3.54
17,2,16,474,2004,3.75
17,2,16,474,2005,3.86
17,2,16,474,2006,4.15
17,2,16,474,2007,4.26
17,2,16,474,2008,4.42
17,2,16,474,2009,4.73
17,2,16,474,2010,4.8
17,2,16,474,2011,4.78
17,2,16,474,2012,4.86
17,2,16,474,2013,5.09
17,2,16,474,2014,5.14
17,2,16,474,2015,5.14
17,2,16,474,2016,5.11
17,2,16,474,2017,5.05
17,2,17,474,1990,2.88
17,2,17,474,1991,2.75
17,2,17,474,1992,2.77
17,2,17,474,1993,2.82
17,2,17,474,1994,2.91
17,2,17,474,1995,2.97
17,2,17,474,1996,3.04
17,2,17,474,1997,3.15
17,2,17,474,1998,2.97
17,2,17,474,1999,3.12
17,2,17,474,2000,3.17
17,2,17,474,2001,3.05
17,2,17,474,2002,3.1
17,2,17,474,2003,3.24
17,2,17,474,2004,3.39
17,2,17,474,2005,3.47
17,2,17,474,2006,3.71
17,2,17,474,2007,3.85
17,2,17,474,2008,4.02
17,2,17,474,2009,4.17
17,2,17,474,2010,4.32
17,2,17,474,2011,4.48
17,2,17,474,2012,4.77
17,2,17,474,2013,5.1
17,2,17,474,2014,5.15
17,2,17,474,2015,5.27
17,2,17,474,2016,5.22
17,2,17,474,2017,5.17
17,2,18,474,1990,3.52
17,2,18,474,1991,3.38
17,2,18,474,1992,3.39
17,2,18,474,1993,3.48
17,2,18,474,1994,3.59
17,2,18,474,1995,3.67
17,2,18,474,1996,3.81
17,2,18,474,1997,3.98
17,2,18,474,1998,3.84
17,2,18,474,1999,4.01
17,2,18,474,2000,4.06
17,2,18,474,2001,3.94
17,2,18,474,2002,4.07
17,2,18,474,2003,4.1
17,2,18,474,2004,4.27
17,2,18,474,2005,4.33
17,2,18,474,2006,4.52
17,2,18,474,2007,4.66
17,2,18,474,2008,4.89
17,2,18,474,2009,5.07
17,2,18,474,2010,5.5
17,2,18,474,2011,5.88
17,2,18,474,2012,6.29
17,2,18,474,2013,7.04
17,2,18,474,2014,7.23
17,2,18,474,2015,7.5
17,2,18,474,2016,7.69
17,2,18,474,2017,7.88
17,2,19,474,1990,4.01
17,2,19,474,1991,3.89
17,2,19,474,1992,3.95
17,2,19,474,1993,3.94
17,2,19,474,1994,4.05
17,2,19,474,1995,4.14
17,2,19,474,1996,4.28
17,2,19,474,1997,4.43
17,2,19,474,1998,4.24
17,2,19,474,1999,4.34
17,2,19,474,2000,4.36
17,2,19,474,2001,4.21
17,2,19,474,2002,4.32
17,2,19,474,2003,4.45
17,2,19,474,2004,4.65
17,2,19,474,2005,4.82
17,2,19,474,2006,4.94
17,2,19,474,2007,5.2
17,2,19,474,2008,5.25
17,2,19,474,2009,5.26
17,2,19,474,2010,5.73
17,2,19,474,2011,6.02
17,2,19,474,2012,6.34
17,2,19,474,2013,7.11
17,2,19,474,2014,7.29
17,2,19,474,2015,7.8
17,2,19,474,2016,8.18
17,2,19,474,2017,8.48
17,2,20,474,1990,5.64
17,2,20,474,1991,5.64
17,2,20,474,1992,5.79
17,2,20,474,1993,6.02
17,2,20,474,1994,6.32
17,2,20,474,1995,6.53
17,2,20,474,1996,6.79
17,2,20,474,1997,7.11
17,2,20,474,1998,6.65
17,2,20,474,1999,6.72
17,2,20,474,2000,6.72
17,2,20,474,2001,6.37
17,2,20,474,2002,6.44
17,2,20,474,2003,6.73
17,2,20,474,2004,7.02
17,2,20,474,2005,7.25
17,2,20,474,2006,7.47
17,2,20,474,2007,7.95
17,2,20,474,2008,8.43
17,2,20,474,2009,8.36
17,2,20,474,2010,9.18
17,2,20,474,2011,9.65
17,2,20,474,2012,10.41
17,2,20,474,2013,11.23
17,2,20,474,2014,11.24
17,2,20,474,2015,11.96
17,2,20,474,2016,12.21
17,2,20,474,2017,12.31
17,2,22,474,1990,32.04
17,2,22,474,1991,31.66
17,2,22,474,1992,32.38
17,2,22,474,1993,33.46
17,2,22,474,1994,34.82
17,2,22,474,1995,36
17,2,22,474,1996,37.42
17,2,22,474,1997,39.31
17,2,22,474,1998,38.05
17,2,22,474,1999,39.44
17,2,22,474,2000,40.12
17,2,22,474,2001,39
17,2,22,474,2002,39.77
17,2,22,474,2003,41.05
17,2,22,474,2004,42.84
17,2,22,474,2005,44.31
17,2,22,474,2006,45.69
17,2,22,474,2007,47.57
17,2,22,474,2008,49.64
17,2,22,474,2009,50.55
17,2,22,474,2010,54.47
17,2,22,474,2011,56.93
17,2,22,474,2012,60.28
17,2,22,474,2013,65.95
17,2,22,474,2014,66.45
17,2,22,474,2015,69.67
17,2,22,474,2016,71.19
17,2,22,474,2017,72.49
17,2,30,474,1990,4.56
17,2,30,474,1991,4.75
17,2,30,474,1992,5.05
17,2,30,474,1993,5.36
17,2,30,474,1994,5.64
17,2,30,474,1995,5.93
17,2,30,474,1996,6.03
17,2,30,474,1997,6.19
17,2,30,474,1998,5.91
17,2,30,474,1999,6.11
17,2,30,474,2000,6.18
17,2,30,474,2001,5.99
17,2,30,474,2002,6.12
17,2,30,474,2003,6.2
17,2,30,474,2004,6.41
17,2,30,474,2005,6.49
17,2,30,474,2006,6.62
17,2,30,474,2007,7.02
17,2,30,474,2008,7.56
17,2,30,474,2009,7.59
17,2,30,474,2010,8.73
17,2,30,474,2011,9.24
17,2,30,474,2012,9.79
17,2,30,474,2013,11
17,2,30,474,2014,11.04
17,2,30,474,2015,11.74
17,2,30,474,2016,12.06
17,2,30,474,2017,12.46
17,2,31,474,1990,2.67
17,2,31,474,1991,2.82
17,2,31,474,1992,2.99
17,2,31,474,1993,3.18
17,2,31,474,1994,3.4
17,2,31,474,1995,3.61
17,2,31,474,1996,3.91
17,2,31,474,1997,4.28
17,2,31,474,1998,4.19
17,2,31,474,1999,4.42
17,2,31,474,2000,4.62
17,2,31,474,2001,4.67
17,2,31,474,2002,4.82
17,2,31,474,2003,5.04
17,2,31,474,2004,5.33
17,2,31,474,2005,5.53
17,2,31,474,2006,5.6
17,2,31,474,2007,5.82
17,2,31,474,2008,5.92
17,2,31,474,2009,5.8
17,2,31,474,2010,6.45
17,2,31,474,2011,6.82
17,2,31,474,2012,7.26
17,2,31,474,2013,8.16
17,2,31,474,2014,8.18
17,2,31,474,2015,8.76
17,2,31,474,2016,9.13
17,2,31,474,2017,9.53
17,2,32,474,1990,0.9
17,2,32,474,1991,0.94
17,2,32,474,1992,0.99
17,2,32,474,1993,1.07
17,2,32,474,1994,1.14
17,2,32,474,1995,1.22
17,2,32,474,1996,1.32
17,2,32,474,1997,1.43
17,2,32,474,1998,1.39
17,2,32,474,1999,1.46
17,2,32,474,2000,1.55
17,2,32,474,2001,1.64
17,2,32,474,2002,1.73
17,2,32,474,2003,1.85
17,2,32,474,2004,1.97
17,2,32,474,2005,2.09
17,2,32,474,2006,2.18
17,2,32,474,2007,2.35
17,2,32,474,2008,2.52
17,2,32,474,2009,2.48
17,2,32,474,2010,2.65
17,2,32,474,2011,2.83
17,2,32,474,2012,3.08
17,2,32,474,2013,3.31
17,2,32,474,2014,3.32
17,2,32,474,2015,3.55
17,2,32,474,2016,3.66
17,2,32,474,2017,3.76
17,2,235,474,1990,0.19
17,2,235,474,1991,0.2
17,2,235,474,1992,0.21
17,2,235,474,1993,0.22
17,2,235,474,1994,0.25
17,2,235,474,1995,0.27
17,2,235,474,1996,0.3
17,2,235,474,1997,0.33
17,2,235,474,1998,0.32
17,2,235,474,1999,0.34
17,2,235,474,2000,0.37
17,2,235,474,2001,0.4
17,2,235,474,2002,0.43
17,2,235,474,2003,0.46
17,2,235,474,2004,0.5
17,2,235,474,2005,0.54
17,2,235,474,2006,0.57
17,2,235,474,2007,0.63
17,2,235,474,2008,0.69
17,2,235,474,2009,0.68
17,2,235,474,2010,0.73
17,2,235,474,2011,0.79
17,2,235,474,2012,0.87
17,2,235,474,2013,0.97
17,2,235,474,2014,0.98
17,2,235,474,2015,1.05
17,2,235,474,2016,1.09
17,2,235,474,2017,1.11
18,2,8,474,1990,0.39
18,2,8,474,1991,0.39
18,2,8,474,1992,0.39
18,2,8,474,1993,0.39
18,2,8,474,1994,0.38
18,2,8,474,1995,0.36
18,2,8,474,1996,0.34
18,2,8,474,1997,0.32
18,2,8,474,1998,0.29
18,2,8,474,1999,0.28
18,2,8,474,2000,0.28
18,2,8,474,2001,0.28
18,2,8,474,2002,0.27
18,2,8,474,2003,0.26
18,2,8,474,2004,0.26
18,2,8,474,2005,0.25
18,2,8,474,2006,0.24
18,2,8,474,2007,0.24
18,2,8,474,2008,0.24
18,2,8,474,2009,0.24
18,2,8,474,2010,0.23
18,2,8,474,2011,0.23
18,2,8,474,2012,0.22
18,2,8,474,2013,0.21
18,2,8,474,2014,0.22
18,2,8,474,2015,0.22
18,2,8,474,2016,0.23
18,2,8,474,2017,0.23
18,2,9,474,1990,0.57
18,2,9,474,1991,0.57
18,2,9,474,1992,0.56
18,2,9,474,1993,0.57
18,2,9,474,1994,0.61
18,2,9,474,1995,0.66
18,2,9,474,1996,0.7
18,2,9,474,1997,0.67
18,2,9,474,1998,0.69
18,2,9,474,1999,0.7
18,2,9,474,2000,0.66
18,2,9,474,2001,0.58
18,2,9,474,2002,0.53
18,2,9,474,2003,0.47
18,2,9,474,2004,0.42
18,2,9,474,2005,0.37
18,2,9,474,2006,0.34
18,2,9,474,2007,0.32
18,2,9,474,2008,0.3
18,2,9,474,2009,0.28
18,2,9,474,2010,0.28
18,2,9,474,2011,0.28
18,2,9,474,2012,0.28
18,2,9,474,2013,0.27
18,2,9,474,2014,0.27
18,2,9,474,2015,0.27
18,2,9,474,2016,0.27
18,2,9,474,2017,0.27
18,2,10,474,1990,0.87
18,2,10,474,1991,0.89
18,2,10,474,1992,0.91
18,2,10,474,1993,0.95
18,2,10,474,1994,1.04
18,2,10,474,1995,1.21
18,2,10,474,1996,1.42
18,2,10,474,1997,1.45
18,2,10,474,1998,1.66
18,2,10,474,1999,1.73
18,2,10,474,2000,1.68
18,2,10,474,2001,1.58
18,2,10,474,2002,1.51
18,2,10,474,2003,1.31
18,2,10,474,2004,1.1
18,2,10,474,2005,0.94
18,2,10,474,2006,0.82
18,2,10,474,2007,0.73
18,2,10,474,2008,0.66
18,2,10,474,2009,0.6
18,2,10,474,2010,0.56
18,2,10,474,2011,0.53
18,2,10,474,2012,0.52
18,2,10,474,2013,0.48
18,2,10,474,2014,0.43
18,2,10,474,2015,0.41
18,2,10,474,2016,0.42
18,2,10,474,2017,0.41
18,2,11,474,1990,1.75
18,2,11,474,1991,1.8
18,2,11,474,1992,1.82
18,2,11,474,1993,1.87
18,2,11,474,1994,2.03
18,2,11,474,1995,2.3
18,2,11,474,1996,2.64
18,2,11,474,1997,2.7
18,2,11,474,1998,3.08
18,2,11,474,1999,3.34
18,2,11,474,2000,3.4
18,2,11,474,2001,3.37
18,2,11,474,2002,3.41
18,2,11,474,2003,3.14
18,2,11,474,2004,2.84
18,2,11,474,2005,2.5
18,2,11,474,2006,2.26
18,2,11,474,2007,2.14
18,2,11,474,2008,2.01
18,2,11,474,2009,1.88
18,2,11,474,2010,1.79
18,2,11,474,2011,1.74
18,2,11,474,2012,1.7
18,2,11,474,2013,1.61
18,2,11,474,2014,1.48
18,2,11,474,2015,1.41
18,2,11,474,2016,1.38
18,2,11,474,2017,1.31
18,2,12,474,1990,2.81
18,2,12,474,1991,2.93
18,2,12,474,1992,2.99
18,2,12,474,1993,3.08
18,2,12,474,1994,3.31
18,2,12,474,1995,3.55
18,2,12,474,1996,3.87
18,2,12,474,1997,3.86
18,2,12,474,1998,4.05
18,2,12,474,1999,4.37
18,2,12,474,2000,4.51
18,2,12,474,2001,4.49
18,2,12,474,2002,4.66
18,2,12,474,2003,4.51
18,2,12,474,2004,4.26
18,2,12,474,2005,3.99
18,2,12,474,2006,3.8
18,2,12,474,2007,3.66
18,2,12,474,2008,3.5
18,2,12,474,2009,3.33
18,2,12,474,2010,3.22
18,2,12,474,2011,3.09
18,2,12,474,2012,2.9
18,2,12,474,2013,2.74
18,2,12,474,2014,2.72
18,2,12,474,2015,2.67
18,2,12,474,2016,2.69
18,2,12,474,2017,2.67
18,2,13,474,1990,5.1
18,2,13,474,1991,5.42
18,2,13,474,1992,5.59
18,2,13,474,1993,5.75
18,2,13,474,1994,6.08
18,2,13,474,1995,6.41
18,2,13,474,1996,6.82
18,2,13,474,1997,6.81
18,2,13,474,1998,6.95
18,2,13,474,1999,7.37
18,2,13,474,2000,7.42
18,2,13,474,2001,7.13
18,2,13,474,2002,7.22
18,2,13,474,2003,7.03
18,2,13,474,2004,6.88
18,2,13,474,2005,6.71
18,2,13,474,2006,6.61
18,2,13,474,2007,6.48
18,2,13,474,2008,6.28
18,2,13,474,2009,6.1
18,2,13,474,2010,6.03
18,2,13,474,2011,5.85
18,2,13,474,2012,5.59
18,2,13,474,2013,5.37
18,2,13,474,2014,5.45
18,2,13,474,2015,5.32
18,2,13,474,2016,5.32
18,2,13,474,2017,5.29
18,2,14,474,1990,6.16
18,2,14,474,1991,6.31
18,2,14,474,1992,6.42
18,2,14,474,1993,6.59
18,2,14,474,1994,6.87
18,2,14,474,1995,7.22
18,2,14,474,1996,7.7
18,2,14,474,1997,7.62
18,2,14,474,1998,7.62
18,2,14,474,1999,8.06
18,2,14,474,2000,8.31
18,2,14,474,2001,8.15
18,2,14,474,2002,8.39
18,2,14,474,2003,8.31
18,2,14,474,2004,8.41
18,2,14,474,2005,8.45
18,2,14,474,2006,8.56
18,2,14,474,2007,8.69
18,2,14,474,2008,8.74
18,2,14,474,2009,8.66
18,2,14,474,2010,8.74
18,2,14,474,2011,8.62
18,2,14,474,2012,8.36
18,2,14,474,2013,8.07
18,2,14,474,2014,8.33
18,2,14,474,2015,8.21
18,2,14,474,2016,8.33
18,2,14,474,2017,8.32
18,2,15,474,1990,9.72
18,2,15,474,1991,10.05
18,2,15,474,1992,10.14
18,2,15,474,1993,10.07
18,2,15,474,1994,10.09
18,2,15,474,1995,10.07
18,2,15,474,1996,10.24
18,2,15,474,1997,10.01
18,2,15,474,1998,9.78
18,2,15,474,1999,10.2
18,2,15,474,2000,10.32
18,2,15,474,2001,10.3
18,2,15,474,2002,10.71
18,2,15,474,2003,10.7
18,2,15,474,2004,10.8
18,2,15,474,2005,10.9
18,2,15,474,2006,11.03
18,2,15,474,2007,11.1
18,2,15,474,2008,11.01
18,2,15,474,2009,10.82
18,2,15,474,2010,10.88
18,2,15,474,2011,10.81
18,2,15,474,2012,11
18,2,15,474,2013,10.83
18,2,15,474,2014,11.19
18,2,15,474,2015,11.25
18,2,15,474,2016,11.54
18,2,15,474,2017,11.84
18,2,16,474,1990,12.36
18,2,16,474,1991,13.07
18,2,16,474,1992,13.49
18,2,16,474,1993,13.88
18,2,16,474,1994,13.98
18,2,16,474,1995,13.95
18,2,16,474,1996,14.23
18,2,16,474,1997,13.67
18,2,16,474,1998,13.16
18,2,16,474,1999,13.29
18,2,16,474,2000,13.07
18,2,16,474,2001,12.41
18,2,16,474,2002,12.45
18,2,16,474,2003,12.51
18,2,16,474,2004,13.32
18,2,16,474,2005,13.83
18,2,16,474,2006,14.36
18,2,16,474,2007,14.9
18,2,16,474,2008,15.19
18,2,16,474,2009,15.15
18,2,16,474,2010,15.59
18,2,16,474,2011,15.81
18,2,16,474,2012,15.83
18,2,16,474,2013,15.53
18,2,16,474,2014,15.37
18,2,16,474,2015,15.81
18,2,16,474,2016,16.62
18,2,16,474,2017,17.15
18,2,17,474,1990,13.77
18,2,17,474,1991,14.58
18,2,17,474,1992,15.4
18,2,17,474,1993,16.05
18,2,17,474,1994,16.62
18,2,17,474,1995,17.02
18,2,17,474,1996,17.48
18,2,17,474,1997,16.92
18,2,17,474,1998,16.24
18,2,17,474,1999,16.48
18,2,17,474,2000,16.27
18,2,17,474,2001,15.44
18,2,17,474,2002,15.2
18,2,17,474,2003,14.54
18,2,17,474,2004,14.78
18,2,17,474,2005,14.87
18,2,17,474,2006,14.91
18,2,17,474,2007,15.06
18,2,17,474,2008,15.3
18,2,17,474,2009,15.53
18,2,17,474,2010,15.88
18,2,17,474,2011,16.09
18,2,17,474,2012,16.24
18,2,17,474,2013,16.29
18,2,17,474,2014,17.01
18,2,17,474,2015,17.77
18,2,17,474,2016,18.8
18,2,17,474,2017,19.82
18,2,18,474,1990,18.19
18,2,18,474,1991,19.5
18,2,18,474,1992,20.65
18,2,18,474,1993,21.69
18,2,18,474,1994,22.88
18,2,18,474,1995,23.87
18,2,18,474,1996,24.89
18,2,18,474,1997,24.51
18,2,18,474,1998,24.12
18,2,18,474,1999,24.67
18,2,18,474,2000,24.48
18,2,18,474,2001,23.55
18,2,18,474,2002,23.66
18,2,18,474,2003,23.15
18,2,18,474,2004,23.52
18,2,18,474,2005,23.74
18,2,18,474,2006,23.69
18,2,18,474,2007,23.39
18,2,18,474,2008,22.86
18,2,18,474,2009,22.15
18,2,18,474,2010,21.92
18,2,18,474,2011,21.79
18,2,18,474,2012,21.86
18,2,18,474,2013,21.9
18,2,18,474,2014,22.68
18,2,18,474,2015,23.49
18,2,18,474,2016,25.29
18,2,18,474,2017,26.77
18,2,19,474,1990,22.93
18,2,19,474,1991,24.04
18,2,19,474,1992,25.22
18,2,19,474,1993,26.37
18,2,19,474,1994,27.42
18,2,19,474,1995,28.1
18,2,19,474,1996,29.33
18,2,19,474,1997,29.45
18,2,19,474,1998,29.17
18,2,19,474,1999,30.7
18,2,19,474,2000,31.48
18,2,19,474,2001,30.92
18,2,19,474,2002,31.59
18,2,19,474,2003,31.55
18,2,19,474,2004,32.27
18,2,19,474,2005,32.78
18,2,19,474,2006,33.31
18,2,19,474,2007,33.2
18,2,19,474,2008,32.42
18,2,19,474,2009,31.19
18,2,19,474,2010,30.55
18,2,19,474,2011,29.42
18,2,19,474,2012,28.28
18,2,19,474,2013,27.16
18,2,19,474,2014,27.23
18,2,19,474,2015,27.49
18,2,19,474,2016,29.04
18,2,19,474,2017,30.91
18,2,20,474,1990,28.27
18,2,20,474,1991,30
18,2,20,474,1992,31.81
18,2,20,474,1993,33.11
18,2,20,474,1994,33.33
18,2,20,474,1995,33.62
18,2,20,474,1996,34.81
18,2,20,474,1997,34.48
18,2,20,474,1998,34.06
18,2,20,474,1999,35.41
18,2,20,474,2000,36.2
18,2,20,474,2001,36.12
18,2,20,474,2002,38.03
18,2,20,474,2003,39.37
18,2,20,474,2004,43.27
18,2,20,474,2005,46.99
18,2,20,474,2006,50.23
18,2,20,474,2007,53.54
18,2,20,474,2008,56.26
18,2,20,474,2009,57.72
18,2,20,474,2010,59.63
18,2,20,474,2011,60.34
18,2,20,474,2012,59.67
18,2,20,474,2013,58.78
18,2,20,474,2014,59.21
18,2,20,474,2015,59.18
18,2,20,474,2016,60.35
18,2,20,474,2017,60.72
18,2,22,474,1990,185.66
18,2,22,474,1991,196.73
18,2,22,474,1992,209.07
18,2,22,474,1993,221.31
18,2,22,474,1994,224.11
18,2,22,474,1995,227.76
18,2,22,474,1996,236.73
18,2,22,474,1997,235.28
18,2,22,474,1998,234.08
18,2,22,474,1999,243.06
18,2,22,474,2000,246.41
18,2,22,474,2001,242.89
18,2,22,474,2002,249.93
18,2,22,474,2003,251.33
18,2,22,474,2004,261.51
18,2,22,474,2005,270.96
18,2,22,474,2006,280.15
18,2,22,474,2007,290.46
18,2,22,474,2008,297.91
18,2,22,474,2009,302.08
18,2,22,474,2010,311.87
18,2,22,474,2011,318.19
18,2,22,474,2012,318.53
18,2,22,474,2013,317.49
18,2,22,474,2014,321.85
18,2,22,474,2015,331.06
18,2,22,474,2016,351.48
18,2,22,474,2017,368.86
18,2,30,474,1990,29.66
18,2,30,474,1991,31.32
18,2,30,474,1992,33.26
18,2,30,474,1993,35.45
18,2,30,474,1994,34.56
18,2,30,474,1995,33.92
18,2,30,474,1996,34.39
18,2,30,474,1997,33.75
18,2,30,474,1998,33.26
18,2,30,474,1999,34.37
18,2,30,474,2000,34.85
18,2,30,474,2001,34.12
18,2,30,474,2002,34.94
18,2,30,474,2003,35.37
18,2,30,474,2004,37.97
18,2,30,474,2005,40.42
18,2,30,474,2006,42.86
18,2,30,474,2007,45.74
18,2,30,474,2008,48.35
18,2,30,474,2009,50.49
18,2,30,474,2010,53.73
18,2,30,474,2011,56.21
18,2,30,474,2012,58.25
18,2,30,474,2013,59.49
18,2,30,474,2014,61.55
18,2,30,474,2015,64.52
18,2,30,474,2016,70.26
18,2,30,474,2017,74.4
18,2,31,474,1990,22.4
18,2,31,474,1991,24.58
18,2,31,474,1992,28.04
18,2,31,474,1993,31.69
18,2,31,474,1994,31.19
18,2,31,474,1995,31.16
18,2,31,474,1996,32.08
18,2,31,474,1997,31.81
18,2,31,474,1998,31.02
18,2,31,474,1999,31.28
18,2,31,474,2000,31.23
18,2,31,474,2001,31.34
18,2,31,474,2002,32.98
18,2,31,474,2003,34.09
18,2,31,474,2004,35.97
18,2,31,474,2005,38.12
18,2,31,474,2006,40.12
18,2,31,474,2007,42.61
18,2,31,474,2008,44.6
18,2,31,474,2009,46.29
18,2,31,474,2010,48.94
18,2,31,474,2011,51.53
18,2,31,474,2012,52.06
18,2,31,474,2013,52.89
18,2,31,474,2014,53.31
18,2,31,474,2015,55.94
18,2,31,474,2016,60.26
18,2,31,474,2017,64.02
18,2,32,474,1990,8.6
18,2,32,474,1991,9.06
18,2,32,474,1992,9.99
18,2,32,474,1993,11.19
18,2,32,474,1994,11.19
18,2,32,474,1995,11.75
18,2,32,474,1996,13
18,2,32,474,1997,14.23
18,2,32,474,1998,15.56
18,2,32,474,1999,16.98
18,2,32,474,2000,17.92
18,2,32,474,2001,18.28
18,2,32,474,2002,18.88
18,2,32,474,2003,18.93
18,2,32,474,2004,18.87
18,2,32,474,2005,19.09
18,2,32,474,2006,19.68
18,2,32,474,2007,20.93
18,2,32,474,2008,22.2
18,2,32,474,2009,23.42
18,2,32,474,2010,25.22
18,2,32,474,2011,26.68
18,2,32,474,2012,26.53
18,2,32,474,2013,26.49
18,2,32,474,2014,26.06
18,2,32,474,2015,27.28
18,2,32,474,2016,30.02
18,2,32,474,2017,33.17
18,2,235,474,1990,2.1
18,2,235,474,1991,2.21
18,2,235,474,1992,2.4
18,2,235,474,1993,2.62
18,2,235,474,1994,2.53
18,2,235,474,1995,2.57
18,2,235,474,1996,2.78
18,2,235,474,1997,3.03
18,2,235,474,1998,3.37
18,2,235,474,1999,3.84
18,2,235,474,2000,4.34
18,2,235,474,2001,4.83
18,2,235,474,2002,5.5
18,2,235,474,2003,6.09
18,2,235,474,2004,6.57
18,2,235,474,2005,7.02
18,2,235,474,2006,7.33
18,2,235,474,2007,7.72
18,2,235,474,2008,8
18,2,235,474,2009,8.22
18,2,235,474,2010,8.66
18,2,235,474,2011,9.17
18,2,235,474,2012,9.23
18,2,235,474,2013,9.38
18,2,235,474,2014,9.34
18,2,235,474,2015,9.81
18,2,235,474,2016,10.66
18,2,235,474,2017,11.55
19,2,8,474,1990,0
19,2,8,474,1991,0
19,2,8,474,1992,0
19,2,8,474,1993,0
19,2,8,474,1994,0
19,2,8,474,1995,0
19,2,8,474,1996,0
19,2,8,474,1997,0
19,2,8,474,1998,0
19,2,8,474,1999,0
19,2,8,474,2000,0
19,2,8,474,2001,0
19,2,8,474,2002,0
19,2,8,474,2003,0
19,2,8,474,2004,0.01
19,2,8,474,2005,0.01
19,2,8,474,2006,0.01
19,2,8,474,2007,0.01
19,2,8,474,2008,0.01
19,2,8,474,2009,0.01
19,2,8,474,2010,0.01
19,2,8,474,2011,0.01
19,2,8,474,2012,0.01
19,2,8,474,2013,0.01
19,2,8,474,2014,0.01
19,2,8,474,2015,0.01
19,2,8,474,2016,0.01
19,2,8,474,2017,0.01
19,2,9,474,1990,0.01
19,2,9,474,1991,0.01
19,2,9,474,1992,0.01
19,2,9,474,1993,0.01
19,2,9,474,1994,0.01
19,2,9,474,1995,0.01
19,2,9,474,1996,0.01
19,2,9,474,1997,0.01
19,2,9,474,1998,0.01
19,2,9,474,1999,0.01
19,2,9,474,2000,0.01
19,2,9,474,2001,0.01
19,2,9,474,2002,0.01
19,2,9,474,2003,0.01
19,2,9,474,2004,0.01
19,2,9,474,2005,0.01
19,2,9,474,2006,0.01
19,2,9,474,2007,0.01
19,2,9,474,2008,0.01
19,2,9,474,2009,0.01
19,2,9,474,2010,0.01
19,2,9,474,2011,0.01
19,2,9,474,2012,0.01
19,2,9,474,2013,0.01
19,2,9,474,2014,0.01
19,2,9,474,2015,0.01
19,2,9,474,2016,0.01
19,2,9,474,2017,0.01
19,2,10,474,1990,0.01
19,2,10,474,1991,0.01
19,2,10,474,1992,0.01
19,2,10,474,1993,0.01
19,2,10,474,1994,0.01
19,2,10,474,1995,0.01
19,2,10,474,1996,0.01
19,2,10,474,1997,0.01
19,2,10,474,1998,0.01
19,2,10,474,1999,0.01
19,2,10,474,2000,0.01
19,2,10,474,2001,0.01
19,2,10,474,2002,0.01
19,2,10,474,2003,0.01
19,2,10,474,2004,0.01
19,2,10,474,2005,0.01
19,2,10,474,2006,0.01
19,2,10,474,2007,0.01
19,2,10,474,2008,0.01
19,2,10,474,2009,0.01
19,2,10,474,2010,0.01
19,2,10,474,2011,0.01
19,2,10,474,2012,0.01
19,2,10,474,2013,0.01
19,2,10,474,2014,0.01
19,2,10,474,2015,0.01
19,2,10,474,2016,0.01
19,2,10,474,2017,0.01
19,2,11,474,1990,0.02
19,2,11,474,1991,0.02
19,2,11,474,1992,0.02
19,2,11,474,1993,0.02
19,2,11,474,1994,0.02
19,2,11,474,1995,0.01
19,2,11,474,1996,0.01
19,2,11,474,1997,0.01
19,2,11,474,1998,0.01
19,2,11,474,1999,0.01
19,2,11,474,2000,0.01
19,2,11,474,2001,0.01
19,2,11,474,2002,0.01
19,2,11,474,2003,0.01
19,2,11,474,2004,0.01
19,2,11,474,2005,0.01
19,2,11,474,2006,0.01
19,2,11,474,2007,0.01
19,2,11,474,2008,0.01
19,2,11,474,2009,0.01
19,2,11,474,2010,0.01
19,2,11,474,2011,0.01
19,2,11,474,2012,0.01
19,2,11,474,2013,0.01
19,2,11,474,2014,0.01
19,2,11,474,2015,0.01
19,2,11,474,2016,0.01
19,2,11,474,2017,0.02
19,2,12,474,1990,0.03
19,2,12,474,1991,0.03
19,2,12,474,1992,0.03
19,2,12,474,1993,0.03
19,2,12,474,1994,0.03
19,2,12,474,1995,0.03
19,2,12,474,1996,0.03
19,2,12,474,1997,0.02
19,2,12,474,1998,0.02
19,2,12,474,1999,0.02
19,2,12,474,2000,0.02
19,2,12,474,2001,0.02
19,2,12,474,2002,0.02
19,2,12,474,2003,0.02
19,2,12,474,2004,0.02
19,2,12,474,2005,0.02
19,2,12,474,2006,0.02
19,2,12,474,2007,0.02
19,2,12,474,2008,0.02
19,2,12,474,2009,0.02
19,2,12,474,2010,0.02
19,2,12,474,2011,0.02
19,2,12,474,2012,0.02
19,2,12,474,2013,0.02
19,2,12,474,2014,0.02
19,2,12,474,2015,0.02
19,2,12,474,2016,0.03
19,2,12,474,2017,0.03
19,2,13,474,1990,0.06
19,2,13,474,1991,0.06
19,2,13,474,1992,0.06
19,2,13,474,1993,0.06
19,2,13,474,1994,0.06
19,2,13,474,1995,0.06
19,2,13,474,1996,0.06
19,2,13,474,1997,0.06
19,2,13,474,1998,0.06
19,2,13,474,1999,0.06
19,2,13,474,2000,0.06
19,2,13,474,2001,0.05
19,2,13,474,2002,0.05
19,2,13,474,2003,0.05
19,2,13,474,2004,0.05
19,2,13,474,2005,0.05
19,2,13,474,2006,0.05
19,2,13,474,2007,0.05
19,2,13,474,2008,0.06
19,2,13,474,2009,0.06
19,2,13,474,2010,0.06
19,2,13,474,2011,0.06
19,2,13,474,2012,0.06
19,2,13,474,2013,0.07
19,2,13,474,2014,0.07
19,2,13,474,2015,0.07
19,2,13,474,2016,0.08
19,2,13,474,2017,0.08
19,2,14,474,1990,0.07
19,2,14,474,1991,0.08
19,2,14,474,1992,0.08
19,2,14,474,1993,0.08
19,2,14,474,1994,0.07
19,2,14,474,1995,0.08
19,2,14,474,1996,0.08
19,2,14,474,1997,0.08
19,2,14,474,1998,0.08
19,2,14,474,1999,0.08
19,2,14,474,2000,0.07
19,2,14,474,2001,0.07
19,2,14,474,2002,0.07
19,2,14,474,2003,0.07
19,2,14,474,2004,0.08
19,2,14,474,2005,0.08
19,2,14,474,2006,0.08
19,2,14,474,2007,0.08
19,2,14,474,2008,0.08
19,2,14,474,2009,0.08
19,2,14,474,2010,0.08
19,2,14,474,2011,0.08
19,2,14,474,2012,0.08
19,2,14,474,2013,0.09
19,2,14,474,2014,0.09
19,2,14,474,2015,0.1
19,2,14,474,2016,0.1
19,2,14,474,2017,0.11
19,2,15,474,1990,0.13
19,2,15,474,1991,0.13
19,2,15,474,1992,0.12
19,2,15,474,1993,0.12
19,2,15,474,1994,0.13
19,2,15,474,1995,0.14
19,2,15,474,1996,0.15
19,2,15,474,1997,0.15
19,2,15,474,1998,0.15
19,2,15,474,1999,0.14
19,2,15,474,2000,0.15
19,2,15,474,2001,0.15
19,2,15,474,2002,0.15
19,2,15,474,2003,0.15
19,2,15,474,2004,0.16
19,2,15,474,2005,0.15
19,2,15,474,2006,0.15
19,2,15,474,2007,0.15
19,2,15,474,2008,0.15
19,2,15,474,2009,0.15
19,2,15,474,2010,0.15
19,2,15,474,2011,0.15
19,2,15,474,2012,0.15
19,2,15,474,2013,0.15
19,2,15,474,2014,0.16
19,2,15,474,2015,0.16
19,2,15,474,2016,0.17
19,2,15,474,2017,0.17
19,2,16,474,1990,0.16
19,2,16,474,1991,0.16
19,2,16,474,1992,0.16
19,2,16,474,1993,0.15
19,2,16,474,1994,0.15
19,2,16,474,1995,0.15
19,2,16,474,1996,0.15
19,2,16,474,1997,0.15
19,2,16,474,1998,0.15
19,2,16,474,1999,0.16
19,2,16,474,2000,0.18
19,2,16,474,2001,0.19
19,2,16,474,2002,0.2
19,2,16,474,2003,0.21
19,2,16,474,2004,0.2
19,2,16,474,2005,0.21
19,2,16,474,2006,0.22
19,2,16,474,2007,0.22
19,2,16,474,2008,0.23
19,2,16,474,2009,0.25
19,2,16,474,2010,0.23
19,2,16,474,2011,0.23
19,2,16,474,2012,0.23
19,2,16,474,2013,0.23
19,2,16,474,2014,0.23
19,2,16,474,2015,0.23
19,2,16,474,2016,0.24
19,2,16,474,2017,0.24
19,2,17,474,1990,0.18
19,2,17,474,1991,0.18
19,2,17,474,1992,0.19
19,2,17,474,1993,0.2
19,2,17,474,1994,0.21
19,2,17,474,1995,0.2
19,2,17,474,1996,0.2
19,2,17,474,1997,0.2
19,2,17,474,1998,0.19
19,2,17,474,1999,0.18
19,2,17,474,2000,0.19
19,2,17,474,2001,0.19
19,2,17,474,2002,0.19
19,2,17,474,2003,0.21
19,2,17,474,2004,0.23
19,2,17,474,2005,0.28
19,2,17,474,2006,0.32
19,2,17,474,2007,0.35
19,2,17,474,2008,0.37
19,2,17,474,2009,0.37
19,2,17,474,2010,0.39
19,2,17,474,2011,0.39
19,2,17,474,2012,0.39
19,2,17,474,2013,0.41
19,2,17,474,2014,0.43
19,2,17,474,2015,0.4
19,2,17,474,2016,0.4
19,2,17,474,2017,0.4
19,2,18,474,1990,0.19
19,2,18,474,1991,0.2
19,2,18,474,1992,0.21
19,2,18,474,1993,0.22
19,2,18,474,1994,0.24
19,2,18,474,1995,0.25
19,2,18,474,1996,0.27
19,2,18,474,1997,0.29
19,2,18,474,1998,0.3
19,2,18,474,1999,0.31
19,2,18,474,2000,0.3
19,2,18,474,2001,0.29
19,2,18,474,2002,0.29
19,2,18,474,2003,0.29
19,2,18,474,2004,0.29
19,2,18,474,2005,0.31
19,2,18,474,2006,0.33
19,2,18,474,2007,0.35
19,2,18,474,2008,0.39
19,2,18,474,2009,0.45
19,2,18,474,2010,0.54
19,2,18,474,2011,0.59
19,2,18,474,2012,0.62
19,2,18,474,2013,0.63
19,2,18,474,2014,0.6
19,2,18,474,2015,0.61
19,2,18,474,2016,0.62
19,2,18,474,2017,0.62
19,2,19,474,1990,0.17
19,2,19,474,1991,0.18
19,2,19,474,1992,0.19
19,2,19,474,1993,0.2
19,2,19,474,1994,0.21
19,2,19,474,1995,0.22
19,2,19,474,1996,0.23
19,2,19,474,1997,0.24
19,2,19,474,1998,0.26
19,2,19,474,1999,0.27
19,2,19,474,2000,0.29
19,2,19,474,2001,0.31
19,2,19,474,2002,0.34
19,2,19,474,2003,0.36
19,2,19,474,2004,0.38
19,2,19,474,2005,0.38
19,2,19,474,2006,0.39
19,2,19,474,2007,0.39
19,2,19,474,2008,0.4
19,2,19,474,2009,0.41
19,2,19,474,2010,0.44
19,2,19,474,2011,0.45
19,2,19,474,2012,0.48
19,2,19,474,2013,0.51
19,2,19,474,2014,0.58
19,2,19,474,2015,0.68
19,2,19,474,2016,0.74
19,2,19,474,2017,0.77
19,2,20,474,1990,0.13
19,2,20,474,1991,0.13
19,2,20,474,1992,0.14
19,2,20,474,1993,0.15
19,2,20,474,1994,0.17
19,2,20,474,1995,0.18
19,2,20,474,1996,0.19
19,2,20,474,1997,0.2
19,2,20,474,1998,0.21
19,2,20,474,1999,0.23
19,2,20,474,2000,0.24
19,2,20,474,2001,0.25
19,2,20,474,2002,0.27
19,2,20,474,2003,0.3
19,2,20,474,2004,0.32
19,2,20,474,2005,0.36
19,2,20,474,2006,0.4
19,2,20,474,2007,0.44
19,2,20,474,2008,0.48
19,2,20,474,2009,0.52
19,2,20,474,2010,0.51
19,2,20,474,2011,0.52
19,2,20,474,2012,0.52
19,2,20,474,2013,0.53
19,2,20,474,2014,0.54
19,2,20,474,2015,0.56
19,2,20,474,2016,0.58
19,2,20,474,2017,0.61
19,2,22,474,1990,1.38
19,2,22,474,1991,1.41
19,2,22,474,1992,1.43
19,2,22,474,1993,1.46
19,2,22,474,1994,1.5
19,2,22,474,1995,1.55
19,2,22,474,1996,1.59
19,2,22,474,1997,1.62
19,2,22,474,1998,1.66
19,2,22,474,1999,1.69
19,2,22,474,2000,1.74
19,2,22,474,2001,1.8
19,2,22,474,2002,1.87
19,2,22,474,2003,1.97
19,2,22,474,2004,2.09
19,2,22,474,2005,2.21
19,2,22,474,2006,2.36
19,2,22,474,2007,2.51
19,2,22,474,2008,2.69
19,2,22,474,2009,2.86
19,2,22,474,2010,3.04
19,2,22,474,2011,3.19
19,2,22,474,2012,3.32
19,2,22,474,2013,3.46
19,2,22,474,2014,3.61
19,2,22,474,2015,3.79
19,2,22,474,2016,3.94
19,2,22,474,2017,4.08
19,2,30,474,1990,0.11
19,2,30,474,1991,0.1
19,2,30,474,1992,0.1
19,2,30,474,1993,0.1
19,2,30,474,1994,0.1
19,2,30,474,1995,0.1
19,2,30,474,1996,0.11
19,2,30,474,1997,0.11
19,2,30,474,1998,0.12
19,2,30,474,1999,0.13
19,2,30,474,2000,0.14
19,2,30,474,2001,0.15
19,2,30,474,2002,0.17
19,2,30,474,2003,0.18
19,2,30,474,2004,0.19
19,2,30,474,2005,0.21
19,2,30,474,2006,0.23
19,2,30,474,2007,0.26
19,2,30,474,2008,0.29
19,2,30,474,2009,0.33
19,2,30,474,2010,0.37
19,2,30,474,2011,0.41
19,2,30,474,2012,0.45
19,2,30,474,2013,0.49
19,2,30,474,2014,0.52
19,2,30,474,2015,0.52
19,2,30,474,2016,0.53
19,2,30,474,2017,0.53
19,2,31,474,1990,0.09
19,2,31,474,1991,0.09
19,2,31,474,1992,0.08
19,2,31,474,1993,0.07
19,2,31,474,1994,0.07
19,2,31,474,1995,0.06
19,2,31,474,1996,0.06
19,2,31,474,1997,0.06
19,2,31,474,1998,0.06
19,2,31,474,1999,0.06
19,2,31,474,2000,0.06
19,2,31,474,2001,0.07
19,2,31,474,2002,0.07
19,2,31,474,2003,0.08
19,2,31,474,2004,0.09
19,2,31,474,2005,0.1
19,2,31,474,2006,0.11
19,2,31,474,2007,0.13
19,2,31,474,2008,0.14
19,2,31,474,2009,0.15
19,2,31,474,2010,0.17
19,2,31,474,2011,0.19
19,2,31,474,2012,0.21
19,2,31,474,2013,0.23
19,2,31,474,2014,0.26
19,2,31,474,2015,0.29
19,2,31,474,2016,0.33
19,2,31,474,2017,0.37
19,2,32,474,1990,0.02
19,2,32,474,1991,0.03
19,2,32,474,1992,0.03
19,2,32,474,1993,0.03
19,2,32,474,1994,0.03
19,2,32,474,1995,0.03
19,2,32,474,1996,0.03
19,2,32,474,1997,0.02
19,2,32,474,1998,0.02
19,2,32,474,1999,0.02
19,2,32,474,2000,0.02
19,2,32,474,2001,0.02
19,2,32,474,2002,0.02
19,2,32,474,2003,0.02
19,2,32,474,2004,0.02
19,2,32,474,2005,0.02
19,2,32,474,2006,0.03
19,2,32,474,2007,0.03
19,2,32,474,2008,0.03
19,2,32,474,2009,0.04
19,2,32,474,2010,0.04
19,2,32,474,2011,0.05
19,2,32,474,2012,0.05
19,2,32,474,2013,0.06
19,2,32,474,2014,0.06
19,2,32,474,2015,0.07
19,2,32,474,2016,0.08
19,2,32,474,2017,0.08
19,2,235,474,1990,0
19,2,235,474,1991,0
19,2,235,474,1992,0
19,2,235,474,1993,0
19,2,235,474,1994,0
19,2,235,474,1995,0.01
19,2,235,474,1996,0.01
19,2,235,474,1997,0.01
19,2,235,474,1998,0.01
19,2,235,474,1999,0.01
19,2,235,474,2000,0.01
19,2,235,474,2001,0.01
19,2,235,474,2002,0.01
19,2,235,474,2003,0.01
19,2,235,474,2004,0.01
19,2,235,474,2005,0.01
19,2,235,474,2006,0.01
19,2,235,474,2007,0.01
19,2,235,474,2008,0.01
19,2,235,474,2009,0.01
19,2,235,474,2010,0.01
19,2,235,474,2011,0.01
19,2,235,474,2012,0.01
19,2,235,474,2013,0.01
19,2,235,474,2014,0.01
19,2,235,474,2015,0.01
19,2,235,474,2016,0.01
19,2,235,474,2017,0.01
20,2,8,474,1990,0.32
20,2,8,474,1991,0.32
20,2,8,474,1992,0.32
20,2,8,474,1993,0.33
20,2,8,474,1994,0.34
20,2,8,474,1995,0.35
20,2,8,474,1996,0.37
20,2,8,474,1997,0.38
20,2,8,474,1998,0.38
20,2,8,474,1999,0.39
20,2,8,474,2000,0.39
20,2,8,474,2001,0.4
20,2,8,474,2002,0.41
20,2,8,474,2003,0.42
20,2,8,474,2004,0.43
20,2,8,474,2005,0.43
20,2,8,474,2006,0.44
20,2,8,474,2007,0.43
20,2,8,474,2008,0.42
20,2,8,474,2009,0.42
20,2,8,474,2010,0.41
20,2,8,474,2011,0.39
20,2,8,474,2012,0.37
20,2,8,474,2013,0.35
20,2,8,474,2014,0.33
20,2,8,474,2015,0.32
20,2,8,474,2016,0.31
20,2,8,474,2017,0.3
20,2,9,474,1990,0.31
20,2,9,474,1991,0.31
20,2,9,474,1992,0.32
20,2,9,474,1993,0.32
20,2,9,474,1994,0.33
20,2,9,474,1995,0.34
20,2,9,474,1996,0.34
20,2,9,474,1997,0.34
20,2,9,474,1998,0.34
20,2,9,474,1999,0.35
20,2,9,474,2000,0.35
20,2,9,474,2001,0.35
20,2,9,474,2002,0.36
20,2,9,474,2003,0.37
20,2,9,474,2004,0.38
20,2,9,474,2005,0.39
20,2,9,474,2006,0.39
20,2,9,474,2007,0.39
20,2,9,474,2008,0.39
20,2,9,474,2009,0.39
20,2,9,474,2010,0.4
20,2,9,474,2011,0.4
20,2,9,474,2012,0.41
20,2,9,474,2013,0.4
20,2,9,474,2014,0.4
20,2,9,474,2015,0.39
20,2,9,474,2016,0.38
20,2,9,474,2017,0.38
20,2,10,474,1990,0.32
20,2,10,474,1991,0.33
20,2,10,474,1992,0.32
20,2,10,474,1993,0.33
20,2,10,474,1994,0.33
20,2,10,474,1995,0.33
20,2,10,474,1996,0.33
20,2,10,474,1997,0.34
20,2,10,474,1998,0.34
20,2,10,474,1999,0.34
20,2,10,474,2000,0.34
20,2,10,474,2001,0.34
20,2,10,474,2002,0.34
20,2,10,474,2003,0.34
20,2,10,474,2004,0.35
20,2,10,474,2005,0.35
20,2,10,474,2006,0.36
20,2,10,474,2007,0.37
20,2,10,474,2008,0.38
20,2,10,474,2009,0.39
20,2,10,474,2010,0.4
20,2,10,474,2011,0.41
20,2,10,474,2012,0.41
20,2,10,474,2013,0.42
20,2,10,474,2014,0.42
20,2,10,474,2015,0.43
20,2,10,474,2016,0.45
20,2,10,474,2017,0.45
20,2,11,474,1990,0.58
20,2,11,474,1991,0.6
20,2,11,474,1992,0.61
20,2,11,474,1993,0.62
20,2,11,474,1994,0.62
20,2,11,474,1995,0.62
20,2,11,474,1996,0.61
20,2,11,474,1997,0.61
20,2,11,474,1998,0.6
20,2,11,474,1999,0.59
20,2,11,474,2000,0.58
20,2,11,474,2001,0.57
20,2,11,474,2002,0.56
20,2,11,474,2003,0.55
20,2,11,474,2004,0.54
20,2,11,474,2005,0.54
20,2,11,474,2006,0.53
20,2,11,474,2007,0.53
20,2,11,474,2008,0.53
20,2,11,474,2009,0.54
20,2,11,474,2010,0.54
20,2,11,474,2011,0.54
20,2,11,474,2012,0.55
20,2,11,474,2013,0.56
20,2,11,474,2014,0.56
20,2,11,474,2015,0.57
20,2,11,474,2016,0.58
20,2,11,474,2017,0.58
20,2,12,474,1990,1.1
20,2,12,474,1991,1.13
20,2,12,474,1992,1.18
20,2,12,474,1993,1.22
20,2,12,474,1994,1.27
20,2,12,474,1995,1.32
20,2,12,474,1996,1.35
20,2,12,474,1997,1.38
20,2,12,474,1998,1.39
20,2,12,474,1999,1.39
20,2,12,474,2000,1.37
20,2,12,474,2001,1.35
20,2,12,474,2002,1.32
20,2,12,474,2003,1.3
20,2,12,474,2004,1.29
20,2,12,474,2005,1.27
20,2,12,474,2006,1.27
20,2,12,474,2007,1.26
20,2,12,474,2008,1.24
20,2,12,474,2009,1.24
20,2,12,474,2010,1.22
20,2,12,474,2011,1.21
20,2,12,474,2012,1.19
20,2,12,474,2013,1.19
20,2,12,474,2014,1.19
20,2,12,474,2015,1.21
20,2,12,474,2016,1.23
20,2,12,474,2017,1.25
20,2,13,474,1990,1.84
20,2,13,474,1991,2.01
20,2,13,474,1992,2.18
20,2,13,474,1993,2.35
20,2,13,474,1994,2.52
20,2,13,474,1995,2.76
20,2,13,474,1996,2.85
20,2,13,474,1997,2.98
20,2,13,474,1998,3.12
20,2,13,474,1999,3.26
20,2,13,474,2000,3.37
20,2,13,474,2001,3.44
20,2,13,474,2002,3.49
20,2,13,474,2003,3.52
20,2,13,474,2004,3.52
20,2,13,474,2005,3.49
20,2,13,474,2006,3.47
20,2,13,474,2007,3.43
20,2,13,474,2008,3.38
20,2,13,474,2009,3.36
20,2,13,474,2010,3.33
20,2,13,474,2011,3.33
20,2,13,474,2012,3.32
20,2,13,474,2013,3.32
20,2,13,474,2014,3.32
20,2,13,474,2015,3.31
20,2,13,474,2016,3.3
20,2,13,474,2017,3.29
20,2,14,474,1990,2.72
20,2,14,474,1991,2.72
20,2,14,474,1992,2.74
20,2,14,474,1993,2.77
20,2,14,474,1994,2.82
20,2,14,474,1995,2.79
20,2,14,474,1996,3.02
20,2,14,474,1997,3.27
20,2,14,474,1998,3.52
20,2,14,474,1999,3.79
20,2,14,474,2000,4.16
20,2,14,474,2001,4.29
20,2,14,474,2002,4.45
20,2,14,474,2003,4.63
20,2,14,474,2004,4.81
20,2,14,474,2005,4.96
20,2,14,474,2006,5.09
20,2,14,474,2007,5.15
20,2,14,474,2008,5.16
20,2,14,474,2009,5.17
20,2,14,474,2010,5.13
20,2,14,474,2011,5.12
20,2,14,474,2012,5.09
20,2,14,474,2013,5.07
20,2,14,474,2014,5.07
20,2,14,474,2015,5.1
20,2,14,474,2016,5.14
20,2,14,474,2017,5.17
20,2,15,474,1990,5.65
20,2,15,474,1991,5.56
20,2,15,474,1992,5.49
20,2,15,474,1993,5.37
20,2,15,474,1994,5.27
20,2,15,474,1995,5.19
20,2,15,474,1996,5.13
20,2,15,474,1997,5.16
20,2,15,474,1998,5.24
20,2,15,474,1999,5.34
20,2,15,474,2000,5.29
20,2,15,474,2001,5.74
20,2,15,474,2002,6.15
20,2,15,474,2003,6.54
20,2,15,474,2004,6.95
20,2,15,474,2005,7.54
20,2,15,474,2006,7.74
20,2,15,474,2007,7.97
20,2,15,474,2008,8.23
20,2,15,474,2009,8.54
20,2,15,474,2010,8.8
20,2,15,474,2011,9.14
20,2,15,474,2012,9.39
20,2,15,474,2013,9.59
20,2,15,474,2014,9.76
20,2,15,474,2015,9.86
20,2,15,474,2016,9.92
20,2,15,474,2017,9.96
20,2,16,474,1990,9.9
20,2,16,474,1991,9.85
20,2,16,474,1992,9.78
20,2,16,474,1993,9.58
20,2,16,474,1994,9.34
20,2,16,474,1995,9.11
20,2,16,474,1996,8.84
20,2,16,474,1997,8.69
20,2,16,474,1998,8.56
20,2,16,474,1999,8.46
20,2,16,474,2000,8.36
20,2,16,474,2001,8.3
20,2,16,474,2002,8.28
20,2,16,474,2003,8.31
20,2,16,474,2004,8.39
20,2,16,474,2005,8.25
20,2,16,474,2006,8.92
20,2,16,474,2007,9.49
20,2,16,474,2008,10.03
20,2,16,474,2009,10.66
20,2,16,474,2010,11.59
20,2,16,474,2011,12.15
20,2,16,474,2012,12.82
20,2,16,474,2013,13.59
20,2,16,474,2014,14.41
20,2,16,474,2015,15.17
20,2,16,474,2016,15.82
20,2,16,474,2017,16.37
20,2,17,474,1990,13.09
20,2,17,474,1991,13.32
20,2,17,474,1992,13.57
20,2,17,474,1993,13.66
20,2,17,474,1994,13.66
20,2,17,474,1995,13.49
20,2,17,474,1996,13.24
20,2,17,474,1997,13.09
20,2,17,474,1998,12.91
20,2,17,474,1999,12.7
20,2,17,474,2000,12.41
20,2,17,474,2001,12.03
20,2,17,474,2002,11.6
20,2,17,474,2003,11.19
20,2,17,474,2004,10.84
20,2,17,474,2005,10.58
20,2,17,474,2006,10.42
20,2,17,474,2007,10.37
20,2,17,474,2008,10.4
20,2,17,474,2009,10.55
20,2,17,474,2010,10.42
20,2,17,474,2011,11.54
20,2,17,474,2012,12.61
20,2,17,474,2013,13.74
20,2,17,474,2014,15.05
20,2,17,474,2015,16.83
20,2,17,474,2016,17.82
20,2,17,474,2017,19.02
20,2,18,474,1990,19.61
20,2,18,474,1991,19.97
20,2,18,474,1992,20.32
20,2,18,474,1993,20.5
20,2,18,474,1994,20.64
20,2,18,474,1995,20.84
20,2,18,474,1996,21.07
20,2,18,474,1997,21.48
20,2,18,474,1998,21.91
20,2,18,474,1999,22.24
20,2,18,474,2000,22.21
20,2,18,474,2001,21.89
20,2,18,474,2002,21.36
20,2,18,474,2003,20.7
20,2,18,474,2004,20.01
20,2,18,474,2005,19.32
20,2,18,474,2006,18.63
20,2,18,474,2007,18.02
20,2,18,474,2008,17.5
20,2,18,474,2009,17.14
20,2,18,474,2010,16.93
20,2,18,474,2011,17.14
20,2,18,474,2012,17.5
20,2,18,474,2013,18.06
20,2,18,474,2014,18.84
20,2,18,474,2015,19.15
20,2,18,474,2016,21.43
20,2,18,474,2017,23.67
20,2,19,474,1990,22.56
20,2,19,474,1991,23.5
20,2,19,474,1992,24.62
20,2,19,474,1993,25.63
20,2,19,474,1994,26.53
20,2,19,474,1995,27.02
20,2,19,474,1996,27.45
20,2,19,474,1997,28.05
20,2,19,474,1998,28.71
20,2,19,474,1999,29.43
20,2,19,474,2000,30.13
20,2,19,474,2001,30.66
20,2,19,474,2002,30.97
20,2,19,474,2003,31.1
20,2,19,474,2004,31.13
20,2,19,474,2005,30.76
20,2,19,474,2006,30.26
20,2,19,474,2007,29.62
20,2,19,474,2008,28.95
20,2,19,474,2009,28.33
20,2,19,474,2010,27.75
20,2,19,474,2011,27.41
20,2,19,474,2012,27.05
20,2,19,474,2013,26.83
20,2,19,474,2014,26.93
20,2,19,474,2015,27.27
20,2,19,474,2016,27.94
20,2,19,474,2017,28.87
20,2,20,474,1990,29.64
20,2,20,474,1991,30.15
20,2,20,474,1992,30.77
20,2,20,474,1993,31.42
20,2,20,474,1994,32.17
20,2,20,474,1995,33.29
20,2,20,474,1996,34.73
20,2,20,474,1997,36.65
20,2,20,474,1998,38.87
20,2,20,474,1999,41.24
20,2,20,474,2000,42.93
20,2,20,474,2001,44.08
20,2,20,474,2002,44.88
20,2,20,474,2003,45.57
20,2,20,474,2004,46.3
20,2,20,474,2005,47.18
20,2,20,474,2006,48.17
20,2,20,474,2007,49.13
20,2,20,474,2008,50.03
20,2,20,474,2009,50.77
20,2,20,474,2010,50.9
20,2,20,474,2011,50.88
20,2,20,474,2012,50.53
20,2,20,474,2013,50.24
20,2,20,474,2014,50.08
20,2,20,474,2015,50.05
20,2,20,474,2016,50.07
20,2,20,474,2017,50.14
20,2,22,474,1990,163.11
20,2,22,474,1991,166.22
20,2,22,474,1992,169.73
20,2,22,474,1993,172.72
20,2,22,474,1994,175.49
20,2,22,474,1995,178.05
20,2,22,474,1996,181.12
20,2,22,474,1997,185.9
20,2,22,474,1998,191.69
20,2,22,474,1999,198.18
20,2,22,474,2000,203.94
20,2,22,474,2001,209.05
20,2,22,474,2002,213.38
20,2,22,474,2003,217.65
20,2,22,474,2004,222.23
20,2,22,474,2005,226.29
20,2,22,474,2006,231.09
20,2,22,474,2007,235.83
20,2,22,474,2008,240.67
20,2,22,474,2009,246.1
20,2,22,474,2010,251.07
20,2,22,474,2011,257.39
20,2,22,474,2012,263.27
20,2,22,474,2013,270.03
20,2,22,474,2014,278.1
20,2,22,474,2015,286.14
20,2,22,474,2016,295.76
20,2,22,474,2017,305.52
20,2,30,474,1990,28.09
20,2,30,474,1991,28.43
20,2,30,474,1992,28.83
20,2,30,474,1993,29.24
20,2,30,474,1994,29.61
20,2,30,474,1995,29.94
20,2,30,474,1996,30.38
20,2,30,474,1997,31.16
20,2,30,474,1998,32.3
20,2,30,474,1999,33.86
20,2,30,474,2000,35.86
20,2,30,474,2001,37.99
20,2,30,474,2002,40.17
20,2,30,474,2003,42.41
20,2,30,474,2004,44.66
20,2,30,474,2005,46.24
20,2,30,474,2006,47.64
20,2,30,474,2007,48.91
20,2,30,474,2008,50.13
20,2,30,474,2009,51.46
20,2,30,474,2010,53.09
20,2,30,474,2011,54.75
20,2,30,474,2012,56.3
20,2,30,474,2013,57.96
20,2,30,474,2014,59.65
20,2,30,474,2015,60.8
20,2,30,474,2016,61.75
20,2,30,474,2017,62.4
20,2,31,474,1990,19.21
20,2,31,474,1991,19.62
20,2,31,474,1992,20.02
20,2,31,474,1993,20.44
20,2,31,474,1994,20.82
20,2,31,474,1995,21.16
20,2,31,474,1996,21.57
20,2,31,474,1997,22.14
20,2,31,474,1998,22.87
20,2,31,474,1999,23.74
20,2,31,474,2000,24.64
20,2,31,474,2001,25.56
20,2,31,474,2002,26.5
20,2,31,474,2003,27.59
20,2,31,474,2004,28.95
20,2,31,474,2005,30.71
20,2,31,474,2006,32.8
20,2,31,474,2007,35.08
20,2,31,474,2008,37.4
20,2,31,474,2009,39.7
20,2,31,474,2010,41.51
20,2,31,474,2011,42.99
20,2,31,474,2012,44.32
20,2,31,474,2013,45.82
20,2,31,474,2014,47.58
20,2,31,474,2015,49.74
20,2,31,474,2016,52.16
20,2,31,474,2017,54.63
20,2,32,474,1990,6.64
20,2,32,474,1991,6.84
20,2,32,474,1992,7.04
20,2,32,474,1993,7.26
20,2,32,474,1994,7.48
20,2,32,474,1995,7.7
20,2,32,474,1996,7.94
20,2,32,474,1997,8.22
20,2,32,474,1998,8.53
20,2,32,474,1999,8.89
20,2,32,474,2000,9.25
20,2,32,474,2001,9.64
20,2,32,474,2002,10.03
20,2,32,474,2003,10.47
20,2,32,474,2004,10.95
20,2,32,474,2005,11.44
20,2,32,474,2006,11.99
20,2,32,474,2007,12.58
20,2,32,474,2008,13.25
20,2,32,474,2009,14.04
20,2,32,474,2010,15.11
20,2,32,474,2011,16.25
20,2,32,474,2012,17.48
20,2,32,474,2013,18.76
20,2,32,474,2014,20.06
20,2,32,474,2015,21.15
20,2,32,474,2016,22.26
20,2,32,474,2017,23.41
20,2,235,474,1990,1.52
20,2,235,474,1991,1.57
20,2,235,474,1992,1.62
20,2,235,474,1993,1.68
20,2,235,474,1994,1.74
20,2,235,474,1995,1.81
20,2,235,474,1996,1.88
20,2,235,474,1997,1.97
20,2,235,474,1998,2.07
20,2,235,474,1999,2.19
20,2,235,474,2000,2.3
20,2,235,474,2001,2.41
20,2,235,474,2002,2.52
20,2,235,474,2003,2.62
20,2,235,474,2004,2.74
20,2,235,474,2005,2.85
20,2,235,474,2006,2.97
20,2,235,474,2007,3.1
20,2,235,474,2008,3.24
20,2,235,474,2009,3.39
20,2,235,474,2010,3.55
20,2,235,474,2011,3.73
20,2,235,474,2012,3.92
20,2,235,474,2013,4.14
20,2,235,474,2014,4.42
20,2,235,474,2015,4.79
20,2,235,474,2016,5.2
20,2,235,474,2017,5.62
22,2,8,474,1990,0
22,2,8,474,1991,0
22,2,8,474,1992,0
22,2,8,474,1993,0.01
22,2,8,474,1994,0.01
22,2,8,474,1995,0.01
22,2,8,474,1996,0.01
22,2,8,474,1997,0.01
22,2,8,474,1998,0.01
22,2,8,474,1999,0.01
22,2,8,474,2000,0.01
22,2,8,474,2001,0.01
22,2,8,474,2002,0.01
22,2,8,474,2003,0.01
22,2,8,474,2004,0
22,2,8,474,2005,0.01
22,2,8,474,2006,0.01
22,2,8,474,2007,0.01
22,2,8,474,2008,0.01
22,2,8,474,2009,0.01
22,2,8,474,2010,0.01
22,2,8,474,2011,0.01
22,2,8,474,2012,0.01
22,2,8,474,2013,0.01
22,2,8,474,2014,0.01
22,2,8,474,2015,0.01
22,2,8,474,2016,0.01
22,2,8,474,2017,0.01
22,2,9,474,1990,0
22,2,9,474,1991,0
22,2,9,474,1992,0
22,2,9,474,1993,0
22,2,9,474,1994,0
22,2,9,474,1995,0
22,2,9,474,1996,0
22,2,9,474,1997,0
22,2,9,474,1998,0
22,2,9,474,1999,0
22,2,9,474,2000,0
22,2,9,474,2001,0.01
22,2,9,474,2002,0.01
22,2,9,474,2003,0
22,2,9,474,2004,0
22,2,9,474,2005,0
22,2,9,474,2006,0
22,2,9,474,2007,0.01
22,2,9,474,2008,0
22,2,9,474,2009,0
22,2,9,474,2010,0
22,2,9,474,2011,0
22,2,9,474,2012,0
22,2,9,474,2013,0
22,2,9,474,2014,0
22,2,9,474,2015,0
22,2,9,474,2016,0
22,2,9,474,2017,0
22,2,10,474,1990,0
22,2,10,474,1991,0
22,2,10,474,1992,0
22,2,10,474,1993,0
22,2,10,474,1994,0
22,2,10,474,1995,0
22,2,10,474,1996,0
22,2,10,474,1997,0
22,2,10,474,1998,0
22,2,10,474,1999,0
22,2,10,474,2000,0
22,2,10,474,2001,0
22,2,10,474,2002,0
22,2,10,474,2003,0
22,2,10,474,2004,0
22,2,10,474,2005,0
22,2,10,474,2006,0
22,2,10,474,2007,0
22,2,10,474,2008,0
22,2,10,474,2009,0
22,2,10,474,2010,0
22,2,10,474,2011,0
22,2,10,474,2012,0
22,2,10,474,2013,0
22,2,10,474,2014,0
22,2,10,474,2015,0
22,2,10,474,2016,0
22,2,10,474,2017,0
22,2,11,474,1990,0.02
22,2,11,474,1991,0.02
22,2,11,474,1992,0.02
22,2,11,474,1993,0.02
22,2,11,474,1994,0.02
22,2,11,474,1995,0.02
22,2,11,474,1996,0.02
22,2,11,474,1997,0.02
22,2,11,474,1998,0.02
22,2,11,474,1999,0.02
22,2,11,474,2000,0.02
22,2,11,474,2001,0.02
22,2,11,474,2002,0.02
22,2,11,474,2003,0.02
22,2,11,474,2004,0.02
22,2,11,474,2005,0.03
22,2,11,474,2006,0.03
22,2,11,474,2007,0.03
22,2,11,474,2008,0.03
22,2,11,474,2009,0.03
22,2,11,474,2010,0.03
22,2,11,474,2011,0.03
22,2,11,474,2012,0.03
22,2,11,474,2013,0.03
22,2,11,474,2014,0.03
22,2,11,474,2015,0.03
22,2,11,474,2016,0.03
22,2,11,474,2017,0.03
22,2,12,474,1990,0.04
22,2,12,474,1991,0.04
22,2,12,474,1992,0.04
22,2,12,474,1993,0.04
22,2,12,474,1994,0.04
22,2,12,474,1995,0.04
22,2,12,474,1996,0.04
22,2,12,474,1997,0.04
22,2,12,474,1998,0.04
22,2,12,474,1999,0.04
22,2,12,474,2000,0.04
22,2,12,474,2001,0.04
22,2,12,474,2002,0.04
22,2,12,474,2003,0.04
22,2,12,474,2004,0.05
22,2,12,474,2005,0.06
22,2,12,474,2006,0.06
22,2,12,474,2007,0.06
22,2,12,474,2008,0.06
22,2,12,474,2009,0.07
22,2,12,474,2010,0.06
22,2,12,474,2011,0.06
22,2,12,474,2012,0.06
22,2,12,474,2013,0.06
22,2,12,474,2014,0.06
22,2,12,474,2015,0.07
22,2,12,474,2016,0.07
22,2,12,474,2017,0.07
22,2,13,474,1990,0.06
22,2,13,474,1991,0.07
22,2,13,474,1992,0.07
22,2,13,474,1993,0.07
22,2,13,474,1994,0.07
22,2,13,474,1995,0.06
22,2,13,474,1996,0.06
22,2,13,474,1997,0.07
22,2,13,474,1998,0.07
22,2,13,474,1999,0.07
22,2,13,474,2000,0.07
22,2,13,474,2001,0.07
22,2,13,474,2002,0.07
22,2,13,474,2003,0.08
22,2,13,474,2004,0.1
22,2,13,474,2005,0.11
22,2,13,474,2006,0.12
22,2,13,474,2007,0.12
22,2,13,474,2008,0.13
22,2,13,474,2009,0.14
22,2,13,474,2010,0.14
22,2,13,474,2011,0.13
22,2,13,474,2012,0.13
22,2,13,474,2013,0.13
22,2,13,474,2014,0.13
22,2,13,474,2015,0.13
22,2,13,474,2016,0.13
22,2,13,474,2017,0.13
22,2,14,474,1990,0.06
22,2,14,474,1991,0.06
22,2,14,474,1992,0.06
22,2,14,474,1993,0.06
22,2,14,474,1994,0.06
22,2,14,474,1995,0.06
22,2,14,474,1996,0.06
22,2,14,474,1997,0.07
22,2,14,474,1998,0.07
22,2,14,474,1999,0.07
22,2,14,474,2000,0.07
22,2,14,474,2001,0.07
22,2,14,474,2002,0.07
22,2,14,474,2003,0.08
22,2,14,474,2004,0.09
22,2,14,474,2005,0.11
22,2,14,474,2006,0.12
22,2,14,474,2007,0.12
22,2,14,474,2008,0.13
22,2,14,474,2009,0.13
22,2,14,474,2010,0.13
22,2,14,474,2011,0.13
22,2,14,474,2012,0.12
22,2,14,474,2013,0.12
22,2,14,474,2014,0.12
22,2,14,474,2015,0.12
22,2,14,474,2016,0.12
22,2,14,474,2017,0.11
22,2,15,474,1990,0.16
22,2,15,474,1991,0.16
22,2,15,474,1992,0.16
22,2,15,474,1993,0.16
22,2,15,474,1994,0.17
22,2,15,474,1995,0.17
22,2,15,474,1996,0.18
22,2,15,474,1997,0.18
22,2,15,474,1998,0.17
22,2,15,474,1999,0.17
22,2,15,474,2000,0.18
22,2,15,474,2001,0.18
22,2,15,474,2002,0.18
22,2,15,474,2003,0.21
22,2,15,474,2004,0.24
22,2,15,474,2005,0.27
22,2,15,474,2006,0.28
22,2,15,474,2007,0.29
22,2,15,474,2008,0.3
22,2,15,474,2009,0.3
22,2,15,474,2010,0.32
22,2,15,474,2011,0.33
22,2,15,474,2012,0.33
22,2,15,474,2013,0.34
22,2,15,474,2014,0.35
22,2,15,474,2015,0.36
22,2,15,474,2016,0.37
22,2,15,474,2017,0.37
22,2,16,474,1990,0.17
22,2,16,474,1991,0.17
22,2,16,474,1992,0.17
22,2,16,474,1993,0.17
22,2,16,474,1994,0.18
22,2,16,474,1995,0.18
22,2,16,474,1996,0.19
22,2,16,474,1997,0.19
22,2,16,474,1998,0.19
22,2,16,474,1999,0.2
22,2,16,474,2000,0.21
22,2,16,474,2001,0.21
22,2,16,474,2002,0.21
22,2,16,474,2003,0.25
22,2,16,474,2004,0.28
22,2,16,474,2005,0.33
22,2,16,474,2006,0.35
22,2,16,474,2007,0.35
22,2,16,474,2008,0.38
22,2,16,474,2009,0.39
22,2,16,474,2010,0.39
22,2,16,474,2011,0.4
22,2,16,474,2012,0.4
22,2,16,474,2013,0.42
22,2,16,474,2014,0.43
22,2,16,474,2015,0.45
22,2,16,474,2016,0.46
22,2,16,474,2017,0.47
22,2,17,474,1990,0.19
22,2,17,474,1991,0.2
22,2,17,474,1992,0.21
22,2,17,474,1993,0.21
22,2,17,474,1994,0.22
22,2,17,474,1995,0.22
22,2,17,474,1996,0.22
22,2,17,474,1997,0.23
22,2,17,474,1998,0.24
22,2,17,474,1999,0.25
22,2,17,474,2000,0.26
22,2,17,474,2001,0.26
22,2,17,474,2002,0.27
22,2,17,474,2003,0.31
22,2,17,474,2004,0.35
22,2,17,474,2005,0.4
22,2,17,474,2006,0.41
22,2,17,474,2007,0.43
22,2,17,474,2008,0.44
22,2,17,474,2009,0.45
22,2,17,474,2010,0.47
22,2,17,474,2011,0.47
22,2,17,474,2012,0.46
22,2,17,474,2013,0.48
22,2,17,474,2014,0.49
22,2,17,474,2015,0.5
22,2,17,474,2016,0.52
22,2,17,474,2017,0.54
22,2,18,474,1990,0.17
22,2,18,474,1991,0.17
22,2,18,474,1992,0.17
22,2,18,474,1993,0.18
22,2,18,474,1994,0.18
22,2,18,474,1995,0.2
22,2,18,474,1996,0.2
22,2,18,474,1997,0.21
22,2,18,474,1998,0.22
22,2,18,474,1999,0.23
22,2,18,474,2000,0.23
22,2,18,474,2001,0.23
22,2,18,474,2002,0.23
22,2,18,474,2003,0.24
22,2,18,474,2004,0.28
22,2,18,474,2005,0.32
22,2,18,474,2006,0.34
22,2,18,474,2007,0.35
22,2,18,474,2008,0.37
22,2,18,474,2009,0.38
22,2,18,474,2010,0.39
22,2,18,474,2011,0.39
22,2,18,474,2012,0.39
22,2,18,474,2013,0.4
22,2,18,474,2014,0.41
22,2,18,474,2015,0.43
22,2,18,474,2016,0.44
22,2,18,474,2017,0.45
22,2,19,474,1990,0.22
22,2,19,474,1991,0.22
22,2,19,474,1992,0.23
22,2,19,474,1993,0.23
22,2,19,474,1994,0.23
22,2,19,474,1995,0.24
22,2,19,474,1996,0.24
22,2,19,474,1997,0.24
22,2,19,474,1998,0.24
22,2,19,474,1999,0.25
22,2,19,474,2000,0.26
22,2,19,474,2001,0.26
22,2,19,474,2002,0.28
22,2,19,474,2003,0.31
22,2,19,474,2004,0.34
22,2,19,474,2005,0.38
22,2,19,474,2006,0.4
22,2,19,474,2007,0.4
22,2,19,474,2008,0.43
22,2,19,474,2009,0.45
22,2,19,474,2010,0.46
22,2,19,474,2011,0.47
22,2,19,474,2012,0.48
22,2,19,474,2013,0.5
22,2,19,474,2014,0.51
22,2,19,474,2015,0.53
22,2,19,474,2016,0.55
22,2,19,474,2017,0.56
22,2,20,474,1990,0.19
22,2,20,474,1991,0.2
22,2,20,474,1992,0.2
22,2,20,474,1993,0.21
22,2,20,474,1994,0.21
22,2,20,474,1995,0.22
22,2,20,474,1996,0.22
22,2,20,474,1997,0.21
22,2,20,474,1998,0.21
22,2,20,474,1999,0.23
22,2,20,474,2000,0.24
22,2,20,474,2001,0.25
22,2,20,474,2002,0.25
22,2,20,474,2003,0.27
22,2,20,474,2004,0.29
22,2,20,474,2005,0.33
22,2,20,474,2006,0.35
22,2,20,474,2007,0.37
22,2,20,474,2008,0.4
22,2,20,474,2009,0.41
22,2,20,474,2010,0.42
22,2,20,474,2011,0.41
22,2,20,474,2012,0.41
22,2,20,474,2013,0.42
22,2,20,474,2014,0.44
22,2,20,474,2015,0.47
22,2,20,474,2016,0.49
22,2,20,474,2017,0.51
22,2,22,474,1990,1.56
22,2,22,474,1991,1.6
22,2,22,474,1992,1.63
22,2,22,474,1993,1.66
22,2,22,474,1994,1.69
22,2,22,474,1995,1.74
22,2,22,474,1996,1.77
22,2,22,474,1997,1.81
22,2,22,474,1998,1.81
22,2,22,474,1999,1.88
22,2,22,474,2000,1.94
22,2,22,474,2001,1.95
22,2,22,474,2002,1.99
22,2,22,474,2003,2.19
22,2,22,474,2004,2.43
22,2,22,474,2005,2.77
22,2,22,474,2006,2.91
22,2,22,474,2007,2.98
22,2,22,474,2008,3.16
22,2,22,474,2009,3.3
22,2,22,474,2010,3.37
22,2,22,474,2011,3.4
22,2,22,474,2012,3.44
22,2,22,474,2013,3.56
22,2,22,474,2014,3.66
22,2,22,474,2015,3.78
22,2,22,474,2016,3.9
22,2,22,474,2017,4.01
22,2,30,474,1990,0.15
22,2,30,474,1991,0.15
22,2,30,474,1992,0.16
22,2,30,474,1993,0.16
22,2,30,474,1994,0.17
22,2,30,474,1995,0.17
22,2,30,474,1996,0.18
22,2,30,474,1997,0.18
22,2,30,474,1998,0.18
22,2,30,474,1999,0.19
22,2,30,474,2000,0.2
22,2,30,474,2001,0.2
22,2,30,474,2002,0.21
22,2,30,474,2003,0.22
22,2,30,474,2004,0.22
22,2,30,474,2005,0.24
22,2,30,474,2006,0.24
22,2,30,474,2007,0.25
22,2,30,474,2008,0.27
22,2,30,474,2009,0.29
22,2,30,474,2010,0.3
22,2,30,474,2011,0.3
22,2,30,474,2012,0.33
22,2,30,474,2013,0.35
22,2,30,474,2014,0.35
22,2,30,474,2015,0.36
22,2,30,474,2016,0.37
22,2,30,474,2017,0.38
22,2,31,474,1990,0.07
22,2,31,474,1991,0.08
22,2,31,474,1992,0.08
22,2,31,474,1993,0.08
22,2,31,474,1994,0.08
22,2,31,474,1995,0.08
22,2,31,474,1996,0.08
22,2,31,474,1997,0.08
22,2,31,474,1998,0.09
22,2,31,474,1999,0.09
22,2,31,474,2000,0.09
22,2,31,474,2001,0.1
22,2,31,474,2002,0.1
22,2,31,474,2003,0.1
22,2,31,474,2004,0.1
22,2,31,474,2005,0.12
22,2,31,474,2006,0.12
22,2,31,474,2007,0.12
22,2,31,474,2008,0.13
22,2,31,474,2009,0.13
22,2,31,474,2010,0.13
22,2,31,474,2011,0.14
22,2,31,474,2012,0.15
22,2,31,474,2013,0.16
22,2,31,474,2014,0.16
22,2,31,474,2015,0.17
22,2,31,474,2016,0.18
22,2,31,474,2017,0.19
22,2,32,474,1990,0.02
22,2,32,474,1991,0.02
22,2,32,474,1992,0.02
22,2,32,474,1993,0.03
22,2,32,474,1994,0.03
22,2,32,474,1995,0.03
22,2,32,474,1996,0.03
22,2,32,474,1997,0.03
22,2,32,474,1998,0.03
22,2,32,474,1999,0.03
22,2,32,474,2000,0.03
22,2,32,474,2001,0.03
22,2,32,474,2002,0.03
22,2,32,474,2003,0.03
22,2,32,474,2004,0.03
22,2,32,474,2005,0.03
22,2,32,474,2006,0.04
22,2,32,474,2007,0.04
22,2,32,474,2008,0.04
22,2,32,474,2009,0.04
22,2,32,474,2010,0.04
22,2,32,474,2011,0.04
22,2,32,474,2012,0.05
22,2,32,474,2013,0.05
22,2,32,474,2014,0.05
22,2,32,474,2015,0.05
22,2,32,474,2016,0.05
22,2,32,474,2017,0.06
22,2,235,474,1990,0.03
22,2,235,474,1991,0.03
22,2,235,474,1992,0.03
22,2,235,474,1993,0.03
22,2,235,474,1994,0.03
22,2,235,474,1995,0.03
22,2,235,474,1996,0.03
22,2,235,474,1997,0.03
22,2,235,474,1998,0.03
22,2,235,474,1999,0.03
22,2,235,474,2000,0.03
22,2,235,474,2001,0.03
22,2,235,474,2002,0.03
22,2,235,474,2003,0.03
22,2,235,474,2004,0.03
22,2,235,474,2005,0.03
22,2,235,474,2006,0.04
22,2,235,474,2007,0.04
22,2,235,474,2008,0.05
22,2,235,474,2009,0.06
22,2,235,474,2010,0.07
22,2,235,474,2011,0.07
22,2,235,474,2012,0.08
22,2,235,474,2013,0.09
22,2,235,474,2014,0.09
22,2,235,474,2015,0.1
22,2,235,474,2016,0.1
22,2,235,474,2017,0.11
23,2,8,474,1990,0
23,2,8,474,1991,0
23,2,8,474,1992,0
23,2,8,474,1993,0
23,2,8,474,1994,0
23,2,8,474,1995,0
23,2,8,474,1996,0
23,2,8,474,1997,0
23,2,8,474,1998,0
23,2,8,474,1999,0
23,2,8,474,2000,0
23,2,8,474,2001,0
23,2,8,474,2002,0
23,2,8,474,2003,0
23,2,8,474,2004,0
23,2,8,474,2005,0
23,2,8,474,2006,0
23,2,8,474,2007,0
23,2,8,474,2008,0
23,2,8,474,2009,0
23,2,8,474,2010,0
23,2,8,474,2011,0
23,2,8,474,2012,0
23,2,8,474,2013,0
23,2,8,474,2014,0
23,2,8,474,2015,0
23,2,8,474,2016,0
23,2,8,474,2017,0
23,2,9,474,1990,0
23,2,9,474,1991,0
23,2,9,474,1992,0
23,2,9,474,1993,0
23,2,9,474,1994,0
23,2,9,474,1995,0
23,2,9,474,1996,0
23,2,9,474,1997,0
23,2,9,474,1998,0
23,2,9,474,1999,0
23,2,9,474,2000,0
23,2,9,474,2001,0
23,2,9,474,2002,0
23,2,9,474,2003,0
23,2,9,474,2004,0
23,2,9,474,2005,0
23,2,9,474,2006,0
23,2,9,474,2007,0
23,2,9,474,2008,0
23,2,9,474,2009,0
23,2,9,474,2010,0
23,2,9,474,2011,0
23,2,9,474,2012,0
23,2,9,474,2013,0
23,2,9,474,2014,0
23,2,9,474,2015,0
23,2,9,474,2016,0
23,2,9,474,2017,0
23,2,10,474,1990,0
23,2,10,474,1991,0
23,2,10,474,1992,0
23,2,10,474,1993,0
23,2,10,474,1994,0
23,2,10,474,1995,0
23,2,10,474,1996,0
23,2,10,474,1997,0
23,2,10,474,1998,0
23,2,10,474,1999,0
23,2,10,474,2000,0
23,2,10,474,2001,0
23,2,10,474,2002,0
23,2,10,474,2003,0
23,2,10,474,2004,0
23,2,10,474,2005,0
23,2,10,474,2006,0
23,2,10,474,2007,0
23,2,10,474,2008,0
23,2,10,474,2009,0
23,2,10,474,2010,0
23,2,10,474,2011,0
23,2,10,474,2012,0
23,2,10,474,2013,0
23,2,10,474,2014,0
23,2,10,474,2015,0
23,2,10,474,2016,0
23,2,10,474,2017,0
23,2,11,474,1990,0
23,2,11,474,1991,0
23,2,11,474,1992,0
23,2,11,474,1993,0
23,2,11,474,1994,0
23,2,11,474,1995,0
23,2,11,474,1996,0
23,2,11,474,1997,0
23,2,11,474,1998,0
23,2,11,474,1999,0
23,2,11,474,2000,0
23,2,11,474,2001,0
23,2,11,474,2002,0
23,2,11,474,2003,0
23,2,11,474,2004,0
23,2,11,474,2005,0
23,2,11,474,2006,0
23,2,11,474,2007,0
23,2,11,474,2008,0
23,2,11,474,2009,0
23,2,11,474,2010,0
23,2,11,474,2011,0
23,2,11,474,2012,0
23,2,11,474,2013,0
23,2,11,474,2014,0
23,2,11,474,2015,0
23,2,11,474,2016,0
23,2,11,474,2017,0
23,2,12,474,1990,0
23,2,12,474,1991,0
23,2,12,474,1992,0
23,2,12,474,1993,0
23,2,12,474,1994,0
23,2,12,474,1995,0
23,2,12,474,1996,0
23,2,12,474,1997,0
23,2,12,474,1998,0
23,2,12,474,1999,0
23,2,12,474,2000,0
23,2,12,474,2001,0
23,2,12,474,2002,0
23,2,12,474,2003,0
23,2,12,474,2004,0
23,2,12,474,2005,0
23,2,12,474,2006,0
23,2,12,474,2007,0
23,2,12,474,2008,0
23,2,12,474,2009,0
23,2,12,474,2010,0
23,2,12,474,2011,0
23,2,12,474,2012,0
23,2,12,474,2013,0
23,2,12,474,2014,0
23,2,12,474,2015,0
23,2,12,474,2016,0
23,2,12,474,2017,0
23,2,13,474,1990,0
23,2,13,474,1991,0
23,2,13,474,1992,0
23,2,13,474,1993,0
23,2,13,474,1994,0
23,2,13,474,1995,0.01
23,2,13,474,1996,0.01
23,2,13,474,1997,0.01
23,2,13,474,1998,0.01
23,2,13,474,1999,0.01
23,2,13,474,2000,0.01
23,2,13,474,2001,0.01
23,2,13,474,2002,0.01
23,2,13,474,2003,0.01
23,2,13,474,2004,0.01
23,2,13,474,2005,0.01
23,2,13,474,2006,0.01
23,2,13,474,2007,0.01
23,2,13,474,2008,0.01
23,2,13,474,2009,0.01
23,2,13,474,2010,0.01
23,2,13,474,2011,0.01
23,2,13,474,2012,0.01
23,2,13,474,2013,0.01
23,2,13,474,2014,0.01
23,2,13,474,2015,0.01
23,2,13,474,2016,0.01
23,2,13,474,2017,0.01
23,2,14,474,1990,0
23,2,14,474,1991,0
23,2,14,474,1992,0
23,2,14,474,1993,0
23,2,14,474,1994,0
23,2,14,474,1995,0
23,2,14,474,1996,0
23,2,14,474,1997,0.01
23,2,14,474,1998,0.01
23,2,14,474,1999,0.01
23,2,14,474,2000,0.01
23,2,14,474,2001,0.01
23,2,14,474,2002,0.01
23,2,14,474,2003,0.01
23,2,14,474,2004,0.01
23,2,14,474,2005,0.01
23,2,14,474,2006,0.01
23,2,14,474,2007,0.01
23,2,14,474,2008,0.01
23,2,14,474,2009,0.01
23,2,14,474,2010,0.01
23,2,14,474,2011,0.01
23,2,14,474,2012,0.01
23,2,14,474,2013,0.01
23,2,14,474,2014,0.01
23,2,14,474,2015,0.01
23,2,14,474,2016,0.01
23,2,14,474,2017,0.01
23,2,15,474,1990,0.01
23,2,15,474,1991,0.01
23,2,15,474,1992,0.01
23,2,15,474,1993,0.01
23,2,15,474,1994,0.01
23,2,15,474,1995,0.01
23,2,15,474,1996,0.01
23,2,15,474,1997,0.01
23,2,15,474,1998,0.01
23,2,15,474,1999,0.02
23,2,15,474,2000,0.02
23,2,15,474,2001,0.02
23,2,15,474,2002,0.02
23,2,15,474,2003,0.02
23,2,15,474,2004,0.02
23,2,15,474,2005,0.02
23,2,15,474,2006,0.02
23,2,15,474,2007,0.02
23,2,15,474,2008,0.02
23,2,15,474,2009,0.02
23,2,15,474,2010,0.02
23,2,15,474,2011,0.02
23,2,15,474,2012,0.03
23,2,15,474,2013,0.03
23,2,15,474,2014,0.03
23,2,15,474,2015,0.03
23,2,15,474,2016,0.03
23,2,15,474,2017,0.03
23,2,16,474,1990,0.02
23,2,16,474,1991,0.02
23,2,16,474,1992,0.02
23,2,16,474,1993,0.02
23,2,16,474,1994,0.02
23,2,16,474,1995,0.02
23,2,16,474,1996,0.02
23,2,16,474,1997,0.02
23,2,16,474,1998,0.02
23,2,16,474,1999,0.02
23,2,16,474,2000,0.02
23,2,16,474,2001,0.02
23,2,16,474,2002,0.02
23,2,16,474,2003,0.02
23,2,16,474,2004,0.02
23,2,16,474,2005,0.02
23,2,16,474,2006,0.03
23,2,16,474,2007,0.03
23,2,16,474,2008,0.03
23,2,16,474,2009,0.03
23,2,16,474,2010,0.03
23,2,16,474,2011,0.03
23,2,16,474,2012,0.03
23,2,16,474,2013,0.03
23,2,16,474,2014,0.04
23,2,16,474,2015,0.04
23,2,16,474,2016,0.04
23,2,16,474,2017,0.04
23,2,17,474,1990,0.02
23,2,17,474,1991,0.02
23,2,17,474,1992,0.02
23,2,17,474,1993,0.02
23,2,17,474,1994,0.02
23,2,17,474,1995,0.02
23,2,17,474,1996,0.02
23,2,17,474,1997,0.02
23,2,17,474,1998,0.02
23,2,17,474,1999,0.02
23,2,17,474,2000,0.02
23,2,17,474,2001,0.02
23,2,17,474,2002,0.02
23,2,17,474,2003,0.02
23,2,17,474,2004,0.02
23,2,17,474,2005,0.02
23,2,17,474,2006,0.03
23,2,17,474,2007,0.03
23,2,17,474,2008,0.03
23,2,17,474,2009,0.03
23,2,17,474,2010,0.03
23,2,17,474,2011,0.03
23,2,17,474,2012,0.03
23,2,17,474,2013,0.03
23,2,17,474,2014,0.04
23,2,17,474,2015,0.04
23,2,17,474,2016,0.04
23,2,17,474,2017,0.04
23,2,18,474,1990,0.02
23,2,18,474,1991,0.02
23,2,18,474,1992,0.02
23,2,18,474,1993,0.02
23,2,18,474,1994,0.02
23,2,18,474,1995,0.02
23,2,18,474,1996,0.02
23,2,18,474,1997,0.02
23,2,18,474,1998,0.02
23,2,18,474,1999,0.02
23,2,18,474,2000,0.02
23,2,18,474,2001,0.02
23,2,18,474,2002,0.02
23,2,18,474,2003,0.02
23,2,18,474,2004,0.03
23,2,18,474,2005,0.03
23,2,18,474,2006,0.03
23,2,18,474,2007,0.03
23,2,18,474,2008,0.03
23,2,18,474,2009,0.03
23,2,18,474,2010,0.03
23,2,18,474,2011,0.03
23,2,18,474,2012,0.03
23,2,18,474,2013,0.03
23,2,18,474,2014,0.04
23,2,18,474,2015,0.04
23,2,18,474,2016,0.04
23,2,18,474,2017,0.04
23,2,19,474,1990,0.03
23,2,19,474,1991,0.03
23,2,19,474,1992,0.03
23,2,19,474,1993,0.03
23,2,19,474,1994,0.03
23,2,19,474,1995,0.03
23,2,19,474,1996,0.04
23,2,19,474,1997,0.04
23,2,19,474,1998,0.04
23,2,19,474,1999,0.04
23,2,19,474,2000,0.04
23,2,19,474,2001,0.04
23,2,19,474,2002,0.04
23,2,19,474,2003,0.04
23,2,19,474,2004,0.04
23,2,19,474,2005,0.04
23,2,19,474,2006,0.04
23,2,19,474,2007,0.05
23,2,19,474,2008,0.05
23,2,19,474,2009,0.05
23,2,19,474,2010,0.05
23,2,19,474,2011,0.05
23,2,19,474,2012,0.05
23,2,19,474,2013,0.05
23,2,19,474,2014,0.05
23,2,19,474,2015,0.05
23,2,19,474,2016,0.05
23,2,19,474,2017,0.06
23,2,20,474,1990,0.03
23,2,20,474,1991,0.03
23,2,20,474,1992,0.03
23,2,20,474,1993,0.03
23,2,20,474,1994,0.03
23,2,20,474,1995,0.03
23,2,20,474,1996,0.04
23,2,20,474,1997,0.04
23,2,20,474,1998,0.04
23,2,20,474,1999,0.04
23,2,20,474,2000,0.04
23,2,20,474,2001,0.04
23,2,20,474,2002,0.04
23,2,20,474,2003,0.05
23,2,20,474,2004,0.05
23,2,20,474,2005,0.05
23,2,20,474,2006,0.05
23,2,20,474,2007,0.05
23,2,20,474,2008,0.05
23,2,20,474,2009,0.05
23,2,20,474,2010,0.05
23,2,20,474,2011,0.05
23,2,20,474,2012,0.05
23,2,20,474,2013,0.06
23,2,20,474,2014,0.06
23,2,20,474,2015,0.06
23,2,20,474,2016,0.06
23,2,20,474,2017,0.06
23,2,22,474,1990,0.18
23,2,22,474,1991,0.18
23,2,22,474,1992,0.18
23,2,22,474,1993,0.18
23,2,22,474,1994,0.18
23,2,22,474,1995,0.19
23,2,22,474,1996,0.19
23,2,22,474,1997,0.2
23,2,22,474,1998,0.2
23,2,22,474,1999,0.21
23,2,22,474,2000,0.22
23,2,22,474,2001,0.23
23,2,22,474,2002,0.23
23,2,22,474,2003,0.24
23,2,22,474,2004,0.25
23,2,22,474,2005,0.26
23,2,22,474,2006,0.27
23,2,22,474,2007,0.28
23,2,22,474,2008,0.28
23,2,22,474,2009,0.29
23,2,22,474,2010,0.3
23,2,22,474,2011,0.31
23,2,22,474,2012,0.32
23,2,22,474,2013,0.33
23,2,22,474,2014,0.34
23,2,22,474,2015,0.35
23,2,22,474,2016,0.36
23,2,22,474,2017,0.36
23,2,30,474,1990,0.02
23,2,30,474,1991,0.02
23,2,30,474,1992,0.02
23,2,30,474,1993,0.02
23,2,30,474,1994,0.02
23,2,30,474,1995,0.02
23,2,30,474,1996,0.02
23,2,30,474,1997,0.02
23,2,30,474,1998,0.02
23,2,30,474,1999,0.02
23,2,30,474,2000,0.03
23,2,30,474,2001,0.03
23,2,30,474,2002,0.03
23,2,30,474,2003,0.03
23,2,30,474,2004,0.03
23,2,30,474,2005,0.03
23,2,30,474,2006,0.03
23,2,30,474,2007,0.03
23,2,30,474,2008,0.04
23,2,30,474,2009,0.04
23,2,30,474,2010,0.04
23,2,30,474,2011,0.04
23,2,30,474,2012,0.04
23,2,30,474,2013,0.04
23,2,30,474,2014,0.04
23,2,30,474,2015,0.04
23,2,30,474,2016,0.04
23,2,30,474,2017,0.04
23,2,31,474,1990,0.01
23,2,31,474,1991,0.01
23,2,31,474,1992,0.01
23,2,31,474,1993,0.01
23,2,31,474,1994,0.01
23,2,31,474,1995,0.01
23,2,31,474,1996,0.01
23,2,31,474,1997,0.01
23,2,31,474,1998,0.01
23,2,31,474,1999,0.01
23,2,31,474,2000,0.01
23,2,31,474,2001,0.01
23,2,31,474,2002,0.01
23,2,31,474,2003,0.01
23,2,31,474,2004,0.01
23,2,31,474,2005,0.01
23,2,31,474,2006,0.01
23,2,31,474,2007,0.01
23,2,31,474,2008,0.01
23,2,31,474,2009,0.02
23,2,31,474,2010,0.02
23,2,31,474,2011,0.02
23,2,31,474,2012,0.02
23,2,31,474,2013,0.02
23,2,31,474,2014,0.02
23,2,31,474,2015,0.02
23,2,31,474,2016,0.02
23,2,31,474,2017,0.02
23,2,32,474,1990,0
23,2,32,474,1991,0
23,2,32,474,1992,0
23,2,32,474,1993,0
23,2,32,474,1994,0
23,2,32,474,1995,0
23,2,32,474,1996,0
23,2,32,474,1997,0
23,2,32,474,1998,0
23,2,32,474,1999,0
23,2,32,474,2000,0
23,2,32,474,2001,0
23,2,32,474,2002,0
23,2,32,474,2003,0
23,2,32,474,2004,0
23,2,32,474,2005,0
23,2,32,474,2006,0
23,2,32,474,2007,0
23,2,32,474,2008,0
23,2,32,474,2009,0
23,2,32,474,2010,0
23,2,32,474,2011,0
23,2,32,474,2012,0
23,2,32,474,2013,0
23,2,32,474,2014,0
23,2,32,474,2015,0
23,2,32,474,2016,0
23,2,32,474,2017,0
23,2,235,474,1990,0
23,2,235,474,1991,0
23,2,235,474,1992,0
23,2,235,474,1993,0
23,2,235,474,1994,0
23,2,235,474,1995,0
23,2,235,474,1996,0
23,2,235,474,1997,0
23,2,235,474,1998,0
23,2,235,474,1999,0
23,2,235,474,2000,0
23,2,235,474,2001,0
23,2,235,474,2002,0
23,2,235,474,2003,0
23,2,235,474,2004,0
23,2,235,474,2005,0
23,2,235,474,2006,0
23,2,235,474,2007,0
23,2,235,474,2008,0
23,2,235,474,2009,0
23,2,235,474,2010,0
23,2,235,474,2011,0
23,2,235,474,2012,0
23,2,235,474,2013,0
23,2,235,474,2014,0
23,2,235,474,2015,0
23,2,235,474,2016,0
23,2,235,474,2017,0
24,2,8,474,1990,0
24,2,8,474,1991,0
24,2,8,474,1992,0
24,2,8,474,1993,0
24,2,8,474,1994,0
24,2,8,474,1995,0
24,2,8,474,1996,0
24,2,8,474,1997,0
24,2,8,474,1998,0
24,2,8,474,1999,0
24,2,8,474,2000,0
24,2,8,474,2001,0
24,2,8,474,2002,0
24,2,8,474,2003,0
24,2,8,474,2004,0
24,2,8,474,2005,0
24,2,8,474,2006,0
24,2,8,474,2007,0
24,2,8,474,2008,0
24,2,8,474,2009,0
24,2,8,474,2010,0
24,2,8,474,2011,0
24,2,8,474,2012,0
24,2,8,474,2013,0
24,2,8,474,2014,0
24,2,8,474,2015,0
24,2,8,474,2016,0
24,2,8,474,2017,0
24,2,9,474,1990,0
24,2,9,474,1991,0
24,2,9,474,1992,0
24,2,9,474,1993,0
24,2,9,474,1994,0
24,2,9,474,1995,0
24,2,9,474,1996,0
24,2,9,474,1997,0
24,2,9,474,1998,0
24,2,9,474,1999,0
24,2,9,474,2000,0
24,2,9,474,2001,0
24,2,9,474,2002,0
24,2,9,474,2003,0
24,2,9,474,2004,0
24,2,9,474,2005,0
24,2,9,474,2006,0
24,2,9,474,2007,0
24,2,9,474,2008,0
24,2,9,474,2009,0
24,2,9,474,2010,0
24,2,9,474,2011,0
24,2,9,474,2012,0
24,2,9,474,2013,0
24,2,9,474,2014,0
24,2,9,474,2015,0
24,2,9,474,2016,0
24,2,9,474,2017,0
24,2,10,474,1990,0
24,2,10,474,1991,0
24,2,10,474,1992,0
24,2,10,474,1993,0
24,2,10,474,1994,0
24,2,10,474,1995,0
24,2,10,474,1996,0
24,2,10,474,1997,0
24,2,10,474,1998,0
24,2,10,474,1999,0
24,2,10,474,2000,0
24,2,10,474,2001,0
24,2,10,474,2002,0
24,2,10,474,2003,0
24,2,10,474,2004,0
24,2,10,474,2005,0
24,2,10,474,2006,0
24,2,10,474,2007,0
24,2,10,474,2008,0
24,2,10,474,2009,0
24,2,10,474,2010,0
24,2,10,474,2011,0
24,2,10,474,2012,0
24,2,10,474,2013,0
24,2,10,474,2014,0
24,2,10,474,2015,0
24,2,10,474,2016,0
24,2,10,474,2017,0
24,2,11,474,1990,0
24,2,11,474,1991,0
24,2,11,474,1992,0
24,2,11,474,1993,0
24,2,11,474,1994,0
24,2,11,474,1995,0
24,2,11,474,1996,0
24,2,11,474,1997,0
24,2,11,474,1998,0
24,2,11,474,1999,0
24,2,11,474,2000,0
24,2,11,474,2001,0
24,2,11,474,2002,0
24,2,11,474,2003,0
24,2,11,474,2004,0
24,2,11,474,2005,0
24,2,11,474,2006,0
24,2,11,474,2007,0
24,2,11,474,2008,0
24,2,11,474,2009,0
24,2,11,474,2010,0
24,2,11,474,2011,0
24,2,11,474,2012,0
24,2,11,474,2013,0
24,2,11,474,2014,0
24,2,11,474,2015,0
24,2,11,474,2016,0
24,2,11,474,2017,0
24,2,12,474,1990,0
24,2,12,474,1991,0
24,2,12,474,1992,0
24,2,12,474,1993,0
24,2,12,474,1994,0
24,2,12,474,1995,0
24,2,12,474,1996,0
24,2,12,474,1997,0
24,2,12,474,1998,0
24,2,12,474,1999,0
24,2,12,474,2000,0.01
24,2,12,474,2001,0.01
24,2,12,474,2002,0.01
24,2,12,474,2003,0.01
24,2,12,474,2004,0.01
24,2,12,474,2005,0.01
24,2,12,474,2006,0.01
24,2,12,474,2007,0.01
24,2,12,474,2008,0.01
24,2,12,474,2009,0.01
24,2,12,474,2010,0.01
24,2,12,474,2011,0.01
24,2,12,474,2012,0.01
24,2,12,474,2013,0.01
24,2,12,474,2014,0.01
24,2,12,474,2015,0.01
24,2,12,474,2016,0.01
24,2,12,474,2017,0.01
24,2,13,474,1990,0
24,2,13,474,1991,0.01
24,2,13,474,1992,0.01
24,2,13,474,1993,0.01
24,2,13,474,1994,0.01
24,2,13,474,1995,0.01
24,2,13,474,1996,0.01
24,2,13,474,1997,0.01
24,2,13,474,1998,0.01
24,2,13,474,1999,0.01
24,2,13,474,2000,0.01
24,2,13,474,2001,0.01
24,2,13,474,2002,0.01
24,2,13,474,2003,0.01
24,2,13,474,2004,0.01
24,2,13,474,2005,0.01
24,2,13,474,2006,0.01
24,2,13,474,2007,0.01
24,2,13,474,2008,0.01
24,2,13,474,2009,0.01
24,2,13,474,2010,0.01
24,2,13,474,2011,0.01
24,2,13,474,2012,0.01
24,2,13,474,2013,0.01
24,2,13,474,2014,0.01
24,2,13,474,2015,0.01
24,2,13,474,2016,0.01
24,2,13,474,2017,0.01
24,2,14,474,1990,0
24,2,14,474,1991,0
24,2,14,474,1992,0
24,2,14,474,1993,0
24,2,14,474,1994,0
24,2,14,474,1995,0
24,2,14,474,1996,0.01
24,2,14,474,1997,0.01
24,2,14,474,1998,0.01
24,2,14,474,1999,0.01
24,2,14,474,2000,0.01
24,2,14,474,2001,0.01
24,2,14,474,2002,0.01
24,2,14,474,2003,0.01
24,2,14,474,2004,0.01
24,2,14,474,2005,0.01
24,2,14,474,2006,0.01
24,2,14,474,2007,0.01
24,2,14,474,2008,0.01
24,2,14,474,2009,0.01
24,2,14,474,2010,0.01
24,2,14,474,2011,0.01
24,2,14,474,2012,0.01
24,2,14,474,2013,0.01
24,2,14,474,2014,0.01
24,2,14,474,2015,0.01
24,2,14,474,2016,0.01
24,2,14,474,2017,0.01
24,2,15,474,1990,0.01
24,2,15,474,1991,0.01
24,2,15,474,1992,0.01
24,2,15,474,1993,0.01
24,2,15,474,1994,0.01
24,2,15,474,1995,0.01
24,2,15,474,1996,0.01
24,2,15,474,1997,0.01
24,2,15,474,1998,0.01
24,2,15,474,1999,0.01
24,2,15,474,2000,0.01
24,2,15,474,2001,0.01
24,2,15,474,2002,0.01
24,2,15,474,2003,0.02
24,2,15,474,2004,0.02
24,2,15,474,2005,0.02
24,2,15,474,2006,0.02
24,2,15,474,2007,0.02
24,2,15,474,2008,0.02
24,2,15,474,2009,0.02
24,2,15,474,2010,0.02
24,2,15,474,2011,0.02
24,2,15,474,2012,0.02
24,2,15,474,2013,0.02
24,2,15,474,2014,0.02
24,2,15,474,2015,0.02
24,2,15,474,2016,0.02
24,2,15,474,2017,0.02
24,2,16,474,1990,0.01
24,2,16,474,1991,0.01
24,2,16,474,1992,0.01
24,2,16,474,1993,0.01
24,2,16,474,1994,0.01
24,2,16,474,1995,0.01
24,2,16,474,1996,0.01
24,2,16,474,1997,0.01
24,2,16,474,1998,0.01
24,2,16,474,1999,0.01
24,2,16,474,2000,0.01
24,2,16,474,2001,0.01
24,2,16,474,2002,0.01
24,2,16,474,2003,0.01
24,2,16,474,2004,0.02
24,2,16,474,2005,0.02
24,2,16,474,2006,0.02
24,2,16,474,2007,0.02
24,2,16,474,2008,0.02
24,2,16,474,2009,0.02
24,2,16,474,2010,0.02
24,2,16,474,2011,0.02
24,2,16,474,2012,0.02
24,2,16,474,2013,0.02
24,2,16,474,2014,0.02
24,2,16,474,2015,0.03
24,2,16,474,2016,0.03
24,2,16,474,2017,0.03
24,2,17,474,1990,0.01
24,2,17,474,1991,0.01
24,2,17,474,1992,0.01
24,2,17,474,1993,0.01
24,2,17,474,1994,0.01
24,2,17,474,1995,0.01
24,2,17,474,1996,0.01
24,2,17,474,1997,0.01
24,2,17,474,1998,0.01
24,2,17,474,1999,0.01
24,2,17,474,2000,0.01
24,2,17,474,2001,0.01
24,2,17,474,2002,0.01
24,2,17,474,2003,0.01
24,2,17,474,2004,0.01
24,2,17,474,2005,0.01
24,2,17,474,2006,0.01
24,2,17,474,2007,0.02
24,2,17,474,2008,0.02
24,2,17,474,2009,0.02
24,2,17,474,2010,0.02
24,2,17,474,2011,0.02
24,2,17,474,2012,0.02
24,2,17,474,2013,0.02
24,2,17,474,2014,0.02
24,2,17,474,2015,0.02
24,2,17,474,2016,0.03
24,2,17,474,2017,0.03
24,2,18,474,1990,0.01
24,2,18,474,1991,0.01
24,2,18,474,1992,0.01
24,2,18,474,1993,0.01
24,2,18,474,1994,0.01
24,2,18,474,1995,0.01
24,2,18,474,1996,0.01
24,2,18,474,1997,0.01
24,2,18,474,1998,0.01
24,2,18,474,1999,0.01
24,2,18,474,2000,0.01
24,2,18,474,2001,0.01
24,2,18,474,2002,0.01
24,2,18,474,2003,0.01
24,2,18,474,2004,0.01
24,2,18,474,2005,0.01
24,2,18,474,2006,0.01
24,2,18,474,2007,0.01
24,2,18,474,2008,0.01
24,2,18,474,2009,0.01
24,2,18,474,2010,0.02
24,2,18,474,2011,0.02
24,2,18,474,2012,0.02
24,2,18,474,2013,0.02
24,2,18,474,2014,0.02
24,2,18,474,2015,0.02
24,2,18,474,2016,0.02
24,2,18,474,2017,0.02
24,2,19,474,1990,0.02
24,2,19,474,1991,0.02
24,2,19,474,1992,0.02
24,2,19,474,1993,0.02
24,2,19,474,1994,0.01
24,2,19,474,1995,0.01
24,2,19,474,1996,0.01
24,2,19,474,1997,0.01
24,2,19,474,1998,0.01
24,2,19,474,1999,0.01
24,2,19,474,2000,0.01
24,2,19,474,2001,0.01
24,2,19,474,2002,0.01
24,2,19,474,2003,0.01
24,2,19,474,2004,0.01
24,2,19,474,2005,0.01
24,2,19,474,2006,0.01
24,2,19,474,2007,0.01
24,2,19,474,2008,0.01
24,2,19,474,2009,0.02
24,2,19,474,2010,0.02
24,2,19,474,2011,0.02
24,2,19,474,2012,0.02
24,2,19,474,2013,0.02
24,2,19,474,2014,0.02
24,2,19,474,2015,0.02
24,2,19,474,2016,0.02
24,2,19,474,2017,0.02
24,2,20,474,1990,0.02
24,2,20,474,1991,0.02
24,2,20,474,1992,0.02
24,2,20,474,1993,0.02
24,2,20,474,1994,0.02
24,2,20,474,1995,0.02
24,2,20,474,1996,0.02
24,2,20,474,1997,0.02
24,2,20,474,1998,0.02
24,2,20,474,1999,0.02
24,2,20,474,2000,0.02
24,2,20,474,2001,0.02
24,2,20,474,2002,0.01
24,2,20,474,2003,0.01
24,2,20,474,2004,0.01
24,2,20,474,2005,0.01
24,2,20,474,2006,0.01
24,2,20,474,2007,0.01
24,2,20,474,2008,0.01
24,2,20,474,2009,0.01
24,2,20,474,2010,0.01
24,2,20,474,2011,0.01
24,2,20,474,2012,0.02
24,2,20,474,2013,0.02
24,2,20,474,2014,0.02
24,2,20,474,2015,0.02
24,2,20,474,2016,0.02
24,2,20,474,2017,0.02
24,2,22,474,1990,0.09
24,2,22,474,1991,0.09
24,2,22,474,1992,0.1
24,2,22,474,1993,0.1
24,2,22,474,1994,0.1
24,2,22,474,1995,0.1
24,2,22,474,1996,0.11
24,2,22,474,1997,0.11
24,2,22,474,1998,0.11
24,2,22,474,1999,0.12
24,2,22,474,2000,0.12
24,2,22,474,2001,0.12
24,2,22,474,2002,0.13
24,2,22,474,2003,0.13
24,2,22,474,2004,0.13
24,2,22,474,2005,0.14
24,2,22,474,2006,0.14
24,2,22,474,2007,0.15
24,2,22,474,2008,0.15
24,2,22,474,2009,0.15
24,2,22,474,2010,0.16
24,2,22,474,2011,0.16
24,2,22,474,2012,0.17
24,2,22,474,2013,0.17
24,2,22,474,2014,0.18
24,2,22,474,2015,0.18
24,2,22,474,2016,0.19
24,2,22,474,2017,0.2
24,2,30,474,1990,0.01
24,2,30,474,1991,0.01
24,2,30,474,1992,0.01
24,2,30,474,1993,0.01
24,2,30,474,1994,0.01
24,2,30,474,1995,0.01
24,2,30,474,1996,0.01
24,2,30,474,1997,0.01
24,2,30,474,1998,0.01
24,2,30,474,1999,0.01
24,2,30,474,2000,0.01
24,2,30,474,2001,0.01
24,2,30,474,2002,0.01
24,2,30,474,2003,0.01
24,2,30,474,2004,0.01
24,2,30,474,2005,0.01
24,2,30,474,2006,0.01
24,2,30,474,2007,0.01
24,2,30,474,2008,0.01
24,2,30,474,2009,0.01
24,2,30,474,2010,0.01
24,2,30,474,2011,0.01
24,2,30,474,2012,0.01
24,2,30,474,2013,0.01
24,2,30,474,2014,0.01
24,2,30,474,2015,0.01
24,2,30,474,2016,0.01
24,2,30,474,2017,0.01
24,2,31,474,1990,0
24,2,31,474,1991,0
24,2,31,474,1992,0
24,2,31,474,1993,0
24,2,31,474,1994,0
24,2,31,474,1995,0
24,2,31,474,1996,0.01
24,2,31,474,1997,0.01
24,2,31,474,1998,0.01
24,2,31,474,1999,0.01
24,2,31,474,2000,0.01
24,2,31,474,2001,0.01
24,2,31,474,2002,0.01
24,2,31,474,2003,0.01
24,2,31,474,2004,0.01
24,2,31,474,2005,0.01
24,2,31,474,2006,0.01
24,2,31,474,2007,0.01
24,2,31,474,2008,0.01
24,2,31,474,2009,0.01
24,2,31,474,2010,0.01
24,2,31,474,2011,0.01
24,2,31,474,2012,0
24,2,31,474,2013,0
24,2,31,474,2014,0
24,2,31,474,2015,0
24,2,31,474,2016,0
24,2,31,474,2017,0.01
24,2,32,474,1990,0
24,2,32,474,1991,0
24,2,32,474,1992,0
24,2,32,474,1993,0
24,2,32,474,1994,0
24,2,32,474,1995,0
24,2,32,474,1996,0
24,2,32,474,1997,0
24,2,32,474,1998,0
24,2,32,474,1999,0
24,2,32,474,2000,0
24,2,32,474,2001,0
24,2,32,474,2002,0
24,2,32,474,2003,0
24,2,32,474,2004,0
24,2,32,474,2005,0
24,2,32,474,2006,0
24,2,32,474,2007,0
24,2,32,474,2008,0
24,2,32,474,2009,0
24,2,32,474,2010,0
24,2,32,474,2011,0
24,2,32,474,2012,0
24,2,32,474,2013,0
24,2,32,474,2014,0
24,2,32,474,2015,0
24,2,32,474,2016,0
24,2,32,474,2017,0
24,2,235,474,1990,0
24,2,235,474,1991,0
24,2,235,474,1992,0
24,2,235,474,1993,0
24,2,235,474,1994,0
24,2,235,474,1995,0
24,2,235,474,1996,0
24,2,235,474,1997,0
24,2,235,474,1998,0
24,2,235,474,1999,0
24,2,235,474,2000,0
24,2,235,474,2001,0
24,2,235,474,2002,0
24,2,235,474,2003,0
24,2,235,474,2004,0
24,2,235,474,2005,0
24,2,235,474,2006,0
24,2,235,474,2007,0
24,2,235,474,2008,0
24,2,235,474,2009,0
24,2,235,474,2010,0
24,2,235,474,2011,0
24,2,235,474,2012,0
24,2,235,474,2013,0
24,2,235,474,2014,0
24,2,235,474,2015,0
24,2,235,474,2016,0
24,2,235,474,2017,0
25,2,8,474,1990,0
25,2,8,474,1991,0
25,2,8,474,1992,0
25,2,8,474,1993,0
25,2,8,474,1994,0
25,2,8,474,1995,0
25,2,8,474,1996,0
25,2,8,474,1997,0
25,2,8,474,1998,0
25,2,8,474,1999,0
25,2,8,474,2000,0
25,2,8,474,2001,0
25,2,8,474,2002,0
25,2,8,474,2003,0
25,2,8,474,2004,0
25,2,8,474,2005,0
25,2,8,474,2006,0
25,2,8,474,2007,0
25,2,8,474,2008,0
25,2,8,474,2009,0
25,2,8,474,2010,0
25,2,8,474,2011,0
25,2,8,474,2012,0
25,2,8,474,2013,0
25,2,8,474,2014,0
25,2,8,474,2015,0
25,2,8,474,2016,0
25,2,8,474,2017,0
25,2,9,474,1990,0
25,2,9,474,1991,0
25,2,9,474,1992,0
25,2,9,474,1993,0
25,2,9,474,1994,0
25,2,9,474,1995,0
25,2,9,474,1996,0
25,2,9,474,1997,0
25,2,9,474,1998,0
25,2,9,474,1999,0
25,2,9,474,2000,0
25,2,9,474,2001,0
25,2,9,474,2002,0
25,2,9,474,2003,0
25,2,9,474,2004,0
25,2,9,474,2005,0
25,2,9,474,2006,0
25,2,9,474,2007,0
25,2,9,474,2008,0
25,2,9,474,2009,0
25,2,9,474,2010,0
25,2,9,474,2011,0
25,2,9,474,2012,0
25,2,9,474,2013,0
25,2,9,474,2014,0
25,2,9,474,2015,0
25,2,9,474,2016,0
25,2,9,474,2017,0
25,2,10,474,1990,0
25,2,10,474,1991,0
25,2,10,474,1992,0
25,2,10,474,1993,0
25,2,10,474,1994,0
25,2,10,474,1995,0
25,2,10,474,1996,0
25,2,10,474,1997,0
25,2,10,474,1998,0
25,2,10,474,1999,0
25,2,10,474,2000,0
25,2,10,474,2001,0
25,2,10,474,2002,0
25,2,10,474,2003,0
25,2,10,474,2004,0
25,2,10,474,2005,0
25,2,10,474,2006,0
25,2,10,474,2007,0
25,2,10,474,2008,0
25,2,10,474,2009,0
25,2,10,474,2010,0
25,2,10,474,2011,0
25,2,10,474,2012,0
25,2,10,474,2013,0
25,2,10,474,2014,0
25,2,10,474,2015,0
25,2,10,474,2016,0
25,2,10,474,2017,0
25,2,11,474,1990,0
25,2,11,474,1991,0
25,2,11,474,1992,0
25,2,11,474,1993,0
25,2,11,474,1994,0
25,2,11,474,1995,0
25,2,11,474,1996,0
25,2,11,474,1997,0
25,2,11,474,1998,0
25,2,11,474,1999,0
25,2,11,474,2000,0
25,2,11,474,2001,0
25,2,11,474,2002,0
25,2,11,474,2003,0
25,2,11,474,2004,0
25,2,11,474,2005,0
25,2,11,474,2006,0
25,2,11,474,2007,0
25,2,11,474,2008,0
25,2,11,474,2009,0
25,2,11,474,2010,0
25,2,11,474,2011,0
25,2,11,474,2012,0
25,2,11,474,2013,0
25,2,11,474,2014,0
25,2,11,474,2015,0
25,2,11,474,2016,0
25,2,11,474,2017,0
25,2,12,474,1990,0.01
25,2,12,474,1991,0.01
25,2,12,474,1992,0.01
25,2,12,474,1993,0.01
25,2,12,474,1994,0.01
25,2,12,474,1995,0.01
25,2,12,474,1996,0.01
25,2,12,474,1997,0.01
25,2,12,474,1998,0.01
25,2,12,474,1999,0.01
25,2,12,474,2000,0.01
25,2,12,474,2001,0.01
25,2,12,474,2002,0.01
25,2,12,474,2003,0.01
25,2,12,474,2004,0.01
25,2,12,474,2005,0.01
25,2,12,474,2006,0.01
25,2,12,474,2007,0.01
25,2,12,474,2008,0.01
25,2,12,474,2009,0.01
25,2,12,474,2010,0.01
25,2,12,474,2011,0.01
25,2,12,474,2012,0.01
25,2,12,474,2013,0.01
25,2,12,474,2014,0.01
25,2,12,474,2015,0.01
25,2,12,474,2016,0.01
25,2,12,474,2017,0.01
25,2,13,474,1990,0.01
25,2,13,474,1991,0.01
25,2,13,474,1992,0.01
25,2,13,474,1993,0.01
25,2,13,474,1994,0.01
25,2,13,474,1995,0.01
25,2,13,474,1996,0.01
25,2,13,474,1997,0.01
25,2,13,474,1998,0.01
25,2,13,474,1999,0.02
25,2,13,474,2000,0.02
25,2,13,474,2001,0.02
25,2,13,474,2002,0.02
25,2,13,474,2003,0.02
25,2,13,474,2004,0.02
25,2,13,474,2005,0.02
25,2,13,474,2006,0.02
25,2,13,474,2007,0.02
25,2,13,474,2008,0.02
25,2,13,474,2009,0.02
25,2,13,474,2010,0.02
25,2,13,474,2011,0.02
25,2,13,474,2012,0.02
25,2,13,474,2013,0.02
25,2,13,474,2014,0.02
25,2,13,474,2015,0.02
25,2,13,474,2016,0.02
25,2,13,474,2017,0.02
25,2,14,474,1990,0.01
25,2,14,474,1991,0.01
25,2,14,474,1992,0.01
25,2,14,474,1993,0.01
25,2,14,474,1994,0.01
25,2,14,474,1995,0.01
25,2,14,474,1996,0.01
25,2,14,474,1997,0.01
25,2,14,474,1998,0.01
25,2,14,474,1999,0.01
25,2,14,474,2000,0.01
25,2,14,474,2001,0.01
25,2,14,474,2002,0.01
25,2,14,474,2003,0.01
25,2,14,474,2004,0.01
25,2,14,474,2005,0.02
25,2,14,474,2006,0.02
25,2,14,474,2007,0.02
25,2,14,474,2008,0.02
25,2,14,474,2009,0.02
25,2,14,474,2010,0.02
25,2,14,474,2011,0.02
25,2,14,474,2012,0.02
25,2,14,474,2013,0.02
25,2,14,474,2014,0.02
25,2,14,474,2015,0.02
25,2,14,474,2016,0.02
25,2,14,474,2017,0.02
25,2,15,474,1990,0.02
25,2,15,474,1991,0.02
25,2,15,474,1992,0.02
25,2,15,474,1993,0.02
25,2,15,474,1994,0.02
25,2,15,474,1995,0.02
25,2,15,474,1996,0.02
25,2,15,474,1997,0.02
25,2,15,474,1998,0.03
25,2,15,474,1999,0.03
25,2,15,474,2000,0.03
25,2,15,474,2001,0.03
25,2,15,474,2002,0.03
25,2,15,474,2003,0.03
25,2,15,474,2004,0.03
25,2,15,474,2005,0.03
25,2,15,474,2006,0.04
25,2,15,474,2007,0.04
25,2,15,474,2008,0.04
25,2,15,474,2009,0.04
25,2,15,474,2010,0.04
25,2,15,474,2011,0.04
25,2,15,474,2012,0.05
25,2,15,474,2013,0.05
25,2,15,474,2014,0.05
25,2,15,474,2015,0.05
25,2,15,474,2016,0.05
25,2,15,474,2017,0.05
25,2,16,474,1990,0.03
25,2,16,474,1991,0.03
25,2,16,474,1992,0.03
25,2,16,474,1993,0.03
25,2,16,474,1994,0.03
25,2,16,474,1995,0.03
25,2,16,474,1996,0.03
25,2,16,474,1997,0.03
25,2,16,474,1998,0.03
25,2,16,474,1999,0.03
25,2,16,474,2000,0.03
25,2,16,474,2001,0.03
25,2,16,474,2002,0.03
25,2,16,474,2003,0.04
25,2,16,474,2004,0.04
25,2,16,474,2005,0.04
25,2,16,474,2006,0.04
25,2,16,474,2007,0.04
25,2,16,474,2008,0.04
25,2,16,474,2009,0.05
25,2,16,474,2010,0.05
25,2,16,474,2011,0.05
25,2,16,474,2012,0.05
25,2,16,474,2013,0.05
25,2,16,474,2014,0.06
25,2,16,474,2015,0.06
25,2,16,474,2016,0.06
25,2,16,474,2017,0.06
25,2,17,474,1990,0.04
25,2,17,474,1991,0.04
25,2,17,474,1992,0.04
25,2,17,474,1993,0.04
25,2,17,474,1994,0.04
25,2,17,474,1995,0.04
25,2,17,474,1996,0.04
25,2,17,474,1997,0.04
25,2,17,474,1998,0.04
25,2,17,474,1999,0.04
25,2,17,474,2000,0.04
25,2,17,474,2001,0.04
25,2,17,474,2002,0.04
25,2,17,474,2003,0.04
25,2,17,474,2004,0.04
25,2,17,474,2005,0.04
25,2,17,474,2006,0.04
25,2,17,474,2007,0.04
25,2,17,474,2008,0.04
25,2,17,474,2009,0.05
25,2,17,474,2010,0.05
25,2,17,474,2011,0.05
25,2,17,474,2012,0.06
25,2,17,474,2013,0.06
25,2,17,474,2014,0.06
25,2,17,474,2015,0.06
25,2,17,474,2016,0.06
25,2,17,474,2017,0.07
25,2,18,474,1990,0.04
25,2,18,474,1991,0.04
25,2,18,474,1992,0.04
25,2,18,474,1993,0.04
25,2,18,474,1994,0.04
25,2,18,474,1995,0.04
25,2,18,474,1996,0.04
25,2,18,474,1997,0.04
25,2,18,474,1998,0.04
25,2,18,474,1999,0.04
25,2,18,474,2000,0.04
25,2,18,474,2001,0.04
25,2,18,474,2002,0.04
25,2,18,474,2003,0.04
25,2,18,474,2004,0.04
25,2,18,474,2005,0.04
25,2,18,474,2006,0.04
25,2,18,474,2007,0.03
25,2,18,474,2008,0.03
25,2,18,474,2009,0.03
25,2,18,474,2010,0.03
25,2,18,474,2011,0.03
25,2,18,474,2012,0.04
25,2,18,474,2013,0.04
25,2,18,474,2014,0.04
25,2,18,474,2015,0.04
25,2,18,474,2016,0.05
25,2,18,474,2017,0.05
25,2,19,474,1990,0.06
25,2,19,474,1991,0.06
25,2,19,474,1992,0.07
25,2,19,474,1993,0.07
25,2,19,474,1994,0.07
25,2,19,474,1995,0.07
25,2,19,474,1996,0.07
25,2,19,474,1997,0.06
25,2,19,474,1998,0.06
25,2,19,474,1999,0.06
25,2,19,474,2000,0.06
25,2,19,474,2001,0.06
25,2,19,474,2002,0.06
25,2,19,474,2003,0.06
25,2,19,474,2004,0.06
25,2,19,474,2005,0.06
25,2,19,474,2006,0.06
25,2,19,474,2007,0.06
25,2,19,474,2008,0.06
25,2,19,474,2009,0.05
25,2,19,474,2010,0.05
25,2,19,474,2011,0.05
25,2,19,474,2012,0.05
25,2,19,474,2013,0.05
25,2,19,474,2014,0.05
25,2,19,474,2015,0.05
25,2,19,474,2016,0.05
25,2,19,474,2017,0.05
25,2,20,474,1990,0.06
25,2,20,474,1991,0.06
25,2,20,474,1992,0.06
25,2,20,474,1993,0.07
25,2,20,474,1994,0.07
25,2,20,474,1995,0.07
25,2,20,474,1996,0.07
25,2,20,474,1997,0.07
25,2,20,474,1998,0.07
25,2,20,474,1999,0.07
25,2,20,474,2000,0.07
25,2,20,474,2001,0.07
25,2,20,474,2002,0.07
25,2,20,474,2003,0.07
25,2,20,474,2004,0.07
25,2,20,474,2005,0.07
25,2,20,474,2006,0.07
25,2,20,474,2007,0.07
25,2,20,474,2008,0.07
25,2,20,474,2009,0.07
25,2,20,474,2010,0.07
25,2,20,474,2011,0.07
25,2,20,474,2012,0.07
25,2,20,474,2013,0.06
25,2,20,474,2014,0.06
25,2,20,474,2015,0.06
25,2,20,474,2016,0.06
25,2,20,474,2017,0.06
25,2,22,474,1990,0.36
25,2,22,474,1991,0.37
25,2,22,474,1992,0.37
25,2,22,474,1993,0.38
25,2,22,474,1994,0.38
25,2,22,474,1995,0.39
25,2,22,474,1996,0.39
25,2,22,474,1997,0.4
25,2,22,474,1998,0.4
25,2,22,474,1999,0.4
25,2,22,474,2000,0.41
25,2,22,474,2001,0.41
25,2,22,474,2002,0.41
25,2,22,474,2003,0.41
25,2,22,474,2004,0.41
25,2,22,474,2005,0.41
25,2,22,474,2006,0.42
25,2,22,474,2007,0.43
25,2,22,474,2008,0.44
25,2,22,474,2009,0.45
25,2,22,474,2010,0.45
25,2,22,474,2011,0.46
25,2,22,474,2012,0.47
25,2,22,474,2013,0.47
25,2,22,474,2014,0.48
25,2,22,474,2015,0.48
25,2,22,474,2016,0.49
25,2,22,474,2017,0.5
25,2,30,474,1990,0.05
25,2,30,474,1991,0.05
25,2,30,474,1992,0.05
25,2,30,474,1993,0.05
25,2,30,474,1994,0.05
25,2,30,474,1995,0.05
25,2,30,474,1996,0.05
25,2,30,474,1997,0.05
25,2,30,474,1998,0.05
25,2,30,474,1999,0.05
25,2,30,474,2000,0.05
25,2,30,474,2001,0.06
25,2,30,474,2002,0.05
25,2,30,474,2003,0.05
25,2,30,474,2004,0.05
25,2,30,474,2005,0.05
25,2,30,474,2006,0.06
25,2,30,474,2007,0.06
25,2,30,474,2008,0.06
25,2,30,474,2009,0.06
25,2,30,474,2010,0.06
25,2,30,474,2011,0.06
25,2,30,474,2012,0.06
25,2,30,474,2013,0.06
25,2,30,474,2014,0.06
25,2,30,474,2015,0.06
25,2,30,474,2016,0.06
25,2,30,474,2017,0.06
25,2,31,474,1990,0.02
25,2,31,474,1991,0.02
25,2,31,474,1992,0.02
25,2,31,474,1993,0.02
25,2,31,474,1994,0.02
25,2,31,474,1995,0.02
25,2,31,474,1996,0.02
25,2,31,474,1997,0.03
25,2,31,474,1998,0.03
25,2,31,474,1999,0.03
25,2,31,474,2000,0.03
25,2,31,474,2001,0.03
25,2,31,474,2002,0.03
25,2,31,474,2003,0.03
25,2,31,474,2004,0.03
25,2,31,474,2005,0.03
25,2,31,474,2006,0.03
25,2,31,474,2007,0.03
25,2,31,474,2008,0.03
25,2,31,474,2009,0.03
25,2,31,474,2010,0.03
25,2,31,474,2011,0.03
25,2,31,474,2012,0.03
25,2,31,474,2013,0.03
25,2,31,474,2014,0.03
25,2,31,474,2015,0.03
25,2,31,474,2016,0.03
25,2,31,474,2017,0.03
25,2,32,474,1990,0
25,2,32,474,1991,0
25,2,32,474,1992,0.01
25,2,32,474,1993,0.01
25,2,32,474,1994,0.01
25,2,32,474,1995,0.01
25,2,32,474,1996,0.01
25,2,32,474,1997,0.01
25,2,32,474,1998,0.01
25,2,32,474,1999,0.01
25,2,32,474,2000,0.01
25,2,32,474,2001,0.01
25,2,32,474,2002,0.01
25,2,32,474,2003,0.01
25,2,32,474,2004,0.01
25,2,32,474,2005,0.01
25,2,32,474,2006,0.01
25,2,32,474,2007,0.01
25,2,32,474,2008,0.01
25,2,32,474,2009,0.01
25,2,32,474,2010,0.01
25,2,32,474,2011,0.01
25,2,32,474,2012,0.01
25,2,32,474,2013,0.01
25,2,32,474,2014,0.01
25,2,32,474,2015,0.01
25,2,32,474,2016,0.01
25,2,32,474,2017,0.01
25,2,235,474,1990,0
25,2,235,474,1991,0
25,2,235,474,1992,0.01
25,2,235,474,1993,0.01
25,2,235,474,1994,0.01
25,2,235,474,1995,0.01
25,2,235,474,1996,0.01
25,2,235,474,1997,0.01
25,2,235,474,1998,0.01
25,2,235,474,1999,0.01
25,2,235,474,2000,0.01
25,2,235,474,2001,0.01
25,2,235,474,2002,0.01
25,2,235,474,2003,0.01
25,2,235,474,2004,0.01
25,2,235,474,2005,0.01
25,2,235,474,2006,0.01
25,2,235,474,2007,0.01
25,2,235,474,2008,0.01
25,2,235,474,2009,0.01
25,2,235,474,2010,0.01
25,2,235,474,2011,0.01
25,2,235,474,2012,0.01
25,2,235,474,2013,0.01
25,2,235,474,2014,0.01
25,2,235,474,2015,0.01
25,2,235,474,2016,0.01
25,2,235,474,2017,0.01
26,2,8,474,1990,0.03
26,2,8,474,1991,0.03
26,2,8,474,1992,0.03
26,2,8,474,1993,0.03
26,2,8,474,1994,0.03
26,2,8,474,1995,0.03
26,2,8,474,1996,0.03
26,2,8,474,1997,0.03
26,2,8,474,1998,0.03
26,2,8,474,1999,0.03
26,2,8,474,2000,0.03
26,2,8,474,2001,0.04
26,2,8,474,2002,0.04
26,2,8,474,2003,0.04
26,2,8,474,2004,0.04
26,2,8,474,2005,0.04
26,2,8,474,2006,0.04
26,2,8,474,2007,0.05
26,2,8,474,2008,0.05
26,2,8,474,2009,0.05
26,2,8,474,2010,0.05
26,2,8,474,2011,0.05
26,2,8,474,2012,0.05
26,2,8,474,2013,0.06
26,2,8,474,2014,0.06
26,2,8,474,2015,0.06
26,2,8,474,2016,0.06
26,2,8,474,2017,0.06
26,2,9,474,1990,0.02
26,2,9,474,1991,0.02
26,2,9,474,1992,0.03
26,2,9,474,1993,0.03
26,2,9,474,1994,0.03
26,2,9,474,1995,0.03
26,2,9,474,1996,0.03
26,2,9,474,1997,0.03
26,2,9,474,1998,0.03
26,2,9,474,1999,0.03
26,2,9,474,2000,0.03
26,2,9,474,2001,0.03
26,2,9,474,2002,0.04
26,2,9,474,2003,0.04
26,2,9,474,2004,0.04
26,2,9,474,2005,0.04
26,2,9,474,2006,0.04
26,2,9,474,2007,0.04
26,2,9,474,2008,0.04
26,2,9,474,2009,0.05
26,2,9,474,2010,0.05
26,2,9,474,2011,0.05
26,2,9,474,2012,0.05
26,2,9,474,2013,0.05
26,2,9,474,2014,0.05
26,2,9,474,2015,0.06
26,2,9,474,2016,0.06
26,2,9,474,2017,0.06
26,2,10,474,1990,0.03
26,2,10,474,1991,0.03
26,2,10,474,1992,0.03
26,2,10,474,1993,0.03
26,2,10,474,1994,0.03
26,2,10,474,1995,0.03
26,2,10,474,1996,0.03
26,2,10,474,1997,0.03
26,2,10,474,1998,0.03
26,2,10,474,1999,0.04
26,2,10,474,2000,0.04
26,2,10,474,2001,0.04
26,2,10,474,2002,0.04
26,2,10,474,2003,0.04
26,2,10,474,2004,0.04
26,2,10,474,2005,0.04
26,2,10,474,2006,0.05
26,2,10,474,2007,0.05
26,2,10,474,2008,0.05
26,2,10,474,2009,0.05
26,2,10,474,2010,0.05
26,2,10,474,2011,0.05
26,2,10,474,2012,0.06
26,2,10,474,2013,0.06
26,2,10,474,2014,0.06
26,2,10,474,2015,0.06
26,2,10,474,2016,0.06
26,2,10,474,2017,0.06
26,2,11,474,1990,0.16
26,2,11,474,1991,0.17
26,2,11,474,1992,0.18
26,2,11,474,1993,0.19
26,2,11,474,1994,0.2
26,2,11,474,1995,0.21
26,2,11,474,1996,0.22
26,2,11,474,1997,0.22
26,2,11,474,1998,0.23
26,2,11,474,1999,0.24
26,2,11,474,2000,0.26
26,2,11,474,2001,0.27
26,2,11,474,2002,0.29
26,2,11,474,2003,0.3
26,2,11,474,2004,0.32
26,2,11,474,2005,0.34
26,2,11,474,2006,0.35
26,2,11,474,2007,0.37
26,2,11,474,2008,0.38
26,2,11,474,2009,0.39
26,2,11,474,2010,0.4
26,2,11,474,2011,0.42
26,2,11,474,2012,0.43
26,2,11,474,2013,0.44
26,2,11,474,2014,0.45
26,2,11,474,2015,0.46
26,2,11,474,2016,0.48
26,2,11,474,2017,0.5
26,2,12,474,1990,0.32
26,2,12,474,1991,0.33
26,2,12,474,1992,0.34
26,2,12,474,1993,0.35
26,2,12,474,1994,0.37
26,2,12,474,1995,0.38
26,2,12,474,1996,0.4
26,2,12,474,1997,0.42
26,2,12,474,1998,0.44
26,2,12,474,1999,0.46
26,2,12,474,2000,0.5
26,2,12,474,2001,0.54
26,2,12,474,2002,0.57
26,2,12,474,2003,0.61
26,2,12,474,2004,0.65
26,2,12,474,2005,0.68
26,2,12,474,2006,0.71
26,2,12,474,2007,0.75
26,2,12,474,2008,0.78
26,2,12,474,2009,0.81
26,2,12,474,2010,0.85
26,2,12,474,2011,0.88
26,2,12,474,2012,0.91
26,2,12,474,2013,0.93
26,2,12,474,2014,0.96
26,2,12,474,2015,0.98
26,2,12,474,2016,1.01
26,2,12,474,2017,1.04
26,2,13,474,1990,0.6
26,2,13,474,1991,0.61
26,2,13,474,1992,0.63
26,2,13,474,1993,0.64
26,2,13,474,1994,0.66
26,2,13,474,1995,0.69
26,2,13,474,1996,0.71
26,2,13,474,1997,0.74
26,2,13,474,1998,0.77
26,2,13,474,1999,0.82
26,2,13,474,2000,0.87
26,2,13,474,2001,0.93
26,2,13,474,2002,1
26,2,13,474,2003,1.07
26,2,13,474,2004,1.14
26,2,13,474,2005,1.21
26,2,13,474,2006,1.29
26,2,13,474,2007,1.35
26,2,13,474,2008,1.41
26,2,13,474,2009,1.46
26,2,13,474,2010,1.51
26,2,13,474,2011,1.56
26,2,13,474,2012,1.6
26,2,13,474,2013,1.65
26,2,13,474,2014,1.7
26,2,13,474,2015,1.76
26,2,13,474,2016,1.81
26,2,13,474,2017,1.88
26,2,14,474,1990,0.47
26,2,14,474,1991,0.49
26,2,14,474,1992,0.51
26,2,14,474,1993,0.52
26,2,14,474,1994,0.53
26,2,14,474,1995,0.53
26,2,14,474,1996,0.54
26,2,14,474,1997,0.55
26,2,14,474,1998,0.56
26,2,14,474,1999,0.58
26,2,14,474,2000,0.62
26,2,14,474,2001,0.66
26,2,14,474,2002,0.7
26,2,14,474,2003,0.74
26,2,14,474,2004,0.79
26,2,14,474,2005,0.83
26,2,14,474,2006,0.88
26,2,14,474,2007,0.93
26,2,14,474,2008,0.98
26,2,14,474,2009,1.04
26,2,14,474,2010,1.09
26,2,14,474,2011,1.15
26,2,14,474,2012,1.2
26,2,14,474,2013,1.24
26,2,14,474,2014,1.27
26,2,14,474,2015,1.31
26,2,14,474,2016,1.35
26,2,14,474,2017,1.39
26,2,15,474,1990,1.06
26,2,15,474,1991,1.06
26,2,15,474,1992,1.07
26,2,15,474,1993,1.08
26,2,15,474,1994,1.11
26,2,15,474,1995,1.15
26,2,15,474,1996,1.21
26,2,15,474,1997,1.25
26,2,15,474,1998,1.3
26,2,15,474,1999,1.34
26,2,15,474,2000,1.38
26,2,15,474,2001,1.45
26,2,15,474,2002,1.52
26,2,15,474,2003,1.6
26,2,15,474,2004,1.69
26,2,15,474,2005,1.8
26,2,15,474,2006,1.89
26,2,15,474,2007,2
26,2,15,474,2008,2.1
26,2,15,474,2009,2.2
26,2,15,474,2010,2.3
26,2,15,474,2011,2.4
26,2,15,474,2012,2.51
26,2,15,474,2013,2.64
26,2,15,474,2014,2.79
26,2,15,474,2015,2.94
26,2,15,474,2016,3.1
26,2,15,474,2017,3.24
26,2,16,474,1990,1.19
26,2,16,474,1991,1.19
26,2,16,474,1992,1.19
26,2,16,474,1993,1.2
26,2,16,474,1994,1.22
26,2,16,474,1995,1.23
26,2,16,474,1996,1.23
26,2,16,474,1997,1.25
26,2,16,474,1998,1.28
26,2,16,474,1999,1.33
26,2,16,474,2000,1.42
26,2,16,474,2001,1.54
26,2,16,474,2002,1.65
26,2,16,474,2003,1.75
26,2,16,474,2004,1.83
26,2,16,474,2005,1.88
26,2,16,474,2006,1.97
26,2,16,474,2007,2.06
26,2,16,474,2008,2.15
26,2,16,474,2009,2.26
26,2,16,474,2010,2.39
26,2,16,474,2011,2.49
26,2,16,474,2012,2.61
26,2,16,474,2013,2.73
26,2,16,474,2014,2.85
26,2,16,474,2015,2.98
26,2,16,474,2016,3.1
26,2,16,474,2017,3.26
26,2,17,474,1990,1.31
26,2,17,474,1991,1.28
26,2,17,474,1992,1.26
26,2,17,474,1993,1.23
26,2,17,474,1994,1.21
26,2,17,474,1995,1.2
26,2,17,474,1996,1.21
26,2,17,474,1997,1.22
26,2,17,474,1998,1.25
26,2,17,474,1999,1.29
26,2,17,474,2000,1.34
26,2,17,474,2001,1.38
26,2,17,474,2002,1.44
26,2,17,474,2003,1.51
26,2,17,474,2004,1.59
26,2,17,474,2005,1.69
26,2,17,474,2006,1.83
26,2,17,474,2007,1.95
26,2,17,474,2008,2.05
26,2,17,474,2009,2.12
26,2,17,474,2010,2.16
26,2,17,474,2011,2.23
26,2,17,474,2012,2.3
26,2,17,474,2013,2.39
26,2,17,474,2014,2.49
26,2,17,474,2015,2.63
26,2,17,474,2016,2.75
26,2,17,474,2017,2.88
26,2,18,474,1990,1.22
26,2,18,474,1991,1.24
26,2,18,474,1992,1.26
26,2,18,474,1993,1.27
26,2,18,474,1994,1.27
26,2,18,474,1995,1.27
26,2,18,474,1996,1.24
26,2,18,474,1997,1.22
26,2,18,474,1998,1.19
26,2,18,474,1999,1.18
26,2,18,474,2000,1.18
26,2,18,474,2001,1.22
26,2,18,474,2002,1.26
26,2,18,474,2003,1.32
26,2,18,474,2004,1.38
26,2,18,474,2005,1.44
26,2,18,474,2006,1.48
26,2,18,474,2007,1.54
26,2,18,474,2008,1.62
26,2,18,474,2009,1.71
26,2,18,474,2010,1.82
26,2,18,474,2011,1.96
26,2,18,474,2012,2.08
26,2,18,474,2013,2.17
26,2,18,474,2014,2.24
26,2,18,474,2015,2.29
26,2,18,474,2016,2.38
26,2,18,474,2017,2.46
26,2,19,474,1990,1.24
26,2,19,474,1991,1.33
26,2,19,474,1992,1.42
26,2,19,474,1993,1.49
26,2,19,474,1994,1.54
26,2,19,474,1995,1.58
26,2,19,474,1996,1.62
26,2,19,474,1997,1.64
26,2,19,474,1998,1.66
26,2,19,474,1999,1.68
26,2,19,474,2000,1.71
26,2,19,474,2001,1.69
26,2,19,474,2002,1.69
26,2,19,474,2003,1.68
26,2,19,474,2004,1.68
26,2,19,474,2005,1.69
26,2,19,474,2006,1.73
26,2,19,474,2007,1.79
26,2,19,474,2008,1.87
26,2,19,474,2009,1.96
26,2,19,474,2010,2.05
26,2,19,474,2011,2.11
26,2,19,474,2012,2.2
26,2,19,474,2013,2.32
26,2,19,474,2014,2.45
26,2,19,474,2015,2.62
26,2,19,474,2016,2.82
26,2,19,474,2017,3
26,2,20,474,1990,0.74
26,2,20,474,1991,0.8
26,2,20,474,1992,0.85
26,2,20,474,1993,0.92
26,2,20,474,1994,1.01
26,2,20,474,1995,1.1
26,2,20,474,1996,1.19
26,2,20,474,1997,1.27
26,2,20,474,1998,1.33
26,2,20,474,1999,1.39
26,2,20,474,2000,1.45
26,2,20,474,2001,1.5
26,2,20,474,2002,1.54
26,2,20,474,2003,1.58
26,2,20,474,2004,1.6
26,2,20,474,2005,1.61
26,2,20,474,2006,1.59
26,2,20,474,2007,1.57
26,2,20,474,2008,1.56
26,2,20,474,2009,1.56
26,2,20,474,2010,1.57
26,2,20,474,2011,1.6
26,2,20,474,2012,1.65
26,2,20,474,2013,1.71
26,2,20,474,2014,1.79
26,2,20,474,2015,1.87
26,2,20,474,2016,1.92
26,2,20,474,2017,2.02
26,2,22,474,1990,8.74
26,2,22,474,1991,8.96
26,2,22,474,1992,9.19
26,2,22,474,1993,9.43
26,2,22,474,1994,9.68
26,2,22,474,1995,9.96
26,2,22,474,1996,10.22
26,2,22,474,1997,10.48
26,2,22,474,1998,10.76
26,2,22,474,1999,11.14
26,2,22,474,2000,11.63
26,2,22,474,2001,12.16
26,2,22,474,2002,12.72
26,2,22,474,2003,13.3
26,2,22,474,2004,13.86
26,2,22,474,2005,14.43
26,2,22,474,2006,15.05
26,2,22,474,2007,15.7
26,2,22,474,2008,16.35
26,2,22,474,2009,17
26,2,22,474,2010,17.67
26,2,22,474,2011,18.32
26,2,22,474,2012,19.04
26,2,22,474,2013,19.8
26,2,22,474,2014,20.6
26,2,22,474,2015,21.47
26,2,22,474,2016,22.4
26,2,22,474,2017,23.39
26,2,30,474,1990,0.28
26,2,30,474,1991,0.3
26,2,30,474,1992,0.32
26,2,30,474,1993,0.35
26,2,30,474,1994,0.37
26,2,30,474,1995,0.4
26,2,30,474,1996,0.43
26,2,30,474,1997,0.46
26,2,30,474,1998,0.51
26,2,30,474,1999,0.56
26,2,30,474,2000,0.62
26,2,30,474,2001,0.68
26,2,30,474,2002,0.73
26,2,30,474,2003,0.77
26,2,30,474,2004,0.81
26,2,30,474,2005,0.85
26,2,30,474,2006,0.88
26,2,30,474,2007,0.9
26,2,30,474,2008,0.93
26,2,30,474,2009,0.95
26,2,30,474,2010,0.96
26,2,30,474,2011,0.94
26,2,30,474,2012,0.93
26,2,30,474,2013,0.93
26,2,30,474,2014,0.93
26,2,30,474,2015,0.94
26,2,30,474,2016,0.97
26,2,30,474,2017,1.01
26,2,31,474,1990,0.06
26,2,31,474,1991,0.07
26,2,31,474,1992,0.08
26,2,31,474,1993,0.08
26,2,31,474,1994,0.09
26,2,31,474,1995,0.1
26,2,31,474,1996,0.1
26,2,31,474,1997,0.11
26,2,31,474,1998,0.12
26,2,31,474,1999,0.13
26,2,31,474,2000,0.14
26,2,31,474,2001,0.15
26,2,31,474,2002,0.17
26,2,31,474,2003,0.19
26,2,31,474,2004,0.21
26,2,31,474,2005,0.23
26,2,31,474,2006,0.25
26,2,31,474,2007,0.27
26,2,31,474,2008,0.29
26,2,31,474,2009,0.3
26,2,31,474,2010,0.32
26,2,31,474,2011,0.33
26,2,31,474,2012,0.34
26,2,31,474,2013,0.35
26,2,31,474,2014,0.36
26,2,31,474,2015,0.36
26,2,31,474,2016,0.36
26,2,31,474,2017,0.36
26,2,32,474,1990,0.01
26,2,32,474,1991,0.01
26,2,32,474,1992,0.01
26,2,32,474,1993,0.01
26,2,32,474,1994,0.01
26,2,32,474,1995,0.01
26,2,32,474,1996,0.02
26,2,32,474,1997,0.02
26,2,32,474,1998,0.02
26,2,32,474,1999,0.02
26,2,32,474,2000,0.02
26,2,32,474,2001,0.02
26,2,32,474,2002,0.03
26,2,32,474,2003,0.03
26,2,32,474,2004,0.03
26,2,32,474,2005,0.03
26,2,32,474,2006,0.04
26,2,32,474,2007,0.04
26,2,32,474,2008,0.04
26,2,32,474,2009,0.05
26,2,32,474,2010,0.06
26,2,32,474,2011,0.06
26,2,32,474,2012,0.07
26,2,32,474,2013,0.07
26,2,32,474,2014,0.07
26,2,32,474,2015,0.08
26,2,32,474,2016,0.08
26,2,32,474,2017,0.08
26,2,235,474,1990,0.01
26,2,235,474,1991,0.01
26,2,235,474,1992,0.01
26,2,235,474,1993,0.01
26,2,235,474,1994,0.01
26,2,235,474,1995,0.01
26,2,235,474,1996,0.01
26,2,235,474,1997,0.01
26,2,235,474,1998,0.01
26,2,235,474,1999,0.01
26,2,235,474,2000,0.02
26,2,235,474,2001,0.02
26,2,235,474,2002,0.02
26,2,235,474,2003,0.02
26,2,235,474,2004,0.03
26,2,235,474,2005,0.03
26,2,235,474,2006,0.03
26,2,235,474,2007,0.04
26,2,235,474,2008,0.04
26,2,235,474,2009,0.04
26,2,235,474,2010,0.05
26,2,235,474,2011,0.05
26,2,235,474,2012,0.06
26,2,235,474,2013,0.06
26,2,235,474,2014,0.07
26,2,235,474,2015,0.08
26,2,235,474,2016,0.09
26,2,235,474,2017,0.09
27,2,8,474,1990,0
27,2,8,474,1991,0
27,2,8,474,1992,0
27,2,8,474,1993,0
27,2,8,474,1994,0
27,2,8,474,1995,0
27,2,8,474,1996,0
27,2,8,474,1997,0
27,2,8,474,1998,0
27,2,8,474,1999,0
27,2,8,474,2000,0
27,2,8,474,2001,0
27,2,8,474,2002,0
27,2,8,474,2003,0
27,2,8,474,2004,0
27,2,8,474,2005,0
27,2,8,474,2006,0
27,2,8,474,2007,0
27,2,8,474,2008,0
27,2,8,474,2009,0
27,2,8,474,2010,0
27,2,8,474,2011,0
27,2,8,474,2012,0
27,2,8,474,2013,0
27,2,8,474,2014,0
27,2,8,474,2015,0
27,2,8,474,2016,0
27,2,8,474,2017,0
27,2,9,474,1990,0
27,2,9,474,1991,0
27,2,9,474,1992,0
27,2,9,474,1993,0
27,2,9,474,1994,0
27,2,9,474,1995,0
27,2,9,474,1996,0
27,2,9,474,1997,0
27,2,9,474,1998,0
27,2,9,474,1999,0
27,2,9,474,2000,0
27,2,9,474,2001,0
27,2,9,474,2002,0
27,2,9,474,2003,0
27,2,9,474,2004,0
27,2,9,474,2005,0
27,2,9,474,2006,0
27,2,9,474,2007,0
27,2,9,474,2008,0
27,2,9,474,2009,0
27,2,9,474,2010,0
27,2,9,474,2011,0
27,2,9,474,2012,0
27,2,9,474,2013,0
27,2,9,474,2014,0
27,2,9,474,2015,0
27,2,9,474,2016,0
27,2,9,474,2017,0
27,2,10,474,1990,0
27,2,10,474,1991,0
27,2,10,474,1992,0
27,2,10,474,1993,0
27,2,10,474,1994,0
27,2,10,474,1995,0
27,2,10,474,1996,0
27,2,10,474,1997,0
27,2,10,474,1998,0
27,2,10,474,1999,0
27,2,10,474,2000,0
27,2,10,474,2001,0
27,2,10,474,2002,0
27,2,10,474,2003,0
27,2,10,474,2004,0
27,2,10,474,2005,0
27,2,10,474,2006,0
27,2,10,474,2007,0
27,2,10,474,2008,0
27,2,10,474,2009,0
27,2,10,474,2010,0
27,2,10,474,2011,0
27,2,10,474,2012,0
27,2,10,474,2013,0
27,2,10,474,2014,0
27,2,10,474,2015,0
27,2,10,474,2016,0
27,2,10,474,2017,0
27,2,11,474,1990,0
27,2,11,474,1991,0
27,2,11,474,1992,0
27,2,11,474,1993,0
27,2,11,474,1994,0
27,2,11,474,1995,0
27,2,11,474,1996,0
27,2,11,474,1997,0
27,2,11,474,1998,0
27,2,11,474,1999,0
27,2,11,474,2000,0
27,2,11,474,2001,0
27,2,11,474,2002,0
27,2,11,474,2003,0
27,2,11,474,2004,0
27,2,11,474,2005,0
27,2,11,474,2006,0
27,2,11,474,2007,0
27,2,11,474,2008,0
27,2,11,474,2009,0
27,2,11,474,2010,0
27,2,11,474,2011,0
27,2,11,474,2012,0
27,2,11,474,2013,0
27,2,11,474,2014,0
27,2,11,474,2015,0
27,2,11,474,2016,0
27,2,11,474,2017,0
27,2,12,474,1990,0
27,2,12,474,1991,0
27,2,12,474,1992,0
27,2,12,474,1993,0
27,2,12,474,1994,0
27,2,12,474,1995,0
27,2,12,474,1996,0
27,2,12,474,1997,0
27,2,12,474,1998,0
27,2,12,474,1999,0
27,2,12,474,2000,0
27,2,12,474,2001,0
27,2,12,474,2002,0
27,2,12,474,2003,0
27,2,12,474,2004,0
27,2,12,474,2005,0
27,2,12,474,2006,0
27,2,12,474,2007,0
27,2,12,474,2008,0
27,2,12,474,2009,0
27,2,12,474,2010,0
27,2,12,474,2011,0
27,2,12,474,2012,0
27,2,12,474,2013,0
27,2,12,474,2014,0
27,2,12,474,2015,0
27,2,12,474,2016,0
27,2,12,474,2017,0
27,2,13,474,1990,0.01
27,2,13,474,1991,0.01
27,2,13,474,1992,0.01
27,2,13,474,1993,0.01
27,2,13,474,1994,0.01
27,2,13,474,1995,0.01
27,2,13,474,1996,0.01
27,2,13,474,1997,0.01
27,2,13,474,1998,0.01
27,2,13,474,1999,0.01
27,2,13,474,2000,0.01
27,2,13,474,2001,0.01
27,2,13,474,2002,0.01
27,2,13,474,2003,0.01
27,2,13,474,2004,0.01
27,2,13,474,2005,0.01
27,2,13,474,2006,0.01
27,2,13,474,2007,0.01
27,2,13,474,2008,0.01
27,2,13,474,2009,0.01
27,2,13,474,2010,0.01
27,2,13,474,2011,0.01
27,2,13,474,2012,0.01
27,2,13,474,2013,0.01
27,2,13,474,2014,0.01
27,2,13,474,2015,0.01
27,2,13,474,2016,0.01
27,2,13,474,2017,0.01
27,2,14,474,1990,0.01
27,2,14,474,1991,0.01
27,2,14,474,1992,0.01
27,2,14,474,1993,0.01
27,2,14,474,1994,0.01
27,2,14,474,1995,0.01
27,2,14,474,1996,0.01
27,2,14,474,1997,0.01
27,2,14,474,1998,0.01
27,2,14,474,1999,0.01
27,2,14,474,2000,0.01
27,2,14,474,2001,0.01
27,2,14,474,2002,0.01
27,2,14,474,2003,0.01
27,2,14,474,2004,0.01
27,2,14,474,2005,0.01
27,2,14,474,2006,0.01
27,2,14,474,2007,0.01
27,2,14,474,2008,0.01
27,2,14,474,2009,0.01
27,2,14,474,2010,0.01
27,2,14,474,2011,0.01
27,2,14,474,2012,0.01
27,2,14,474,2013,0.01
27,2,14,474,2014,0.01
27,2,14,474,2015,0.01
27,2,14,474,2016,0.01
27,2,14,474,2017,0.01
27,2,15,474,1990,0.02
27,2,15,474,1991,0.02
27,2,15,474,1992,0.02
27,2,15,474,1993,0.02
27,2,15,474,1994,0.02
27,2,15,474,1995,0.02
27,2,15,474,1996,0.02
27,2,15,474,1997,0.02
27,2,15,474,1998,0.02
27,2,15,474,1999,0.02
27,2,15,474,2000,0.02
27,2,15,474,2001,0.02
27,2,15,474,2002,0.02
27,2,15,474,2003,0.02
27,2,15,474,2004,0.02
27,2,15,474,2005,0.02
27,2,15,474,2006,0.02
27,2,15,474,2007,0.02
27,2,15,474,2008,0.02
27,2,15,474,2009,0.02
27,2,15,474,2010,0.02
27,2,15,474,2011,0.03
27,2,15,474,2012,0.03
27,2,15,474,2013,0.03
27,2,15,474,2014,0.03
27,2,15,474,2015,0.03
27,2,15,474,2016,0.03
27,2,15,474,2017,0.03
27,2,16,474,1990,0.03
27,2,16,474,1991,0.03
27,2,16,474,1992,0.03
27,2,16,474,1993,0.03
27,2,16,474,1994,0.03
27,2,16,474,1995,0.03
27,2,16,474,1996,0.02
27,2,16,474,1997,0.02
27,2,16,474,1998,0.02
27,2,16,474,1999,0.02
27,2,16,474,2000,0.02
27,2,16,474,2001,0.02
27,2,16,474,2002,0.02
27,2,16,474,2003,0.02
27,2,16,474,2004,0.02
27,2,16,474,2005,0.03
27,2,16,474,2006,0.03
27,2,16,474,2007,0.03
27,2,16,474,2008,0.03
27,2,16,474,2009,0.03
27,2,16,474,2010,0.03
27,2,16,474,2011,0.03
27,2,16,474,2012,0.03
27,2,16,474,2013,0.03
27,2,16,474,2014,0.04
27,2,16,474,2015,0.04
27,2,16,474,2016,0.04
27,2,16,474,2017,0.04
27,2,17,474,1990,0.03
27,2,17,474,1991,0.03
27,2,17,474,1992,0.03
27,2,17,474,1993,0.03
27,2,17,474,1994,0.03
27,2,17,474,1995,0.03
27,2,17,474,1996,0.03
27,2,17,474,1997,0.03
27,2,17,474,1998,0.03
27,2,17,474,1999,0.03
27,2,17,474,2000,0.03
27,2,17,474,2001,0.03
27,2,17,474,2002,0.03
27,2,17,474,2003,0.03
27,2,17,474,2004,0.04
27,2,17,474,2005,0.04
27,2,17,474,2006,0.04
27,2,17,474,2007,0.04
27,2,17,474,2008,0.04
27,2,17,474,2009,0.04
27,2,17,474,2010,0.04
27,2,17,474,2011,0.04
27,2,17,474,2012,0.04
27,2,17,474,2013,0.04
27,2,17,474,2014,0.05
27,2,17,474,2015,0.05
27,2,17,474,2016,0.05
27,2,17,474,2017,0.05
27,2,18,474,1990,0.04
27,2,18,474,1991,0.04
27,2,18,474,1992,0.04
27,2,18,474,1993,0.05
27,2,18,474,1994,0.05
27,2,18,474,1995,0.05
27,2,18,474,1996,0.05
27,2,18,474,1997,0.04
27,2,18,474,1998,0.04
27,2,18,474,1999,0.04
27,2,18,474,2000,0.04
27,2,18,474,2001,0.04
27,2,18,474,2002,0.04
27,2,18,474,2003,0.04
27,2,18,474,2004,0.04
27,2,18,474,2005,0.04
27,2,18,474,2006,0.04
27,2,18,474,2007,0.05
27,2,18,474,2008,0.05
27,2,18,474,2009,0.05
27,2,18,474,2010,0.05
27,2,18,474,2011,0.04
27,2,18,474,2012,0.04
27,2,18,474,2013,0.04
27,2,18,474,2014,0.04
27,2,18,474,2015,0.05
27,2,18,474,2016,0.05
27,2,18,474,2017,0.05
27,2,19,474,1990,0.04
27,2,19,474,1991,0.04
27,2,19,474,1992,0.04
27,2,19,474,1993,0.05
27,2,19,474,1994,0.05
27,2,19,474,1995,0.06
27,2,19,474,1996,0.06
27,2,19,474,1997,0.06
27,2,19,474,1998,0.06
27,2,19,474,1999,0.06
27,2,19,474,2000,0.06
27,2,19,474,2001,0.06
27,2,19,474,2002,0.06
27,2,19,474,2003,0.06
27,2,19,474,2004,0.06
27,2,19,474,2005,0.06
27,2,19,474,2006,0.06
27,2,19,474,2007,0.07
27,2,19,474,2008,0.07
27,2,19,474,2009,0.07
27,2,19,474,2010,0.08
27,2,19,474,2011,0.08
27,2,19,474,2012,0.08
27,2,19,474,2013,0.07
27,2,19,474,2014,0.07
27,2,19,474,2015,0.07
27,2,19,474,2016,0.07
27,2,19,474,2017,0.07
27,2,20,474,1990,0.04
27,2,20,474,1991,0.04
27,2,20,474,1992,0.05
27,2,20,474,1993,0.05
27,2,20,474,1994,0.05
27,2,20,474,1995,0.05
27,2,20,474,1996,0.05
27,2,20,474,1997,0.06
27,2,20,474,1998,0.06
27,2,20,474,1999,0.07
27,2,20,474,2000,0.07
27,2,20,474,2001,0.08
27,2,20,474,2002,0.08
27,2,20,474,2003,0.08
27,2,20,474,2004,0.08
27,2,20,474,2005,0.08
27,2,20,474,2006,0.09
27,2,20,474,2007,0.09
27,2,20,474,2008,0.09
27,2,20,474,2009,0.09
27,2,20,474,2010,0.1
27,2,20,474,2011,0.1
27,2,20,474,2012,0.1
27,2,20,474,2013,0.1
27,2,20,474,2014,0.1
27,2,20,474,2015,0.1
27,2,20,474,2016,0.1
27,2,20,474,2017,0.1
27,2,22,474,1990,0.29
27,2,22,474,1991,0.3
27,2,22,474,1992,0.31
27,2,22,474,1993,0.32
27,2,22,474,1994,0.32
27,2,22,474,1995,0.33
27,2,22,474,1996,0.34
27,2,22,474,1997,0.35
27,2,22,474,1998,0.35
27,2,22,474,1999,0.36
27,2,22,474,2000,0.37
27,2,22,474,2001,0.38
27,2,22,474,2002,0.39
27,2,22,474,2003,0.4
27,2,22,474,2004,0.41
27,2,22,474,2005,0.42
27,2,22,474,2006,0.44
27,2,22,474,2007,0.46
27,2,22,474,2008,0.47
27,2,22,474,2009,0.49
27,2,22,474,2010,0.51
27,2,22,474,2011,0.51
27,2,22,474,2012,0.52
27,2,22,474,2013,0.52
27,2,22,474,2014,0.53
27,2,22,474,2015,0.54
27,2,22,474,2016,0.55
27,2,22,474,2017,0.56
27,2,30,474,1990,0.04
27,2,30,474,1991,0.04
27,2,30,474,1992,0.04
27,2,30,474,1993,0.04
27,2,30,474,1994,0.04
27,2,30,474,1995,0.04
27,2,30,474,1996,0.04
27,2,30,474,1997,0.04
27,2,30,474,1998,0.05
27,2,30,474,1999,0.05
27,2,30,474,2000,0.05
27,2,30,474,2001,0.05
27,2,30,474,2002,0.06
27,2,30,474,2003,0.06
27,2,30,474,2004,0.07
27,2,30,474,2005,0.07
27,2,30,474,2006,0.08
27,2,30,474,2007,0.09
27,2,30,474,2008,0.09
27,2,30,474,2009,0.09
27,2,30,474,2010,0.09
27,2,30,474,2011,0.09
27,2,30,474,2012,0.09
27,2,30,474,2013,0.09
27,2,30,474,2014,0.1
27,2,30,474,2015,0.1
27,2,30,474,2016,0.1
27,2,30,474,2017,0.1
27,2,31,474,1990,0.03
27,2,31,474,1991,0.03
27,2,31,474,1992,0.03
27,2,31,474,1993,0.03
27,2,31,474,1994,0.02
27,2,31,474,1995,0.02
27,2,31,474,1996,0.02
27,2,31,474,1997,0.02
27,2,31,474,1998,0.02
27,2,31,474,1999,0.02
27,2,31,474,2000,0.03
27,2,31,474,2001,0.03
27,2,31,474,2002,0.03
27,2,31,474,2003,0.03
27,2,31,474,2004,0.03
27,2,31,474,2005,0.03
27,2,31,474,2006,0.03
27,2,31,474,2007,0.04
27,2,31,474,2008,0.04
27,2,31,474,2009,0.05
27,2,31,474,2010,0.05
27,2,31,474,2011,0.05
27,2,31,474,2012,0.06
27,2,31,474,2013,0.06
27,2,31,474,2014,0.06
27,2,31,474,2015,0.06
27,2,31,474,2016,0.06
27,2,31,474,2017,0.06
27,2,32,474,1990,0.01
27,2,32,474,1991,0.01
27,2,32,474,1992,0.01
27,2,32,474,1993,0.01
27,2,32,474,1994,0.01
27,2,32,474,1995,0.01
27,2,32,474,1996,0.01
27,2,32,474,1997,0.01
27,2,32,474,1998,0.01
27,2,32,474,1999,0.01
27,2,32,474,2000,0.01
27,2,32,474,2001,0.01
27,2,32,474,2002,0.01
27,2,32,474,2003,0.01
27,2,32,474,2004,0.01
27,2,32,474,2005,0.01
27,2,32,474,2006,0.01
27,2,32,474,2007,0.01
27,2,32,474,2008,0.01
27,2,32,474,2009,0.01
27,2,32,474,2010,0.01
27,2,32,474,2011,0.01
27,2,32,474,2012,0.01
27,2,32,474,2013,0.02
27,2,32,474,2014,0.02
27,2,32,474,2015,0.02
27,2,32,474,2016,0.02
27,2,32,474,2017,0.02
27,2,235,474,1990,0.01
27,2,235,474,1991,0.01
27,2,235,474,1992,0.01
27,2,235,474,1993,0.01
27,2,235,474,1994,0.01
27,2,235,474,1995,0.01
27,2,235,474,1996,0.01
27,2,235,474,1997,0.01
27,2,235,474,1998,0.01
27,2,235,474,1999,0.01
27,2,235,474,2000,0.01
27,2,235,474,2001,0.01
27,2,235,474,2002,0.01
27,2,235,474,2003,0.01
27,2,235,474,2004,0.01
27,2,235,474,2005,0.01
27,2,235,474,2006,0.01
27,2,235,474,2007,0.01
27,2,235,474,2008,0.01
27,2,235,474,2009,0.01
27,2,235,474,2010,0.01
27,2,235,474,2011,0.01
27,2,235,474,2012,0.01
27,2,235,474,2013,0.01
27,2,235,474,2014,0.01
27,2,235,474,2015,0.01
27,2,235,474,2016,0.01
27,2,235,474,2017,0.01
28,2,8,474,1990,0
28,2,8,474,1991,0
28,2,8,474,1992,0
28,2,8,474,1993,0
28,2,8,474,1994,0
28,2,8,474,1995,0
28,2,8,474,1996,0
28,2,8,474,1997,0
28,2,8,474,1998,0
28,2,8,474,1999,0
28,2,8,474,2000,0
28,2,8,474,2001,0
28,2,8,474,2002,0
28,2,8,474,2003,0
28,2,8,474,2004,0
28,2,8,474,2005,0
28,2,8,474,2006,0
28,2,8,474,2007,0
28,2,8,474,2008,0
28,2,8,474,2009,0
28,2,8,474,2010,0
28,2,8,474,2011,0
28,2,8,474,2012,0
28,2,8,474,2013,0
28,2,8,474,2014,0
28,2,8,474,2015,0
28,2,8,474,2016,0
28,2,8,474,2017,0
28,2,9,474,1990,0
28,2,9,474,1991,0
28,2,9,474,1992,0
28,2,9,474,1993,0
28,2,9,474,1994,0
28,2,9,474,1995,0
28,2,9,474,1996,0
28,2,9,474,1997,0
28,2,9,474,1998,0
28,2,9,474,1999,0
28,2,9,474,2000,0
28,2,9,474,2001,0
28,2,9,474,2002,0
28,2,9,474,2003,0
28,2,9,474,2004,0
28,2,9,474,2005,0
28,2,9,474,2006,0
28,2,9,474,2007,0
28,2,9,474,2008,0
28,2,9,474,2009,0
28,2,9,474,2010,0
28,2,9,474,2011,0
28,2,9,474,2012,0
28,2,9,474,2013,0
28,2,9,474,2014,0
28,2,9,474,2015,0
28,2,9,474,2016,0
28,2,9,474,2017,0
28,2,10,474,1990,0
28,2,10,474,1991,0
28,2,10,474,1992,0
28,2,10,474,1993,0
28,2,10,474,1994,0
28,2,10,474,1995,0
28,2,10,474,1996,0
28,2,10,474,1997,0
28,2,10,474,1998,0
28,2,10,474,1999,0
28,2,10,474,2000,0
28,2,10,474,2001,0
28,2,10,474,2002,0
28,2,10,474,2003,0
28,2,10,474,2004,0
28,2,10,474,2005,0
28,2,10,474,2006,0
28,2,10,474,2007,0
28,2,10,474,2008,0
28,2,10,474,2009,0
28,2,10,474,2010,0
28,2,10,474,2011,0
28,2,10,474,2012,0
28,2,10,474,2013,0
28,2,10,474,2014,0
28,2,10,474,2015,0
28,2,10,474,2016,0
28,2,10,474,2017,0
28,2,11,474,1990,0.01
28,2,11,474,1991,0.01
28,2,11,474,1992,0.01
28,2,11,474,1993,0.01
28,2,11,474,1994,0.01
28,2,11,474,1995,0.01
28,2,11,474,1996,0.01
28,2,11,474,1997,0.01
28,2,11,474,1998,0.01
28,2,11,474,1999,0.01
28,2,11,474,2000,0.01
28,2,11,474,2001,0.02
28,2,11,474,2002,0.02
28,2,11,474,2003,0.02
28,2,11,474,2004,0.02
28,2,11,474,2005,0.02
28,2,11,474,2006,0.02
28,2,11,474,2007,0.02
28,2,11,474,2008,0.02
28,2,11,474,2009,0.02
28,2,11,474,2010,0.02
28,2,11,474,2011,0.02
28,2,11,474,2012,0.02
28,2,11,474,2013,0.02
28,2,11,474,2014,0.02
28,2,11,474,2015,0.02
28,2,11,474,2016,0.03
28,2,11,474,2017,0.03
28,2,12,474,1990,0.02
28,2,12,474,1991,0.02
28,2,12,474,1992,0.02
28,2,12,474,1993,0.02
28,2,12,474,1994,0.02
28,2,12,474,1995,0.02
28,2,12,474,1996,0.02
28,2,12,474,1997,0.02
28,2,12,474,1998,0.02
28,2,12,474,1999,0.02
28,2,12,474,2000,0.03
28,2,12,474,2001,0.03
28,2,12,474,2002,0.03
28,2,12,474,2003,0.03
28,2,12,474,2004,0.03
28,2,12,474,2005,0.03
28,2,12,474,2006,0.04
28,2,12,474,2007,0.04
28,2,12,474,2008,0.04
28,2,12,474,2009,0.04
28,2,12,474,2010,0.05
28,2,12,474,2011,0.05
28,2,12,474,2012,0.05
28,2,12,474,2013,0.05
28,2,12,474,2014,0.05
28,2,12,474,2015,0.05
28,2,12,474,2016,0.05
28,2,12,474,2017,0.06
28,2,13,474,1990,0.03
28,2,13,474,1991,0.03
28,2,13,474,1992,0.03
28,2,13,474,1993,0.03
28,2,13,474,1994,0.03
28,2,13,474,1995,0.04
28,2,13,474,1996,0.04
28,2,13,474,1997,0.04
28,2,13,474,1998,0.04
28,2,13,474,1999,0.04
28,2,13,474,2000,0.04
28,2,13,474,2001,0.05
28,2,13,474,2002,0.05
28,2,13,474,2003,0.05
28,2,13,474,2004,0.06
28,2,13,474,2005,0.06
28,2,13,474,2006,0.06
28,2,13,474,2007,0.06
28,2,13,474,2008,0.07
28,2,13,474,2009,0.07
28,2,13,474,2010,0.08
28,2,13,474,2011,0.08
28,2,13,474,2012,0.08
28,2,13,474,2013,0.09
28,2,13,474,2014,0.09
28,2,13,474,2015,0.1
28,2,13,474,2016,0.1
28,2,13,474,2017,0.1
28,2,14,474,1990,0.03
28,2,14,474,1991,0.03
28,2,14,474,1992,0.03
28,2,14,474,1993,0.03
28,2,14,474,1994,0.03
28,2,14,474,1995,0.03
28,2,14,474,1996,0.03
28,2,14,474,1997,0.03
28,2,14,474,1998,0.03
28,2,14,474,1999,0.03
28,2,14,474,2000,0.03
28,2,14,474,2001,0.04
28,2,14,474,2002,0.04
28,2,14,474,2003,0.04
28,2,14,474,2004,0.04
28,2,14,474,2005,0.04
28,2,14,474,2006,0.05
28,2,14,474,2007,0.05
28,2,14,474,2008,0.05
28,2,14,474,2009,0.05
28,2,14,474,2010,0.05
28,2,14,474,2011,0.06
28,2,14,474,2012,0.06
28,2,14,474,2013,0.06
28,2,14,474,2014,0.06
28,2,14,474,2015,0.07
28,2,14,474,2016,0.07
28,2,14,474,2017,0.07
28,2,15,474,1990,0.06
28,2,15,474,1991,0.06
28,2,15,474,1992,0.07
28,2,15,474,1993,0.07
28,2,15,474,1994,0.07
28,2,15,474,1995,0.07
28,2,15,474,1996,0.07
28,2,15,474,1997,0.07
28,2,15,474,1998,0.07
28,2,15,474,1999,0.08
28,2,15,474,2000,0.08
28,2,15,474,2001,0.08
28,2,15,474,2002,0.09
28,2,15,474,2003,0.09
28,2,15,474,2004,0.09
28,2,15,474,2005,0.1
28,2,15,474,2006,0.1
28,2,15,474,2007,0.1
28,2,15,474,2008,0.11
28,2,15,474,2009,0.11
28,2,15,474,2010,0.12
28,2,15,474,2011,0.13
28,2,15,474,2012,0.13
28,2,15,474,2013,0.14
28,2,15,474,2014,0.14
28,2,15,474,2015,0.15
28,2,15,474,2016,0.15
28,2,15,474,2017,0.16
28,2,16,474,1990,0.07
28,2,16,474,1991,0.08
28,2,16,474,1992,0.08
28,2,16,474,1993,0.08
28,2,16,474,1994,0.08
28,2,16,474,1995,0.09
28,2,16,474,1996,0.09
28,2,16,474,1997,0.09
28,2,16,474,1998,0.09
28,2,16,474,1999,0.1
28,2,16,474,2000,0.1
28,2,16,474,2001,0.1
28,2,16,474,2002,0.11
28,2,16,474,2003,0.11
28,2,16,474,2004,0.11
28,2,16,474,2005,0.11
28,2,16,474,2006,0.12
28,2,16,474,2007,0.12
28,2,16,474,2008,0.13
28,2,16,474,2009,0.13
28,2,16,474,2010,0.13
28,2,16,474,2011,0.14
28,2,16,474,2012,0.14
28,2,16,474,2013,0.15
28,2,16,474,2014,0.15
28,2,16,474,2015,0.16
28,2,16,474,2016,0.16
28,2,16,474,2017,0.17
28,2,17,474,1990,0.08
28,2,17,474,1991,0.08
28,2,17,474,1992,0.09
28,2,17,474,1993,0.09
28,2,17,474,1994,0.1
28,2,17,474,1995,0.1
28,2,17,474,1996,0.1
28,2,17,474,1997,0.11
28,2,17,474,1998,0.11
28,2,17,474,1999,0.11
28,2,17,474,2000,0.12
28,2,17,474,2001,0.12
28,2,17,474,2002,0.12
28,2,17,474,2003,0.13
28,2,17,474,2004,0.13
28,2,17,474,2005,0.13
28,2,17,474,2006,0.14
28,2,17,474,2007,0.14
28,2,17,474,2008,0.15
28,2,17,474,2009,0.15
28,2,17,474,2010,0.15
28,2,17,474,2011,0.16
28,2,17,474,2012,0.16
28,2,17,474,2013,0.17
28,2,17,474,2014,0.17
28,2,17,474,2015,0.17
28,2,17,474,2016,0.18
28,2,17,474,2017,0.18
28,2,18,474,1990,0.07
28,2,18,474,1991,0.08
28,2,18,474,1992,0.08
28,2,18,474,1993,0.09
28,2,18,474,1994,0.09
28,2,18,474,1995,0.09
28,2,18,474,1996,0.1
28,2,18,474,1997,0.1
28,2,18,474,1998,0.11
28,2,18,474,1999,0.11
28,2,18,474,2000,0.12
28,2,18,474,2001,0.12
28,2,18,474,2002,0.13
28,2,18,474,2003,0.13
28,2,18,474,2004,0.14
28,2,18,474,2005,0.14
28,2,18,474,2006,0.14
28,2,18,474,2007,0.15
28,2,18,474,2008,0.15
28,2,18,474,2009,0.15
28,2,18,474,2010,0.16
28,2,18,474,2011,0.16
28,2,18,474,2012,0.16
28,2,18,474,2013,0.17
28,2,18,474,2014,0.17
28,2,18,474,2015,0.18
28,2,18,474,2016,0.18
28,2,18,474,2017,0.19
28,2,19,474,1990,0.08
28,2,19,474,1991,0.09
28,2,19,474,1992,0.09
28,2,19,474,1993,0.1
28,2,19,474,1994,0.1
28,2,19,474,1995,0.11
28,2,19,474,1996,0.11
28,2,19,474,1997,0.12
28,2,19,474,1998,0.13
28,2,19,474,1999,0.13
28,2,19,474,2000,0.14
28,2,19,474,2001,0.15
28,2,19,474,2002,0.16
28,2,19,474,2003,0.17
28,2,19,474,2004,0.17
28,2,19,474,2005,0.18
28,2,19,474,2006,0.19
28,2,19,474,2007,0.2
28,2,19,474,2008,0.2
28,2,19,474,2009,0.21
28,2,19,474,2010,0.22
28,2,19,474,2011,0.22
28,2,19,474,2012,0.22
28,2,19,474,2013,0.23
28,2,19,474,2014,0.23
28,2,19,474,2015,0.23
28,2,19,474,2016,0.24
28,2,19,474,2017,0.24
28,2,20,474,1990,0.06
28,2,20,474,1991,0.06
28,2,20,474,1992,0.06
28,2,20,474,1993,0.07
28,2,20,474,1994,0.07
28,2,20,474,1995,0.08
28,2,20,474,1996,0.09
28,2,20,474,1997,0.09
28,2,20,474,1998,0.1
28,2,20,474,1999,0.11
28,2,20,474,2000,0.11
28,2,20,474,2001,0.12
28,2,20,474,2002,0.13
28,2,20,474,2003,0.14
28,2,20,474,2004,0.15
28,2,20,474,2005,0.15
28,2,20,474,2006,0.16
28,2,20,474,2007,0.17
28,2,20,474,2008,0.18
28,2,20,474,2009,0.19
28,2,20,474,2010,0.2
28,2,20,474,2011,0.21
28,2,20,474,2012,0.21
28,2,20,474,2013,0.22
28,2,20,474,2014,0.23
28,2,20,474,2015,0.23
28,2,20,474,2016,0.24
28,2,20,474,2017,0.24
28,2,22,474,1990,0.56
28,2,22,474,1991,0.59
28,2,22,474,1992,0.62
28,2,22,474,1993,0.64
28,2,22,474,1994,0.67
28,2,22,474,1995,0.7
28,2,22,474,1996,0.73
28,2,22,474,1997,0.76
28,2,22,474,1998,0.8
28,2,22,474,1999,0.84
28,2,22,474,2000,0.89
28,2,22,474,2001,0.93
28,2,22,474,2002,0.98
28,2,22,474,2003,1.02
28,2,22,474,2004,1.07
28,2,22,474,2005,1.11
28,2,22,474,2006,1.16
28,2,22,474,2007,1.21
28,2,22,474,2008,1.26
28,2,22,474,2009,1.32
28,2,22,474,2010,1.37
28,2,22,474,2011,1.41
28,2,22,474,2012,1.46
28,2,22,474,2013,1.51
28,2,22,474,2014,1.56
28,2,22,474,2015,1.61
28,2,22,474,2016,1.66
28,2,22,474,2017,1.71
28,2,30,474,1990,0.03
28,2,30,474,1991,0.03
28,2,30,474,1992,0.04
28,2,30,474,1993,0.04
28,2,30,474,1994,0.04
28,2,30,474,1995,0.04
28,2,30,474,1996,0.04
28,2,30,474,1997,0.05
28,2,30,474,1998,0.05
28,2,30,474,1999,0.05
28,2,30,474,2000,0.06
28,2,30,474,2001,0.07
28,2,30,474,2002,0.07
28,2,30,474,2003,0.08
28,2,30,474,2004,0.08
28,2,30,474,2005,0.09
28,2,30,474,2006,0.09
28,2,30,474,2007,0.1
28,2,30,474,2008,0.11
28,2,30,474,2009,0.11
28,2,30,474,2010,0.12
28,2,30,474,2011,0.13
28,2,30,474,2012,0.13
28,2,30,474,2013,0.14
28,2,30,474,2014,0.15
28,2,30,474,2015,0.15
28,2,30,474,2016,0.16
28,2,30,474,2017,0.17
28,2,31,474,1990,0.01
28,2,31,474,1991,0.01
28,2,31,474,1992,0.01
28,2,31,474,1993,0.01
28,2,31,474,1994,0.01
28,2,31,474,1995,0.01
28,2,31,474,1996,0.02
28,2,31,474,1997,0.02
28,2,31,474,1998,0.02
28,2,31,474,1999,0.02
28,2,31,474,2000,0.02
28,2,31,474,2001,0.02
28,2,31,474,2002,0.02
28,2,31,474,2003,0.02
28,2,31,474,2004,0.03
28,2,31,474,2005,0.03
28,2,31,474,2006,0.03
28,2,31,474,2007,0.03
28,2,31,474,2008,0.04
28,2,31,474,2009,0.04
28,2,31,474,2010,0.04
28,2,31,474,2011,0.05
28,2,31,474,2012,0.05
28,2,31,474,2013,0.05
28,2,31,474,2014,0.05
28,2,31,474,2015,0.06
28,2,31,474,2016,0.06
28,2,31,474,2017,0.06
28,2,32,474,1990,0
28,2,32,474,1991,0
28,2,32,474,1992,0
28,2,32,474,1993,0
28,2,32,474,1994,0
28,2,32,474,1995,0
28,2,32,474,1996,0
28,2,32,474,1997,0
28,2,32,474,1998,0
28,2,32,474,1999,0
28,2,32,474,2000,0
28,2,32,474,2001,0
28,2,32,474,2002,0
28,2,32,474,2003,0
28,2,32,474,2004,0
28,2,32,474,2005,0.01
28,2,32,474,2006,0.01
28,2,32,474,2007,0.01
28,2,32,474,2008,0.01
28,2,32,474,2009,0.01
28,2,32,474,2010,0.01
28,2,32,474,2011,0.01
28,2,32,474,2012,0.01
28,2,32,474,2013,0.01
28,2,32,474,2014,0.01
28,2,32,474,2015,0.01
28,2,32,474,2016,0.01
28,2,32,474,2017,0.01
28,2,235,474,1990,0
28,2,235,474,1991,0
28,2,235,474,1992,0
28,2,235,474,1993,0
28,2,235,474,1994,0
28,2,235,474,1995,0
28,2,235,474,1996,0
28,2,235,474,1997,0
28,2,235,474,1998,0
28,2,235,474,1999,0
28,2,235,474,2000,0
28,2,235,474,2001,0.01
28,2,235,474,2002,0.01
28,2,235,474,2003,0.01
28,2,235,474,2004,0.01
28,2,235,474,2005,0.01
28,2,235,474,2006,0.01
28,2,235,474,2007,0.01
28,2,235,474,2008,0.01
28,2,235,474,2009,0.01
28,2,235,474,2010,0.01
28,2,235,474,2011,0.01
28,2,235,474,2012,0.01
28,2,235,474,2013,0.01
28,2,235,474,2014,0.01
28,2,235,474,2015,0.01
28,2,235,474,2016,0.01
28,2,235,474,2017,0.02
29,2,8,474,1990,0
29,2,8,474,1991,0
29,2,8,474,1992,0
29,2,8,474,1993,0
29,2,8,474,1994,0
29,2,8,474,1995,0
29,2,8,474,1996,0
29,2,8,474,1997,0
29,2,8,474,1998,0
29,2,8,474,1999,0
29,2,8,474,2000,0
29,2,8,474,2001,0
29,2,8,474,2002,0
29,2,8,474,2003,0
29,2,8,474,2004,0
29,2,8,474,2005,0
29,2,8,474,2006,0
29,2,8,474,2007,0
29,2,8,474,2008,0
29,2,8,474,2009,0
29,2,8,474,2010,0
29,2,8,474,2011,0
29,2,8,474,2012,0
29,2,8,474,2013,0
29,2,8,474,2014,0
29,2,8,474,2015,0
29,2,8,474,2016,0
29,2,8,474,2017,0
29,2,9,474,1990,0
29,2,9,474,1991,0
29,2,9,474,1992,0
29,2,9,474,1993,0
29,2,9,474,1994,0
29,2,9,474,1995,0
29,2,9,474,1996,0
29,2,9,474,1997,0
29,2,9,474,1998,0
29,2,9,474,1999,0
29,2,9,474,2000,0
29,2,9,474,2001,0
29,2,9,474,2002,0
29,2,9,474,2003,0
29,2,9,474,2004,0
29,2,9,474,2005,0
29,2,9,474,2006,0
29,2,9,474,2007,0
29,2,9,474,2008,0
29,2,9,474,2009,0
29,2,9,474,2010,0
29,2,9,474,2011,0
29,2,9,474,2012,0
29,2,9,474,2013,0
29,2,9,474,2014,0
29,2,9,474,2015,0
29,2,9,474,2016,0
29,2,9,474,2017,0
29,2,10,474,1990,0
29,2,10,474,1991,0
29,2,10,474,1992,0
29,2,10,474,1993,0
29,2,10,474,1994,0
29,2,10,474,1995,0
29,2,10,474,1996,0
29,2,10,474,1997,0
29,2,10,474,1998,0
29,2,10,474,1999,0
29,2,10,474,2000,0
29,2,10,474,2001,0
29,2,10,474,2002,0
29,2,10,474,2003,0
29,2,10,474,2004,0
29,2,10,474,2005,0
29,2,10,474,2006,0
29,2,10,474,2007,0
29,2,10,474,2008,0
29,2,10,474,2009,0
29,2,10,474,2010,0
29,2,10,474,2011,0
29,2,10,474,2012,0
29,2,10,474,2013,0
29,2,10,474,2014,0
29,2,10,474,2015,0
29,2,10,474,2016,0
29,2,10,474,2017,0
29,2,11,474,1990,0
29,2,11,474,1991,0
29,2,11,474,1992,0
29,2,11,474,1993,0
29,2,11,474,1994,0
29,2,11,474,1995,0
29,2,11,474,1996,0
29,2,11,474,1997,0
29,2,11,474,1998,0
29,2,11,474,1999,0
29,2,11,474,2000,0
29,2,11,474,2001,0
29,2,11,474,2002,0
29,2,11,474,2003,0
29,2,11,474,2004,0
29,2,11,474,2005,0
29,2,11,474,2006,0
29,2,11,474,2007,0
29,2,11,474,2008,0
29,2,11,474,2009,0
29,2,11,474,2010,0
29,2,11,474,2011,0
29,2,11,474,2012,0
29,2,11,474,2013,0
29,2,11,474,2014,0
29,2,11,474,2015,0
29,2,11,474,2016,0
29,2,11,474,2017,0
29,2,12,474,1990,0
29,2,12,474,1991,0
29,2,12,474,1992,0
29,2,12,474,1993,0
29,2,12,474,1994,0
29,2,12,474,1995,0
29,2,12,474,1996,0
29,2,12,474,1997,0
29,2,12,474,1998,0
29,2,12,474,1999,0
29,2,12,474,2000,0
29,2,12,474,2001,0
29,2,12,474,2002,0
29,2,12,474,2003,0
29,2,12,474,2004,0
29,2,12,474,2005,0
29,2,12,474,2006,0
29,2,12,474,2007,0
29,2,12,474,2008,0
29,2,12,474,2009,0
29,2,12,474,2010,0
29,2,12,474,2011,0
29,2,12,474,2012,0
29,2,12,474,2013,0
29,2,12,474,2014,0
29,2,12,474,2015,0
29,2,12,474,2016,0
29,2,12,474,2017,0
29,2,13,474,1990,0.01
29,2,13,474,1991,0.01
29,2,13,474,1992,0.01
29,2,13,474,1993,0.01
29,2,13,474,1994,0.01
29,2,13,474,1995,0.01
29,2,13,474,1996,0.01
29,2,13,474,1997,0.01
29,2,13,474,1998,0.01
29,2,13,474,1999,0.01
29,2,13,474,2000,0.01
29,2,13,474,2001,0.01
29,2,13,474,2002,0.01
29,2,13,474,2003,0.01
29,2,13,474,2004,0.01
29,2,13,474,2005,0.01
29,2,13,474,2006,0.01
29,2,13,474,2007,0.01
29,2,13,474,2008,0.01
29,2,13,474,2009,0.01
29,2,13,474,2010,0.01
29,2,13,474,2011,0.01
29,2,13,474,2012,0.01
29,2,13,474,2013,0.01
29,2,13,474,2014,0.01
29,2,13,474,2015,0.01
29,2,13,474,2016,0.01
29,2,13,474,2017,0.01
29,2,14,474,1990,0.01
29,2,14,474,1991,0.01
29,2,14,474,1992,0.01
29,2,14,474,1993,0.01
29,2,14,474,1994,0.01
29,2,14,474,1995,0.01
29,2,14,474,1996,0.01
29,2,14,474,1997,0.01
29,2,14,474,1998,0.01
29,2,14,474,1999,0.01
29,2,14,474,2000,0.01
29,2,14,474,2001,0.01
29,2,14,474,2002,0.01
29,2,14,474,2003,0.01
29,2,14,474,2004,0.01
29,2,14,474,2005,0.01
29,2,14,474,2006,0.01
29,2,14,474,2007,0.01
29,2,14,474,2008,0.01
29,2,14,474,2009,0.01
29,2,14,474,2010,0.01
29,2,14,474,2011,0.01
29,2,14,474,2012,0.01
29,2,14,474,2013,0.01
29,2,14,474,2014,0.01
29,2,14,474,2015,0.01
29,2,14,474,2016,0.01
29,2,14,474,2017,0.01
29,2,15,474,1990,0.02
29,2,15,474,1991,0.02
29,2,15,474,1992,0.02
29,2,15,474,1993,0.02
29,2,15,474,1994,0.02
29,2,15,474,1995,0.02
29,2,15,474,1996,0.02
29,2,15,474,1997,0.02
29,2,15,474,1998,0.02
29,2,15,474,1999,0.02
29,2,15,474,2000,0.02
29,2,15,474,2001,0.02
29,2,15,474,2002,0.02
29,2,15,474,2003,0.02
29,2,15,474,2004,0.02
29,2,15,474,2005,0.02
29,2,15,474,2006,0.02
29,2,15,474,2007,0.02
29,2,15,474,2008,0.02
29,2,15,474,2009,0.02
29,2,15,474,2010,0.02
29,2,15,474,2011,0.02
29,2,15,474,2012,0.02
29,2,15,474,2013,0.02
29,2,15,474,2014,0.02
29,2,15,474,2015,0.02
29,2,15,474,2016,0.02
29,2,15,474,2017,0.02
29,2,16,474,1990,0.02
29,2,16,474,1991,0.02
29,2,16,474,1992,0.02
29,2,16,474,1993,0.02
29,2,16,474,1994,0.02
29,2,16,474,1995,0.02
29,2,16,474,1996,0.02
29,2,16,474,1997,0.02
29,2,16,474,1998,0.02
29,2,16,474,1999,0.02
29,2,16,474,2000,0.02
29,2,16,474,2001,0.02
29,2,16,474,2002,0.02
29,2,16,474,2003,0.02
29,2,16,474,2004,0.02
29,2,16,474,2005,0.02
29,2,16,474,2006,0.02
29,2,16,474,2007,0.02
29,2,16,474,2008,0.02
29,2,16,474,2009,0.03
29,2,16,474,2010,0.03
29,2,16,474,2011,0.03
29,2,16,474,2012,0.03
29,2,16,474,2013,0.03
29,2,16,474,2014,0.03
29,2,16,474,2015,0.03
29,2,16,474,2016,0.03
29,2,16,474,2017,0.03
29,2,17,474,1990,0.03
29,2,17,474,1991,0.03
29,2,17,474,1992,0.03
29,2,17,474,1993,0.03
29,2,17,474,1994,0.03
29,2,17,474,1995,0.03
29,2,17,474,1996,0.03
29,2,17,474,1997,0.03
29,2,17,474,1998,0.03
29,2,17,474,1999,0.03
29,2,17,474,2000,0.03
29,2,17,474,2001,0.03
29,2,17,474,2002,0.03
29,2,17,474,2003,0.03
29,2,17,474,2004,0.03
29,2,17,474,2005,0.03
29,2,17,474,2006,0.03
29,2,17,474,2007,0.03
29,2,17,474,2008,0.03
29,2,17,474,2009,0.03
29,2,17,474,2010,0.03
29,2,17,474,2011,0.03
29,2,17,474,2012,0.03
29,2,17,474,2013,0.03
29,2,17,474,2014,0.03
29,2,17,474,2015,0.03
29,2,17,474,2016,0.04
29,2,17,474,2017,0.04
29,2,18,474,1990,0.03
29,2,18,474,1991,0.03
29,2,18,474,1992,0.03
29,2,18,474,1993,0.03
29,2,18,474,1994,0.03
29,2,18,474,1995,0.03
29,2,18,474,1996,0.03
29,2,18,474,1997,0.03
29,2,18,474,1998,0.04
29,2,18,474,1999,0.04
29,2,18,474,2000,0.04
29,2,18,474,2001,0.04
29,2,18,474,2002,0.04
29,2,18,474,2003,0.04
29,2,18,474,2004,0.04
29,2,18,474,2005,0.04
29,2,18,474,2006,0.04
29,2,18,474,2007,0.04
29,2,18,474,2008,0.04
29,2,18,474,2009,0.04
29,2,18,474,2010,0.04
29,2,18,474,2011,0.04
29,2,18,474,2012,0.04
29,2,18,474,2013,0.04
29,2,18,474,2014,0.04
29,2,18,474,2015,0.04
29,2,18,474,2016,0.04
29,2,18,474,2017,0.04
29,2,19,474,1990,0.04
29,2,19,474,1991,0.04
29,2,19,474,1992,0.04
29,2,19,474,1993,0.04
29,2,19,474,1994,0.05
29,2,19,474,1995,0.05
29,2,19,474,1996,0.05
29,2,19,474,1997,0.05
29,2,19,474,1998,0.05
29,2,19,474,1999,0.05
29,2,19,474,2000,0.06
29,2,19,474,2001,0.06
29,2,19,474,2002,0.06
29,2,19,474,2003,0.06
29,2,19,474,2004,0.06
29,2,19,474,2005,0.06
29,2,19,474,2006,0.06
29,2,19,474,2007,0.06
29,2,19,474,2008,0.06
29,2,19,474,2009,0.06
29,2,19,474,2010,0.07
29,2,19,474,2011,0.07
29,2,19,474,2012,0.07
29,2,19,474,2013,0.07
29,2,19,474,2014,0.07
29,2,19,474,2015,0.07
29,2,19,474,2016,0.07
29,2,19,474,2017,0.07
29,2,20,474,1990,0.04
29,2,20,474,1991,0.04
29,2,20,474,1992,0.05
29,2,20,474,1993,0.05
29,2,20,474,1994,0.05
29,2,20,474,1995,0.05
29,2,20,474,1996,0.05
29,2,20,474,1997,0.05
29,2,20,474,1998,0.06
29,2,20,474,1999,0.06
29,2,20,474,2000,0.06
29,2,20,474,2001,0.06
29,2,20,474,2002,0.06
29,2,20,474,2003,0.06
29,2,20,474,2004,0.07
29,2,20,474,2005,0.07
29,2,20,474,2006,0.07
29,2,20,474,2007,0.07
29,2,20,474,2008,0.07
29,2,20,474,2009,0.08
29,2,20,474,2010,0.08
29,2,20,474,2011,0.08
29,2,20,474,2012,0.08
29,2,20,474,2013,0.08
29,2,20,474,2014,0.08
29,2,20,474,2015,0.08
29,2,20,474,2016,0.08
29,2,20,474,2017,0.08
29,2,22,474,1990,0.26
29,2,22,474,1991,0.27
29,2,22,474,1992,0.28
29,2,22,474,1993,0.28
29,2,22,474,1994,0.29
29,2,22,474,1995,0.3
29,2,22,474,1996,0.31
29,2,22,474,1997,0.31
29,2,22,474,1998,0.33
29,2,22,474,1999,0.34
29,2,22,474,2000,0.35
29,2,22,474,2001,0.37
29,2,22,474,2002,0.37
29,2,22,474,2003,0.37
29,2,22,474,2004,0.38
29,2,22,474,2005,0.39
29,2,22,474,2006,0.4
29,2,22,474,2007,0.41
29,2,22,474,2008,0.42
29,2,22,474,2009,0.43
29,2,22,474,2010,0.45
29,2,22,474,2011,0.45
29,2,22,474,2012,0.46
29,2,22,474,2013,0.47
29,2,22,474,2014,0.48
29,2,22,474,2015,0.49
29,2,22,474,2016,0.49
29,2,22,474,2017,0.5
29,2,30,474,1990,0.03
29,2,30,474,1991,0.03
29,2,30,474,1992,0.04
29,2,30,474,1993,0.04
29,2,30,474,1994,0.04
29,2,30,474,1995,0.04
29,2,30,474,1996,0.05
29,2,30,474,1997,0.05
29,2,30,474,1998,0.05
29,2,30,474,1999,0.05
29,2,30,474,2000,0.06
29,2,30,474,2001,0.06
29,2,30,474,2002,0.06
29,2,30,474,2003,0.06
29,2,30,474,2004,0.06
29,2,30,474,2005,0.06
29,2,30,474,2006,0.07
29,2,30,474,2007,0.07
29,2,30,474,2008,0.07
29,2,30,474,2009,0.07
29,2,30,474,2010,0.08
29,2,30,474,2011,0.08
29,2,30,474,2012,0.08
29,2,30,474,2013,0.08
29,2,30,474,2014,0.08
29,2,30,474,2015,0.08
29,2,30,474,2016,0.09
29,2,30,474,2017,0.09
29,2,31,474,1990,0.02
29,2,31,474,1991,0.02
29,2,31,474,1992,0.02
29,2,31,474,1993,0.02
29,2,31,474,1994,0.02
29,2,31,474,1995,0.02
29,2,31,474,1996,0.02
29,2,31,474,1997,0.02
29,2,31,474,1998,0.02
29,2,31,474,1999,0.03
29,2,31,474,2000,0.03
29,2,31,474,2001,0.03
29,2,31,474,2002,0.03
29,2,31,474,2003,0.03
29,2,31,474,2004,0.03
29,2,31,474,2005,0.04
29,2,31,474,2006,0.04
29,2,31,474,2007,0.04
29,2,31,474,2008,0.04
29,2,31,474,2009,0.04
29,2,31,474,2010,0.04
29,2,31,474,2011,0.04
29,2,31,474,2012,0.04
29,2,31,474,2013,0.05
29,2,31,474,2014,0.05
29,2,31,474,2015,0.05
29,2,31,474,2016,0.05
29,2,31,474,2017,0.05
29,2,32,474,1990,0.01
29,2,32,474,1991,0.01
29,2,32,474,1992,0.01
29,2,32,474,1993,0.01
29,2,32,474,1994,0.01
29,2,32,474,1995,0.01
29,2,32,474,1996,0.01
29,2,32,474,1997,0.01
29,2,32,474,1998,0.01
29,2,32,474,1999,0.01
29,2,32,474,2000,0.01
29,2,32,474,2001,0.01
29,2,32,474,2002,0.01
29,2,32,474,2003,0.01
29,2,32,474,2004,0.01
29,2,32,474,2005,0.01
29,2,32,474,2006,0.01
29,2,32,474,2007,0.01
29,2,32,474,2008,0.01
29,2,32,474,2009,0.01
29,2,32,474,2010,0.02
29,2,32,474,2011,0.02
29,2,32,474,2012,0.02
29,2,32,474,2013,0.02
29,2,32,474,2014,0.02
29,2,32,474,2015,0.02
29,2,32,474,2016,0.02
29,2,32,474,2017,0.02
29,2,235,474,1990,0.01
29,2,235,474,1991,0.01
29,2,235,474,1992,0.01
29,2,235,474,1993,0.01
29,2,235,474,1994,0.01
29,2,235,474,1995,0.01
29,2,235,474,1996,0.01
29,2,235,474,1997,0.01
29,2,235,474,1998,0.01
29,2,235,474,1999,0.01
29,2,235,474,2000,0.01
29,2,235,474,2001,0.01
29,2,235,474,2002,0.01
29,2,235,474,2003,0.01
29,2,235,474,2004,0.02
29,2,235,474,2005,0.02
29,2,235,474,2006,0.02
29,2,235,474,2007,0.02
29,2,235,474,2008,0.02
29,2,235,474,2009,0.02
29,2,235,474,2010,0.02
29,2,235,474,2011,0.02
29,2,235,474,2012,0.03
29,2,235,474,2013,0.03
29,2,235,474,2014,0.03
29,2,235,474,2015,0.03
29,2,235,474,2016,0.03
29,2,235,474,2017,0.04
30,2,8,474,1990,0
30,2,8,474,1991,0
30,2,8,474,1992,0
30,2,8,474,1993,0
30,2,8,474,1994,0
30,2,8,474,1995,0
30,2,8,474,1996,0
30,2,8,474,1997,0
30,2,8,474,1998,0
30,2,8,474,1999,0
30,2,8,474,2000,0
30,2,8,474,2001,0
30,2,8,474,2002,0
30,2,8,474,2003,0
30,2,8,474,2004,0
30,2,8,474,2005,0
30,2,8,474,2006,0
30,2,8,474,2007,0
30,2,8,474,2008,0
30,2,8,474,2009,0
30,2,8,474,2010,0
30,2,8,474,2011,0
30,2,8,474,2012,0
30,2,8,474,2013,0
30,2,8,474,2014,0
30,2,8,474,2015,0
30,2,8,474,2016,0
30,2,8,474,2017,0
30,2,9,474,1990,0
30,2,9,474,1991,0
30,2,9,474,1992,0
30,2,9,474,1993,0
30,2,9,474,1994,0
30,2,9,474,1995,0
30,2,9,474,1996,0
30,2,9,474,1997,0
30,2,9,474,1998,0
30,2,9,474,1999,0
30,2,9,474,2000,0
30,2,9,474,2001,0
30,2,9,474,2002,0
30,2,9,474,2003,0
30,2,9,474,2004,0
30,2,9,474,2005,0
30,2,9,474,2006,0
30,2,9,474,2007,0
30,2,9,474,2008,0
30,2,9,474,2009,0
30,2,9,474,2010,0
30,2,9,474,2011,0
30,2,9,474,2012,0
30,2,9,474,2013,0
30,2,9,474,2014,0
30,2,9,474,2015,0
30,2,9,474,2016,0
30,2,9,474,2017,0
30,2,10,474,1990,0
30,2,10,474,1991,0
30,2,10,474,1992,0
30,2,10,474,1993,0
30,2,10,474,1994,0
30,2,10,474,1995,0
30,2,10,474,1996,0
30,2,10,474,1997,0
30,2,10,474,1998,0
30,2,10,474,1999,0
30,2,10,474,2000,0
30,2,10,474,2001,0
30,2,10,474,2002,0
30,2,10,474,2003,0
30,2,10,474,2004,0
30,2,10,474,2005,0
30,2,10,474,2006,0
30,2,10,474,2007,0
30,2,10,474,2008,0
30,2,10,474,2009,0
30,2,10,474,2010,0
30,2,10,474,2011,0
30,2,10,474,2012,0
30,2,10,474,2013,0
30,2,10,474,2014,0
30,2,10,474,2015,0
30,2,10,474,2016,0
30,2,10,474,2017,0
30,2,11,474,1990,0.01
30,2,11,474,1991,0.01
30,2,11,474,1992,0.01
30,2,11,474,1993,0.01
30,2,11,474,1994,0.01
30,2,11,474,1995,0.01
30,2,11,474,1996,0.01
30,2,11,474,1997,0.01
30,2,11,474,1998,0.01
30,2,11,474,1999,0.01
30,2,11,474,2000,0.01
30,2,11,474,2001,0.01
30,2,11,474,2002,0.01
30,2,11,474,2003,0.01
30,2,11,474,2004,0.01
30,2,11,474,2005,0.01
30,2,11,474,2006,0.01
30,2,11,474,2007,0.01
30,2,11,474,2008,0.01
30,2,11,474,2009,0.01
30,2,11,474,2010,0.01
30,2,11,474,2011,0.01
30,2,11,474,2012,0.01
30,2,11,474,2013,0.01
30,2,11,474,2014,0.01
30,2,11,474,2015,0.01
30,2,11,474,2016,0.01
30,2,11,474,2017,0.01
30,2,12,474,1990,0.01
30,2,12,474,1991,0.01
30,2,12,474,1992,0.01
30,2,12,474,1993,0.01
30,2,12,474,1994,0.01
30,2,12,474,1995,0.01
30,2,12,474,1996,0.01
30,2,12,474,1997,0.01
30,2,12,474,1998,0.01
30,2,12,474,1999,0.02
30,2,12,474,2000,0.02
30,2,12,474,2001,0.02
30,2,12,474,2002,0.02
30,2,12,474,2003,0.02
30,2,12,474,2004,0.02
30,2,12,474,2005,0.02
30,2,12,474,2006,0.02
30,2,12,474,2007,0.02
30,2,12,474,2008,0.02
30,2,12,474,2009,0.02
30,2,12,474,2010,0.02
30,2,12,474,2011,0.02
30,2,12,474,2012,0.02
30,2,12,474,2013,0.03
30,2,12,474,2014,0.03
30,2,12,474,2015,0.03
30,2,12,474,2016,0.03
30,2,12,474,2017,0.03
30,2,13,474,1990,0.02
30,2,13,474,1991,0.02
30,2,13,474,1992,0.02
30,2,13,474,1993,0.02
30,2,13,474,1994,0.02
30,2,13,474,1995,0.02
30,2,13,474,1996,0.02
30,2,13,474,1997,0.02
30,2,13,474,1998,0.03
30,2,13,474,1999,0.03
30,2,13,474,2000,0.03
30,2,13,474,2001,0.03
30,2,13,474,2002,0.03
30,2,13,474,2003,0.03
30,2,13,474,2004,0.04
30,2,13,474,2005,0.04
30,2,13,474,2006,0.04
30,2,13,474,2007,0.04
30,2,13,474,2008,0.04
30,2,13,474,2009,0.04
30,2,13,474,2010,0.04
30,2,13,474,2011,0.05
30,2,13,474,2012,0.05
30,2,13,474,2013,0.05
30,2,13,474,2014,0.05
30,2,13,474,2015,0.05
30,2,13,474,2016,0.05
30,2,13,474,2017,0.05
30,2,14,474,1990,0.01
30,2,14,474,1991,0.01
30,2,14,474,1992,0.01
30,2,14,474,1993,0.02
30,2,14,474,1994,0.02
30,2,14,474,1995,0.02
30,2,14,474,1996,0.02
30,2,14,474,1997,0.02
30,2,14,474,1998,0.02
30,2,14,474,1999,0.02
30,2,14,474,2000,0.02
30,2,14,474,2001,0.02
30,2,14,474,2002,0.03
30,2,14,474,2003,0.03
30,2,14,474,2004,0.03
30,2,14,474,2005,0.03
30,2,14,474,2006,0.03
30,2,14,474,2007,0.03
30,2,14,474,2008,0.03
30,2,14,474,2009,0.03
30,2,14,474,2010,0.04
30,2,14,474,2011,0.04
30,2,14,474,2012,0.04
30,2,14,474,2013,0.04
30,2,14,474,2014,0.04
30,2,14,474,2015,0.04
30,2,14,474,2016,0.04
30,2,14,474,2017,0.04
30,2,15,474,1990,0.03
30,2,15,474,1991,0.03
30,2,15,474,1992,0.03
30,2,15,474,1993,0.04
30,2,15,474,1994,0.04
30,2,15,474,1995,0.04
30,2,15,474,1996,0.04
30,2,15,474,1997,0.04
30,2,15,474,1998,0.04
30,2,15,474,1999,0.05
30,2,15,474,2000,0.05
30,2,15,474,2001,0.05
30,2,15,474,2002,0.05
30,2,15,474,2003,0.06
30,2,15,474,2004,0.06
30,2,15,474,2005,0.07
30,2,15,474,2006,0.07
30,2,15,474,2007,0.08
30,2,15,474,2008,0.08
30,2,15,474,2009,0.08
30,2,15,474,2010,0.08
30,2,15,474,2011,0.08
30,2,15,474,2012,0.09
30,2,15,474,2013,0.09
30,2,15,474,2014,0.09
30,2,15,474,2015,0.09
30,2,15,474,2016,0.09
30,2,15,474,2017,0.1
30,2,16,474,1990,0.03
30,2,16,474,1991,0.04
30,2,16,474,1992,0.04
30,2,16,474,1993,0.04
30,2,16,474,1994,0.04
30,2,16,474,1995,0.04
30,2,16,474,1996,0.04
30,2,16,474,1997,0.05
30,2,16,474,1998,0.05
30,2,16,474,1999,0.05
30,2,16,474,2000,0.06
30,2,16,474,2001,0.06
30,2,16,474,2002,0.06
30,2,16,474,2003,0.07
30,2,16,474,2004,0.07
30,2,16,474,2005,0.07
30,2,16,474,2006,0.07
30,2,16,474,2007,0.08
30,2,16,474,2008,0.08
30,2,16,474,2009,0.09
30,2,16,474,2010,0.1
30,2,16,474,2011,0.1
30,2,16,474,2012,0.11
30,2,16,474,2013,0.11
30,2,16,474,2014,0.11
30,2,16,474,2015,0.11
30,2,16,474,2016,0.11
30,2,16,474,2017,0.11
30,2,17,474,1990,0.04
30,2,17,474,1991,0.04
30,2,17,474,1992,0.04
30,2,17,474,1993,0.04
30,2,17,474,1994,0.04
30,2,17,474,1995,0.04
30,2,17,474,1996,0.04
30,2,17,474,1997,0.05
30,2,17,474,1998,0.05
30,2,17,474,1999,0.05
30,2,17,474,2000,0.05
30,2,17,474,2001,0.06
30,2,17,474,2002,0.06
30,2,17,474,2003,0.07
30,2,17,474,2004,0.07
30,2,17,474,2005,0.08
30,2,17,474,2006,0.08
30,2,17,474,2007,0.09
30,2,17,474,2008,0.09
30,2,17,474,2009,0.09
30,2,17,474,2010,0.09
30,2,17,474,2011,0.09
30,2,17,474,2012,0.1
30,2,17,474,2013,0.11
30,2,17,474,2014,0.11
30,2,17,474,2015,0.13
30,2,17,474,2016,0.13
30,2,17,474,2017,0.13
30,2,18,474,1990,0.04
30,2,18,474,1991,0.04
30,2,18,474,1992,0.04
30,2,18,474,1993,0.04
30,2,18,474,1994,0.04
30,2,18,474,1995,0.04
30,2,18,474,1996,0.04
30,2,18,474,1997,0.05
30,2,18,474,1998,0.05
30,2,18,474,1999,0.05
30,2,18,474,2000,0.05
30,2,18,474,2001,0.06
30,2,18,474,2002,0.06
30,2,18,474,2003,0.06
30,2,18,474,2004,0.07
30,2,18,474,2005,0.07
30,2,18,474,2006,0.07
30,2,18,474,2007,0.08
30,2,18,474,2008,0.09
30,2,18,474,2009,0.09
30,2,18,474,2010,0.1
30,2,18,474,2011,0.1
30,2,18,474,2012,0.1
30,2,18,474,2013,0.11
30,2,18,474,2014,0.11
30,2,18,474,2015,0.11
30,2,18,474,2016,0.11
30,2,18,474,2017,0.11
30,2,19,474,1990,0.05
30,2,19,474,1991,0.05
30,2,19,474,1992,0.05
30,2,19,474,1993,0.06
30,2,19,474,1994,0.06
30,2,19,474,1995,0.06
30,2,19,474,1996,0.06
30,2,19,474,1997,0.06
30,2,19,474,1998,0.06
30,2,19,474,1999,0.07
30,2,19,474,2000,0.07
30,2,19,474,2001,0.08
30,2,19,474,2002,0.08
30,2,19,474,2003,0.09
30,2,19,474,2004,0.09
30,2,19,474,2005,0.1
30,2,19,474,2006,0.11
30,2,19,474,2007,0.11
30,2,19,474,2008,0.12
30,2,19,474,2009,0.12
30,2,19,474,2010,0.13
30,2,19,474,2011,0.14
30,2,19,474,2012,0.15
30,2,19,474,2013,0.16
30,2,19,474,2014,0.16
30,2,19,474,2015,0.17
30,2,19,474,2016,0.18
30,2,19,474,2017,0.18
30,2,20,474,1990,0.05
30,2,20,474,1991,0.05
30,2,20,474,1992,0.05
30,2,20,474,1993,0.05
30,2,20,474,1994,0.06
30,2,20,474,1995,0.06
30,2,20,474,1996,0.06
30,2,20,474,1997,0.06
30,2,20,474,1998,0.06
30,2,20,474,1999,0.06
30,2,20,474,2000,0.07
30,2,20,474,2001,0.07
30,2,20,474,2002,0.07
30,2,20,474,2003,0.08
30,2,20,474,2004,0.08
30,2,20,474,2005,0.09
30,2,20,474,2006,0.1
30,2,20,474,2007,0.11
30,2,20,474,2008,0.11
30,2,20,474,2009,0.12
30,2,20,474,2010,0.13
30,2,20,474,2011,0.14
30,2,20,474,2012,0.14
30,2,20,474,2013,0.15
30,2,20,474,2014,0.15
30,2,20,474,2015,0.16
30,2,20,474,2016,0.17
30,2,20,474,2017,0.18
30,2,22,474,1990,0.33
30,2,22,474,1991,0.35
30,2,22,474,1992,0.36
30,2,22,474,1993,0.37
30,2,22,474,1994,0.39
30,2,22,474,1995,0.41
30,2,22,474,1996,0.42
30,2,22,474,1997,0.44
30,2,22,474,1998,0.45
30,2,22,474,1999,0.47
30,2,22,474,2000,0.5
30,2,22,474,2001,0.53
30,2,22,474,2002,0.56
30,2,22,474,2003,0.6
30,2,22,474,2004,0.64
30,2,22,474,2005,0.67
30,2,22,474,2006,0.71
30,2,22,474,2007,0.75
30,2,22,474,2008,0.79
30,2,22,474,2009,0.84
30,2,22,474,2010,0.87
30,2,22,474,2011,0.91
30,2,22,474,2012,0.95
30,2,22,474,2013,0.99
30,2,22,474,2014,1.03
30,2,22,474,2015,1.07
30,2,22,474,2016,1.11
30,2,22,474,2017,1.15
30,2,30,474,1990,0.03
30,2,30,474,1991,0.03
30,2,30,474,1992,0.03
30,2,30,474,1993,0.04
30,2,30,474,1994,0.04
30,2,30,474,1995,0.04
30,2,30,474,1996,0.04
30,2,30,474,1997,0.04
30,2,30,474,1998,0.04
30,2,30,474,1999,0.05
30,2,30,474,2000,0.05
30,2,30,474,2001,0.05
30,2,30,474,2002,0.05
30,2,30,474,2003,0.05
30,2,30,474,2004,0.05
30,2,30,474,2005,0.06
30,2,30,474,2006,0.06
30,2,30,474,2007,0.06
30,2,30,474,2008,0.07
30,2,30,474,2009,0.07
30,2,30,474,2010,0.08
30,2,30,474,2011,0.08
30,2,30,474,2012,0.09
30,2,30,474,2013,0.1
30,2,30,474,2014,0.1
30,2,30,474,2015,0.11
30,2,30,474,2016,0.12
30,2,30,474,2017,0.12
30,2,31,474,1990,0.01
30,2,31,474,1991,0.01
30,2,31,474,1992,0.01
30,2,31,474,1993,0.01
30,2,31,474,1994,0.01
30,2,31,474,1995,0.01
30,2,31,474,1996,0.01
30,2,31,474,1997,0.02
30,2,31,474,1998,0.02
30,2,31,474,1999,0.02
30,2,31,474,2000,0.02
30,2,31,474,2001,0.02
30,2,31,474,2002,0.02
30,2,31,474,2003,0.02
30,2,31,474,2004,0.02
30,2,31,474,2005,0.02
30,2,31,474,2006,0.02
30,2,31,474,2007,0.02
30,2,31,474,2008,0.02
30,2,31,474,2009,0.03
30,2,31,474,2010,0.03
30,2,31,474,2011,0.03
30,2,31,474,2012,0.03
30,2,31,474,2013,0.03
30,2,31,474,2014,0.03
30,2,31,474,2015,0.04
30,2,31,474,2016,0.04
30,2,31,474,2017,0.04
30,2,32,474,1990,0
30,2,32,474,1991,0
30,2,32,474,1992,0
30,2,32,474,1993,0
30,2,32,474,1994,0
30,2,32,474,1995,0
30,2,32,474,1996,0
30,2,32,474,1997,0
30,2,32,474,1998,0
30,2,32,474,1999,0
30,2,32,474,2000,0
30,2,32,474,2001,0
30,2,32,474,2002,0
30,2,32,474,2003,0
30,2,32,474,2004,0.01
30,2,32,474,2005,0.01
30,2,32,474,2006,0.01
30,2,32,474,2007,0.01
30,2,32,474,2008,0.01
30,2,32,474,2009,0.01
30,2,32,474,2010,0.01
30,2,32,474,2011,0.01
30,2,32,474,2012,0.01
30,2,32,474,2013,0.01
30,2,32,474,2014,0.01
30,2,32,474,2015,0.01
30,2,32,474,2016,0.01
30,2,32,474,2017,0.01
30,2,235,474,1990,0
30,2,235,474,1991,0
30,2,235,474,1992,0
30,2,235,474,1993,0
30,2,235,474,1994,0
30,2,235,474,1995,0
30,2,235,474,1996,0
30,2,235,474,1997,0
30,2,235,474,1998,0
30,2,235,474,1999,0
30,2,235,474,2000,0
30,2,235,474,2001,0
30,2,235,474,2002,0
30,2,235,474,2003,0.01
30,2,235,474,2004,0.01
30,2,235,474,2005,0.01
30,2,235,474,2006,0.01
30,2,235,474,2007,0.01
30,2,235,474,2008,0.01
30,2,235,474,2009,0.01
30,2,235,474,2010,0.01
30,2,235,474,2011,0.01
30,2,235,474,2012,0.01
30,2,235,474,2013,0.01
30,2,235,474,2014,0.01
30,2,235,474,2015,0.01
30,2,235,474,2016,0.01
30,2,235,474,2017,0.01
33,2,8,474,1990,0.01
33,2,8,474,1991,0.01
33,2,8,474,1992,0.01
33,2,8,474,1993,0.01
33,2,8,474,1994,0.01
33,2,8,474,1995,0.01
33,2,8,474,1996,0.01
33,2,8,474,1997,0.01
33,2,8,474,1998,0.01
33,2,8,474,1999,0.01
33,2,8,474,2000,0.01
33,2,8,474,2001,0.01
33,2,8,474,2002,0.02
33,2,8,474,2003,0.02
33,2,8,474,2004,0.01
33,2,8,474,2005,0.01
33,2,8,474,2006,0.02
33,2,8,474,2007,0.02
33,2,8,474,2008,0.02
33,2,8,474,2009,0.02
33,2,8,474,2010,0.01
33,2,8,474,2011,0.01
33,2,8,474,2012,0.01
33,2,8,474,2013,0.01
33,2,8,474,2014,0.01
33,2,8,474,2015,0.01
33,2,8,474,2016,0.01
33,2,8,474,2017,0.01
33,2,9,474,1990,0.01
33,2,9,474,1991,0.01
33,2,9,474,1992,0.01
33,2,9,474,1993,0.01
33,2,9,474,1994,0.01
33,2,9,474,1995,0.01
33,2,9,474,1996,0.01
33,2,9,474,1997,0.01
33,2,9,474,1998,0.01
33,2,9,474,1999,0.01
33,2,9,474,2000,0.01
33,2,9,474,2001,0.01
33,2,9,474,2002,0.01
33,2,9,474,2003,0.01
33,2,9,474,2004,0.02
33,2,9,474,2005,0.02
33,2,9,474,2006,0.02
33,2,9,474,2007,0.02
33,2,9,474,2008,0.01
33,2,9,474,2009,0.02
33,2,9,474,2010,0.02
33,2,9,474,2011,0.02
33,2,9,474,2012,0.02
33,2,9,474,2013,0.02
33,2,9,474,2014,0.01
33,2,9,474,2015,0.01
33,2,9,474,2016,0.01
33,2,9,474,2017,0.01
33,2,10,474,1990,0.02
33,2,10,474,1991,0.02
33,2,10,474,1992,0.02
33,2,10,474,1993,0.01
33,2,10,474,1994,0.01
33,2,10,474,1995,0.01
33,2,10,474,1996,0.01
33,2,10,474,1997,0.01
33,2,10,474,1998,0.01
33,2,10,474,1999,0.01
33,2,10,474,2000,0.01
33,2,10,474,2001,0.01
33,2,10,474,2002,0.01
33,2,10,474,2003,0.01
33,2,10,474,2004,0.01
33,2,10,474,2005,0.01
33,2,10,474,2006,0.01
33,2,10,474,2007,0.01
33,2,10,474,2008,0.01
33,2,10,474,2009,0.01
33,2,10,474,2010,0.01
33,2,10,474,2011,0.01
33,2,10,474,2012,0.01
33,2,10,474,2013,0.01
33,2,10,474,2014,0.01
33,2,10,474,2015,0.01
33,2,10,474,2016,0.01
33,2,10,474,2017,0.01
33,2,11,474,1990,0.19
33,2,11,474,1991,0.2
33,2,11,474,1992,0.21
33,2,11,474,1993,0.19
33,2,11,474,1994,0.19
33,2,11,474,1995,0.18
33,2,11,474,1996,0.17
33,2,11,474,1997,0.15
33,2,11,474,1998,0.14
33,2,11,474,1999,0.13
33,2,11,474,2000,0.12
33,2,11,474,2001,0.12
33,2,11,474,2002,0.11
33,2,11,474,2003,0.1
33,2,11,474,2004,0.1
33,2,11,474,2005,0.1
33,2,11,474,2006,0.1
33,2,11,474,2007,0.09
33,2,11,474,2008,0.09
33,2,11,474,2009,0.08
33,2,11,474,2010,0.08
33,2,11,474,2011,0.09
33,2,11,474,2012,0.08
33,2,11,474,2013,0.07
33,2,11,474,2014,0.07
33,2,11,474,2015,0.08
33,2,11,474,2016,0.08
33,2,11,474,2017,0.09
33,2,12,474,1990,0.28
33,2,12,474,1991,0.29
33,2,12,474,1992,0.32
33,2,12,474,1993,0.32
33,2,12,474,1994,0.31
33,2,12,474,1995,0.32
33,2,12,474,1996,0.34
33,2,12,474,1997,0.33
33,2,12,474,1998,0.32
33,2,12,474,1999,0.29
33,2,12,474,2000,0.28
33,2,12,474,2001,0.26
33,2,12,474,2002,0.24
33,2,12,474,2003,0.22
33,2,12,474,2004,0.21
33,2,12,474,2005,0.2
33,2,12,474,2006,0.18
33,2,12,474,2007,0.17
33,2,12,474,2008,0.18
33,2,12,474,2009,0.17
33,2,12,474,2010,0.16
33,2,12,474,2011,0.15
33,2,12,474,2012,0.13
33,2,12,474,2013,0.12
33,2,12,474,2014,0.14
33,2,12,474,2015,0.16
33,2,12,474,2016,0.16
33,2,12,474,2017,0.16
33,2,13,474,1990,0.13
33,2,13,474,1991,0.14
33,2,13,474,1992,0.15
33,2,13,474,1993,0.16
33,2,13,474,1994,0.15
33,2,13,474,1995,0.17
33,2,13,474,1996,0.18
33,2,13,474,1997,0.18
33,2,13,474,1998,0.19
33,2,13,474,1999,0.18
33,2,13,474,2000,0.19
33,2,13,474,2001,0.2
33,2,13,474,2002,0.19
33,2,13,474,2003,0.19
33,2,13,474,2004,0.18
33,2,13,474,2005,0.17
33,2,13,474,2006,0.17
33,2,13,474,2007,0.14
33,2,13,474,2008,0.13
33,2,13,474,2009,0.12
33,2,13,474,2010,0.11
33,2,13,474,2011,0.11
33,2,13,474,2012,0.11
33,2,13,474,2013,0.1
33,2,13,474,2014,0.1
33,2,13,474,2015,0.1
33,2,13,474,2016,0.1
33,2,13,474,2017,0.1
33,2,14,474,1990,0.39
33,2,14,474,1991,0.36
33,2,14,474,1992,0.38
33,2,14,474,1993,0.42
33,2,14,474,1994,0.47
33,2,14,474,1995,0.53
33,2,14,474,1996,0.58
33,2,14,474,1997,0.6
33,2,14,474,1998,0.63
33,2,14,474,1999,0.64
33,2,14,474,2000,0.64
33,2,14,474,2001,0.65
33,2,14,474,2002,0.68
33,2,14,474,2003,0.71
33,2,14,474,2004,0.74
33,2,14,474,2005,0.77
33,2,14,474,2006,0.78
33,2,14,474,2007,0.74
33,2,14,474,2008,0.72
33,2,14,474,2009,0.72
33,2,14,474,2010,0.68
33,2,14,474,2011,0.63
33,2,14,474,2012,0.55
33,2,14,474,2013,0.54
33,2,14,474,2014,0.53
33,2,14,474,2015,0.54
33,2,14,474,2016,0.49
33,2,14,474,2017,0.47
33,2,15,474,1990,0.71
33,2,15,474,1991,0.68
33,2,15,474,1992,0.65
33,2,15,474,1993,0.54
33,2,15,474,1994,0.42
33,2,15,474,1995,0.36
33,2,15,474,1996,0.34
33,2,15,474,1997,0.35
33,2,15,474,1998,0.38
33,2,15,474,1999,0.42
33,2,15,474,2000,0.47
33,2,15,474,2001,0.5
33,2,15,474,2002,0.53
33,2,15,474,2003,0.56
33,2,15,474,2004,0.58
33,2,15,474,2005,0.6
33,2,15,474,2006,0.62
33,2,15,474,2007,0.6
33,2,15,474,2008,0.63
33,2,15,474,2009,0.66
33,2,15,474,2010,0.65
33,2,15,474,2011,0.64
33,2,15,474,2012,0.61
33,2,15,474,2013,0.62
33,2,15,474,2014,0.61
33,2,15,474,2015,0.59
33,2,15,474,2016,0.54
33,2,15,474,2017,0.5
33,2,16,474,1990,1.14
33,2,16,474,1991,1.16
33,2,16,474,1992,1.2
33,2,16,474,1993,1.26
33,2,16,474,1994,1.34
33,2,16,474,1995,1.38
33,2,16,474,1996,1.36
33,2,16,474,1997,1.22
33,2,16,474,1998,1.03
33,2,16,474,1999,0.82
33,2,16,474,2000,0.62
33,2,16,474,2001,0.56
33,2,16,474,2002,0.56
33,2,16,474,2003,0.63
33,2,16,474,2004,0.72
33,2,16,474,2005,0.82
33,2,16,474,2006,0.9
33,2,16,474,2007,0.94
33,2,16,474,2008,1.02
33,2,16,474,2009,1.07
33,2,16,474,2010,1.03
33,2,16,474,2011,1.03
33,2,16,474,2012,1.03
33,2,16,474,2013,1.11
33,2,16,474,2014,1.14
33,2,16,474,2015,1.25
33,2,16,474,2016,1.27
33,2,16,474,2017,1.26
33,2,17,474,1990,2.33
33,2,17,474,1991,2.32
33,2,17,474,1992,2.4
33,2,17,474,1993,2.32
33,2,17,474,1994,2.13
33,2,17,474,1995,2.09
33,2,17,474,1996,2.15
33,2,17,474,1997,2.16
33,2,17,474,1998,2.23
33,2,17,474,1999,2.28
33,2,17,474,2000,2.26
33,2,17,474,2001,2.16
33,2,17,474,2002,1.96
33,2,17,474,2003,1.64
33,2,17,474,2004,1.37
33,2,17,474,2005,1.09
33,2,17,474,2006,1.02
33,2,17,474,2007,0.98
33,2,17,474,2008,1.1
33,2,17,474,2009,1.25
33,2,17,474,2010,1.29
33,2,17,474,2011,1.34
33,2,17,474,2012,1.36
33,2,17,474,2013,1.44
33,2,17,474,2014,1.55
33,2,17,474,2015,1.63
33,2,17,474,2016,1.59
33,2,17,474,2017,1.69
33,2,18,474,1990,2.44
33,2,18,474,1991,2.86
33,2,18,474,1992,3.34
33,2,18,474,1993,3.74
33,2,18,474,1994,3.99
33,2,18,474,1995,4.3
33,2,18,474,1996,4.34
33,2,18,474,1997,4.29
33,2,18,474,1998,4.16
33,2,18,474,1999,3.86
33,2,18,474,2000,3.51
33,2,18,474,2001,3.4
33,2,18,474,2002,3.42
33,2,18,474,2003,3.55
33,2,18,474,2004,3.72
33,2,18,474,2005,3.8
33,2,18,474,2006,3.74
33,2,18,474,2007,3.14
33,2,18,474,2008,2.66
33,2,18,474,2009,2.1
33,2,18,474,2010,1.64
33,2,18,474,2011,1.44
33,2,18,474,2012,1.43
33,2,18,474,2013,1.67
33,2,18,474,2014,1.92
33,2,18,474,2015,2.13
33,2,18,474,2016,2.12
33,2,18,474,2017,2.32
33,2,19,474,1990,2.73
33,2,19,474,1991,2.67
33,2,19,474,1992,2.88
33,2,19,474,1993,3.08
33,2,19,474,1994,3.64
33,2,19,474,1995,4.18
33,2,19,474,1996,4.99
33,2,19,474,1997,5.7
33,2,19,474,1998,6.42
33,2,19,474,1999,6.76
33,2,19,474,2000,7
33,2,19,474,2001,6.79
33,2,19,474,2002,6.8
33,2,19,474,2003,6.5
33,2,19,474,2004,5.91
33,2,19,474,2005,5.75
33,2,19,474,2006,6.09
33,2,19,474,2007,5.74
33,2,19,474,2008,5.83
33,2,19,474,2009,6.12
33,2,19,474,2010,6.04
33,2,19,474,2011,5.8
33,2,19,474,2012,5.13
33,2,19,474,2013,4.59
33,2,19,474,2014,3.73
33,2,19,474,2015,3
33,2,19,474,2016,2.77
33,2,19,474,2017,2.96
33,2,20,474,1990,3.92
33,2,20,474,1991,3.89
33,2,20,474,1992,3.75
33,2,20,474,1993,3.68
33,2,20,474,1994,3.29
33,2,20,474,1995,3.23
33,2,20,474,1996,3.23
33,2,20,474,1997,3.44
33,2,20,474,1998,3.67
33,2,20,474,1999,4.28
33,2,20,474,2000,4.67
33,2,20,474,2001,5.34
33,2,20,474,2002,6.2
33,2,20,474,2003,6.96
33,2,20,474,2004,7.27
33,2,20,474,2005,7.66
33,2,20,474,2006,7.85
33,2,20,474,2007,7.09
33,2,20,474,2008,6.57
33,2,20,474,2009,6.48
33,2,20,474,2010,6.04
33,2,20,474,2011,5.8
33,2,20,474,2012,5.88
33,2,20,474,2013,6.58
33,2,20,474,2014,7.36
33,2,20,474,2015,7.84
33,2,20,474,2016,7.65
33,2,20,474,2017,6.91
33,2,22,474,1990,19.25
33,2,22,474,1991,19.7
33,2,22,474,1992,20.58
33,2,22,474,1993,21.13
33,2,22,474,1994,21.55
33,2,22,474,1995,22.46
33,2,22,474,1996,23.3
33,2,22,474,1997,23.68
33,2,22,474,1998,24.46
33,2,22,474,1999,24.77
33,2,22,474,2000,24.54
33,2,22,474,2001,24.59
33,2,22,474,2002,25.58
33,2,22,474,2003,26.11
33,2,22,474,2004,26.09
33,2,22,474,2005,26.65
33,2,22,474,2006,27.92
33,2,22,474,2007,26.3
33,2,22,474,2008,26.28
33,2,22,474,2009,26.33
33,2,22,474,2010,25.52
33,2,22,474,2011,24.99
33,2,22,474,2012,24.37
33,2,22,474,2013,25.44
33,2,22,474,2014,26.08
33,2,22,474,2015,26.86
33,2,22,474,2016,26.58
33,2,22,474,2017,26.63
33,2,30,474,1990,3.07
33,2,30,474,1991,3.16
33,2,30,474,1992,3.26
33,2,30,474,1993,3.25
33,2,30,474,1994,3.4
33,2,30,474,1995,3.55
33,2,30,474,1996,3.45
33,2,30,474,1997,3.11
33,2,30,474,1998,3.11
33,2,30,474,1999,2.86
33,2,30,474,2000,2.57
33,2,30,474,2001,2.45
33,2,30,474,2002,2.77
33,2,30,474,2003,2.97
33,2,30,474,2004,3.44
33,2,30,474,2005,3.88
33,2,30,474,2006,4.54
33,2,30,474,2007,4.75
33,2,30,474,2008,5.3
33,2,30,474,2009,5.35
33,2,30,474,2010,5.47
33,2,30,474,2011,5.36
33,2,30,474,2012,5.18
33,2,30,474,2013,5.23
33,2,30,474,2014,5.14
33,2,30,474,2015,5.29
33,2,30,474,2016,5.51
33,2,30,474,2017,5.72
33,2,31,474,1990,1.31
33,2,31,474,1991,1.34
33,2,31,474,1992,1.37
33,2,31,474,1993,1.43
33,2,31,474,1994,1.45
33,2,31,474,1995,1.41
33,2,31,474,1996,1.41
33,2,31,474,1997,1.42
33,2,31,474,1998,1.48
33,2,31,474,1999,1.55
33,2,31,474,2000,1.54
33,2,31,474,2001,1.52
33,2,31,474,2002,1.47
33,2,31,474,2003,1.4
33,2,31,474,2004,1.16
33,2,31,474,2005,1.11
33,2,31,474,2006,1.15
33,2,31,474,2007,1.18
33,2,31,474,2008,1.27
33,2,31,474,2009,1.48
33,2,31,474,2010,1.61
33,2,31,474,2011,1.91
33,2,31,474,2012,2.18
33,2,31,474,2013,2.57
33,2,31,474,2014,2.86
33,2,31,474,2015,3.16
33,2,31,474,2016,3.08
33,2,31,474,2017,3.09
33,2,32,474,1990,0.42
33,2,32,474,1991,0.46
33,2,32,474,1992,0.51
33,2,32,474,1993,0.57
33,2,32,474,1994,0.62
33,2,32,474,1995,0.61
33,2,32,474,1996,0.6
33,2,32,474,1997,0.58
33,2,32,474,1998,0.57
33,2,32,474,1999,0.56
33,2,32,474,2000,0.53
33,2,32,474,2001,0.51
33,2,32,474,2002,0.53
33,2,32,474,2003,0.56
33,2,32,474,2004,0.58
33,2,32,474,2005,0.6
33,2,32,474,2006,0.65
33,2,32,474,2007,0.6
33,2,32,474,2008,0.61
33,2,32,474,2009,0.57
33,2,32,474,2010,0.53
33,2,32,474,2011,0.52
33,2,32,474,2012,0.54
33,2,32,474,2013,0.61
33,2,32,474,2014,0.76
33,2,32,474,2015,0.91
33,2,32,474,2016,1.05
33,2,32,474,2017,1.18
33,2,235,474,1990,0.14
33,2,235,474,1991,0.13
33,2,235,474,1992,0.13
33,2,235,474,1993,0.12
33,2,235,474,1994,0.12
33,2,235,474,1995,0.11
33,2,235,474,1996,0.11
33,2,235,474,1997,0.1
33,2,235,474,1998,0.1
33,2,235,474,1999,0.1
33,2,235,474,2000,0.09
33,2,235,474,2001,0.08
33,2,235,474,2002,0.07
33,2,235,474,2003,0.07
33,2,235,474,2004,0.07
33,2,235,474,2005,0.07
33,2,235,474,2006,0.08
33,2,235,474,2007,0.09
33,2,235,474,2008,0.11
33,2,235,474,2009,0.13
33,2,235,474,2010,0.14
33,2,235,474,2011,0.14
33,2,235,474,2012,0.13
33,2,235,474,2013,0.14
33,2,235,474,2014,0.14
33,2,235,474,2015,0.15
33,2,235,474,2016,0.14
33,2,235,474,2017,0.15
34,2,8,474,1990,0.15
34,2,8,474,1991,0.14
34,2,8,474,1992,0.13
34,2,8,474,1993,0.13
34,2,8,474,1994,0.14
34,2,8,474,1995,0.14
34,2,8,474,1996,0.15
34,2,8,474,1997,0.16
34,2,8,474,1998,0.17
34,2,8,474,1999,0.19
34,2,8,474,2000,0.2
34,2,8,474,2001,0.21
34,2,8,474,2002,0.22
34,2,8,474,2003,0.24
34,2,8,474,2004,0.26
34,2,8,474,2005,0.27
34,2,8,474,2006,0.25
34,2,8,474,2007,0.25
34,2,8,474,2008,0.24
34,2,8,474,2009,0.23
34,2,8,474,2010,0.22
34,2,8,474,2011,0.2
34,2,8,474,2012,0.19
34,2,8,474,2013,0.18
34,2,8,474,2014,0.17
34,2,8,474,2015,0.16
34,2,8,474,2016,0.16
34,2,8,474,2017,0.15
34,2,9,474,1990,0.17
34,2,9,474,1991,0.17
34,2,9,474,1992,0.17
34,2,9,474,1993,0.17
34,2,9,474,1994,0.17
34,2,9,474,1995,0.17
34,2,9,474,1996,0.17
34,2,9,474,1997,0.17
34,2,9,474,1998,0.17
34,2,9,474,1999,0.17
34,2,9,474,2000,0.17
34,2,9,474,2001,0.17
34,2,9,474,2002,0.17
34,2,9,474,2003,0.18
34,2,9,474,2004,0.19
34,2,9,474,2005,0.2
34,2,9,474,2006,0.2
34,2,9,474,2007,0.21
34,2,9,474,2008,0.21
34,2,9,474,2009,0.22
34,2,9,474,2010,0.22
34,2,9,474,2011,0.22
34,2,9,474,2012,0.21
34,2,9,474,2013,0.2
34,2,9,474,2014,0.2
34,2,9,474,2015,0.19
34,2,9,474,2016,0.18
34,2,9,474,2017,0.17
34,2,10,474,1990,0.08
34,2,10,474,1991,0.08
34,2,10,474,1992,0.08
34,2,10,474,1993,0.08
34,2,10,474,1994,0.08
34,2,10,474,1995,0.08
34,2,10,474,1996,0.08
34,2,10,474,1997,0.07
34,2,10,474,1998,0.07
34,2,10,474,1999,0.07
34,2,10,474,2000,0.06
34,2,10,474,2001,0.06
34,2,10,474,2002,0.06
34,2,10,474,2003,0.06
34,2,10,474,2004,0.07
34,2,10,474,2005,0.07
34,2,10,474,2006,0.07
34,2,10,474,2007,0.07
34,2,10,474,2008,0.08
34,2,10,474,2009,0.08
34,2,10,474,2010,0.08
34,2,10,474,2011,0.09
34,2,10,474,2012,0.09
34,2,10,474,2013,0.09
34,2,10,474,2014,0.09
34,2,10,474,2015,0.09
34,2,10,474,2016,0.1
34,2,10,474,2017,0.1
34,2,11,474,1990,0.4
34,2,11,474,1991,0.43
34,2,11,474,1992,0.46
34,2,11,474,1993,0.5
34,2,11,474,1994,0.54
34,2,11,474,1995,0.53
34,2,11,474,1996,0.51
34,2,11,474,1997,0.51
34,2,11,474,1998,0.49
34,2,11,474,1999,0.47
34,2,11,474,2000,0.46
34,2,11,474,2001,0.46
34,2,11,474,2002,0.41
34,2,11,474,2003,0.42
34,2,11,474,2004,0.42
34,2,11,474,2005,0.42
34,2,11,474,2006,0.41
34,2,11,474,2007,0.42
34,2,11,474,2008,0.42
34,2,11,474,2009,0.42
34,2,11,474,2010,0.43
34,2,11,474,2011,0.43
34,2,11,474,2012,0.43
34,2,11,474,2013,0.44
34,2,11,474,2014,0.45
34,2,11,474,2015,0.47
34,2,11,474,2016,0.48
34,2,11,474,2017,0.5
34,2,12,474,1990,0.41
34,2,12,474,1991,0.46
34,2,12,474,1992,0.52
34,2,12,474,1993,0.57
34,2,12,474,1994,0.63
34,2,12,474,1995,0.65
34,2,12,474,1996,0.67
34,2,12,474,1997,0.67
34,2,12,474,1998,0.67
34,2,12,474,1999,0.68
34,2,12,474,2000,0.67
34,2,12,474,2001,0.66
34,2,12,474,2002,0.61
34,2,12,474,2003,0.63
34,2,12,474,2004,0.64
34,2,12,474,2005,0.64
34,2,12,474,2006,0.64
34,2,12,474,2007,0.65
34,2,12,474,2008,0.64
34,2,12,474,2009,0.62
34,2,12,474,2010,0.61
34,2,12,474,2011,0.6
34,2,12,474,2012,0.59
34,2,12,474,2013,0.57
34,2,12,474,2014,0.57
34,2,12,474,2015,0.58
34,2,12,474,2016,0.59
34,2,12,474,2017,0.6
34,2,13,474,1990,0.34
34,2,13,474,1991,0.4
34,2,13,474,1992,0.46
34,2,13,474,1993,0.51
34,2,13,474,1994,0.55
34,2,13,474,1995,0.58
34,2,13,474,1996,0.59
34,2,13,474,1997,0.61
34,2,13,474,1998,0.63
34,2,13,474,1999,0.68
34,2,13,474,2000,0.72
34,2,13,474,2001,0.77
34,2,13,474,2002,0.76
34,2,13,474,2003,0.82
34,2,13,474,2004,0.85
34,2,13,474,2005,0.89
34,2,13,474,2006,0.9
34,2,13,474,2007,0.9
34,2,13,474,2008,0.89
34,2,13,474,2009,0.88
34,2,13,474,2010,0.86
34,2,13,474,2011,0.84
34,2,13,474,2012,0.81
34,2,13,474,2013,0.77
34,2,13,474,2014,0.73
34,2,13,474,2015,0.72
34,2,13,474,2016,0.7
34,2,13,474,2017,0.71
34,2,14,474,1990,0.74
34,2,14,474,1991,0.66
34,2,14,474,1992,0.68
34,2,14,474,1993,0.71
34,2,14,474,1994,0.81
34,2,14,474,1995,0.88
34,2,14,474,1996,0.98
34,2,14,474,1997,1.02
34,2,14,474,1998,1.07
34,2,14,474,1999,1.11
34,2,14,474,2000,1.18
34,2,14,474,2001,1.25
34,2,14,474,2002,1.27
34,2,14,474,2003,1.41
34,2,14,474,2004,1.54
34,2,14,474,2005,1.65
34,2,14,474,2006,1.74
34,2,14,474,2007,1.82
34,2,14,474,2008,1.93
34,2,14,474,2009,1.98
34,2,14,474,2010,2.01
34,2,14,474,2011,1.98
34,2,14,474,2012,1.95
34,2,14,474,2013,1.85
34,2,14,474,2014,1.81
34,2,14,474,2015,1.77
34,2,14,474,2016,1.73
34,2,14,474,2017,1.68
34,2,15,474,1990,1.83
34,2,15,474,1991,1.83
34,2,15,474,1992,1.76
34,2,15,474,1993,1.62
34,2,15,474,1994,1.39
34,2,15,474,1995,1.18
34,2,15,474,1996,1
34,2,15,474,1997,0.96
34,2,15,474,1998,0.99
34,2,15,474,1999,1.11
34,2,15,474,2000,1.22
34,2,15,474,2001,1.42
34,2,15,474,2002,1.52
34,2,15,474,2003,1.71
34,2,15,474,2004,1.8
34,2,15,474,2005,2.02
34,2,15,474,2006,2.2
34,2,15,474,2007,2.36
34,2,15,474,2008,2.53
34,2,15,474,2009,2.77
34,2,15,474,2010,2.95
34,2,15,474,2011,3.12
34,2,15,474,2012,3.2
34,2,15,474,2013,3.2
34,2,15,474,2014,3.21
34,2,15,474,2015,3.22
34,2,15,474,2016,3.19
34,2,15,474,2017,3.15
34,2,16,474,1990,1.65
34,2,16,474,1991,1.67
34,2,16,474,1992,1.85
34,2,16,474,1993,1.91
34,2,16,474,1994,2.02
34,2,16,474,1995,1.96
34,2,16,474,1996,1.85
34,2,16,474,1997,1.65
34,2,16,474,1998,1.45
34,2,16,474,1999,1.18
34,2,16,474,2000,0.99
34,2,16,474,2001,0.87
34,2,16,474,2002,0.8
34,2,16,474,2003,0.85
34,2,16,474,2004,1
34,2,16,474,2005,1.15
34,2,16,474,2006,1.31
34,2,16,474,2007,1.43
34,2,16,474,2008,1.57
34,2,16,474,2009,1.68
34,2,16,474,2010,1.84
34,2,16,474,2011,1.96
34,2,16,474,2012,2.12
34,2,16,474,2013,2.22
34,2,16,474,2014,2.42
34,2,16,474,2015,2.61
34,2,16,474,2016,2.79
34,2,16,474,2017,2.92
34,2,17,474,1990,2.75
34,2,17,474,1991,2.98
34,2,17,474,1992,3.03
34,2,17,474,1993,3.23
34,2,17,474,1994,3.25
34,2,17,474,1995,3.33
34,2,17,474,1996,3.4
34,2,17,474,1997,3.63
34,2,17,474,1998,3.6
34,2,17,474,1999,3.69
34,2,17,474,2000,3.6
34,2,17,474,2001,3.49
34,2,17,474,2002,3
34,2,17,474,2003,2.73
34,2,17,474,2004,2.31
34,2,17,474,2005,2
34,2,17,474,2006,1.71
34,2,17,474,2007,1.66
34,2,17,474,2008,1.79
34,2,17,474,2009,2.11
34,2,17,474,2010,2.38
34,2,17,474,2011,2.72
34,2,17,474,2012,2.93
34,2,17,474,2013,3.06
34,2,17,474,2014,3.21
34,2,17,474,2015,3.47
34,2,17,474,2016,3.72
34,2,17,474,2017,4.07
34,2,18,474,1990,2.38
34,2,18,474,1991,2.54
34,2,18,474,1992,2.91
34,2,18,474,1993,3.14
34,2,18,474,1994,3.48
34,2,18,474,1995,3.51
34,2,18,474,1996,3.91
34,2,18,474,1997,3.85
34,2,18,474,1998,3.9
34,2,18,474,1999,3.74
34,2,18,474,2000,3.79
34,2,18,474,2001,3.85
34,2,18,474,2002,3.93
34,2,18,474,2003,4.11
34,2,18,474,2004,4.29
34,2,18,474,2005,4.32
34,2,18,474,2006,4.1
34,2,18,474,2007,3.66
34,2,18,474,2008,3.33
34,2,18,474,2009,2.79
34,2,18,474,2010,2.41
34,2,18,474,2011,2.07
34,2,18,474,2012,2.01
34,2,18,474,2013,2.08
34,2,18,474,2014,2.45
34,2,18,474,2015,2.82
34,2,18,474,2016,3.28
34,2,18,474,2017,3.63
34,2,19,474,1990,2.65
34,2,19,474,1991,2.8
34,2,19,474,1992,2.88
34,2,19,474,1993,3.05
34,2,19,474,1994,3.2
34,2,19,474,1995,3.47
34,2,19,474,1996,3.6
34,2,19,474,1997,3.83
34,2,19,474,1998,3.91
34,2,19,474,1999,4.02
34,2,19,474,2000,3.94
34,2,19,474,2001,4.25
34,2,19,474,2002,4.15
34,2,19,474,2003,4.55
34,2,19,474,2004,4.4
34,2,19,474,2005,4.64
34,2,19,474,2006,4.69
34,2,19,474,2007,4.95
34,2,19,474,2008,5.09
34,2,19,474,2009,5.36
34,2,19,474,2010,5.32
34,2,19,474,2011,5.18
34,2,19,474,2012,4.71
34,2,19,474,2013,4.13
34,2,19,474,2014,3.43
34,2,19,474,2015,2.96
34,2,19,474,2016,2.59
34,2,19,474,2017,2.61
34,2,20,474,1990,3.8
34,2,20,474,1991,3.74
34,2,20,474,1992,3.67
34,2,20,474,1993,3.53
34,2,20,474,1994,3.54
34,2,20,474,1995,3.22
34,2,20,474,1996,3.38
34,2,20,474,1997,3.2
34,2,20,474,1998,3.22
34,2,20,474,1999,3.2
34,2,20,474,2000,3.35
34,2,20,474,2001,3.43
34,2,20,474,2002,3.71
34,2,20,474,2003,4
34,2,20,474,2004,4.15
34,2,20,474,2005,4.24
34,2,20,474,2006,4.55
34,2,20,474,2007,4.36
34,2,20,474,2008,4.57
34,2,20,474,2009,4.51
34,2,20,474,2010,4.65
34,2,20,474,2011,4.76
34,2,20,474,2012,5.19
34,2,20,474,2013,5.28
34,2,20,474,2014,5.64
34,2,20,474,2015,5.78
34,2,20,474,2016,5.87
34,2,20,474,2017,5.5
34,2,22,474,1990,25.67
34,2,22,474,1991,26.75
34,2,22,474,1992,28.21
34,2,22,474,1993,28.95
34,2,22,474,1994,29.51
34,2,22,474,1995,29.12
34,2,22,474,1996,29.45
34,2,22,474,1997,29.16
34,2,22,474,1998,28.7
34,2,22,474,1999,27.66
34,2,22,474,2000,27.01
34,2,22,474,2001,27.36
34,2,22,474,2002,26.82
34,2,22,474,2003,27.77
34,2,22,474,2004,27.48
34,2,22,474,2005,28.14
34,2,22,474,2006,28.5
34,2,22,474,2007,28.25
34,2,22,474,2008,28.9
34,2,22,474,2009,29.55
34,2,22,474,2010,29.94
34,2,22,474,2011,30.34
34,2,22,474,2012,30.63
34,2,22,474,2013,30.79
34,2,22,474,2014,31.38
34,2,22,474,2015,32.33
34,2,22,474,2016,33.74
34,2,22,474,2017,34.9
34,2,30,474,1990,3.41
34,2,30,474,1991,3.63
34,2,30,474,1992,3.88
34,2,30,474,1993,3.88
34,2,30,474,1994,3.73
34,2,30,474,1995,3.47
34,2,30,474,1996,3.34
34,2,30,474,1997,3.03
34,2,30,474,1998,2.78
34,2,30,474,1999,2.61
34,2,30,474,2000,2.33
34,2,30,474,2001,2.44
34,2,30,474,2002,2.39
34,2,30,474,2003,2.5
34,2,30,474,2004,2.42
34,2,30,474,2005,2.66
34,2,30,474,2006,2.73
34,2,30,474,2007,2.76
34,2,30,474,2008,2.88
34,2,30,474,2009,3.14
34,2,30,474,2010,3.2
34,2,30,474,2011,3.47
34,2,30,474,2012,3.44
34,2,30,474,2013,3.72
34,2,30,474,2014,3.75
34,2,30,474,2015,4.02
34,2,30,474,2016,4.38
34,2,30,474,2017,4.94
34,2,31,474,1990,2.94
34,2,31,474,1991,3.01
34,2,31,474,1992,3.17
34,2,31,474,1993,3.13
34,2,31,474,1994,3.1
34,2,31,474,1995,3.09
34,2,31,474,1996,3.07
34,2,31,474,1997,3.09
34,2,31,474,1998,2.95
34,2,31,474,1999,2.42
34,2,31,474,2000,2.16
34,2,31,474,2001,2.03
34,2,31,474,2002,1.88
34,2,31,474,2003,1.73
34,2,31,474,2004,1.57
34,2,31,474,2005,1.5
34,2,31,474,2006,1.57
34,2,31,474,2007,1.44
34,2,31,474,2008,1.5
34,2,31,474,2009,1.57
34,2,31,474,2010,1.69
34,2,31,474,2011,1.68
34,2,31,474,2012,1.8
34,2,31,474,2013,1.98
34,2,31,474,2014,2.21
34,2,31,474,2015,2.34
34,2,31,474,2016,2.74
34,2,31,474,2017,2.81
34,2,32,474,1990,1.42
34,2,32,474,1991,1.65
34,2,32,474,1992,1.98
34,2,32,474,1993,2.17
34,2,32,474,1994,2.3
34,2,32,474,1995,2.27
34,2,32,474,1996,2.14
34,2,32,474,1997,2.07
34,2,32,474,1998,1.96
34,2,32,474,1999,1.7
34,2,32,474,2000,1.58
34,2,32,474,2001,1.49
34,2,32,474,2002,1.44
34,2,32,474,2003,1.37
34,2,32,474,2004,1.16
34,2,32,474,2005,1.08
34,2,32,474,2006,1.02
34,2,32,474,2007,0.92
34,2,32,474,2008,0.87
34,2,32,474,2009,0.86
34,2,32,474,2010,0.78
34,2,32,474,2011,0.78
34,2,32,474,2012,0.72
34,2,32,474,2013,0.79
34,2,32,474,2014,0.84
34,2,32,474,2015,0.92
34,2,32,474,2016,1.01
34,2,32,474,2017,1.12
34,2,235,474,1990,0.53
34,2,235,474,1991,0.55
34,2,235,474,1992,0.59
34,2,235,474,1993,0.59
34,2,235,474,1994,0.6
34,2,235,474,1995,0.6
34,2,235,474,1996,0.61
34,2,235,474,1997,0.65
34,2,235,474,1998,0.67
34,2,235,474,1999,0.62
34,2,235,474,2000,0.56
34,2,235,474,2001,0.51
34,2,235,474,2002,0.48
34,2,235,474,2003,0.45
34,2,235,474,2004,0.4
34,2,235,474,2005,0.4
34,2,235,474,2006,0.4
34,2,235,474,2007,0.39
34,2,235,474,2008,0.37
34,2,235,474,2009,0.33
34,2,235,474,2010,0.3
34,2,235,474,2011,0.26
34,2,235,474,2012,0.23
34,2,235,474,2013,0.23
34,2,235,474,2014,0.22
34,2,235,474,2015,0.2
34,2,235,474,2016,0.23
34,2,235,474,2017,0.21
35,2,8,474,1990,0.02
35,2,8,474,1991,0.02
35,2,8,474,1992,0.02
35,2,8,474,1993,0.02
35,2,8,474,1994,0.02
35,2,8,474,1995,0.02
35,2,8,474,1996,0.02
35,2,8,474,1997,0.02
35,2,8,474,1998,0.02
35,2,8,474,1999,0.02
35,2,8,474,2000,0.02
35,2,8,474,2001,0.02
35,2,8,474,2002,0.02
35,2,8,474,2003,0.02
35,2,8,474,2004,0.02
35,2,8,474,2005,0.03
35,2,8,474,2006,0.02
35,2,8,474,2007,0.02
35,2,8,474,2008,0.01
35,2,8,474,2009,0.01
35,2,8,474,2010,0.02
35,2,8,474,2011,0.02
35,2,8,474,2012,0.01
35,2,8,474,2013,0.01
35,2,8,474,2014,0.01
35,2,8,474,2015,0.01
35,2,8,474,2016,0.01
35,2,8,474,2017,0.01
35,2,9,474,1990,0.06
35,2,9,474,1991,0.06
35,2,9,474,1992,0.06
35,2,9,474,1993,0.06
35,2,9,474,1994,0.06
35,2,9,474,1995,0.06
35,2,9,474,1996,0.06
35,2,9,474,1997,0.05
35,2,9,474,1998,0.05
35,2,9,474,1999,0.05
35,2,9,474,2000,0.05
35,2,9,474,2001,0.05
35,2,9,474,2002,0.06
35,2,9,474,2003,0.06
35,2,9,474,2004,0.06
35,2,9,474,2005,0.06
35,2,9,474,2006,0.05
35,2,9,474,2007,0.04
35,2,9,474,2008,0.05
35,2,9,474,2009,0.05
35,2,9,474,2010,0.07
35,2,9,474,2011,0.07
35,2,9,474,2012,0.06
35,2,9,474,2013,0.06
35,2,9,474,2014,0.06
35,2,9,474,2015,0.06
35,2,9,474,2016,0.05
35,2,9,474,2017,0.05
35,2,10,474,1990,0.03
35,2,10,474,1991,0.03
35,2,10,474,1992,0.03
35,2,10,474,1993,0.03
35,2,10,474,1994,0.03
35,2,10,474,1995,0.02
35,2,10,474,1996,0.02
35,2,10,474,1997,0.02
35,2,10,474,1998,0.02
35,2,10,474,1999,0.02
35,2,10,474,2000,0.02
35,2,10,474,2001,0.02
35,2,10,474,2002,0.02
35,2,10,474,2003,0.02
35,2,10,474,2004,0.02
35,2,10,474,2005,0.02
35,2,10,474,2006,0.02
35,2,10,474,2007,0.02
35,2,10,474,2008,0.02
35,2,10,474,2009,0.02
35,2,10,474,2010,0.02
35,2,10,474,2011,0.02
35,2,10,474,2012,0.02
35,2,10,474,2013,0.02
35,2,10,474,2014,0.02
35,2,10,474,2015,0.02
35,2,10,474,2016,0.02
35,2,10,474,2017,0.02
35,2,11,474,1990,0.12
35,2,11,474,1991,0.13
35,2,11,474,1992,0.13
35,2,11,474,1993,0.13
35,2,11,474,1994,0.12
35,2,11,474,1995,0.11
35,2,11,474,1996,0.09
35,2,11,474,1997,0.09
35,2,11,474,1998,0.09
35,2,11,474,1999,0.08
35,2,11,474,2000,0.08
35,2,11,474,2001,0.07
35,2,11,474,2002,0.08
35,2,11,474,2003,0.09
35,2,11,474,2004,0.09
35,2,11,474,2005,0.08
35,2,11,474,2006,0.07
35,2,11,474,2007,0.07
35,2,11,474,2008,0.08
35,2,11,474,2009,0.08
35,2,11,474,2010,0.09
35,2,11,474,2011,0.09
35,2,11,474,2012,0.09
35,2,11,474,2013,0.09
35,2,11,474,2014,0.09
35,2,11,474,2015,0.1
35,2,11,474,2016,0.1
35,2,11,474,2017,0.1
35,2,12,474,1990,0.16
35,2,12,474,1991,0.15
35,2,12,474,1992,0.15
35,2,12,474,1993,0.15
35,2,12,474,1994,0.15
35,2,12,474,1995,0.14
35,2,12,474,1996,0.13
35,2,12,474,1997,0.13
35,2,12,474,1998,0.14
35,2,12,474,1999,0.13
35,2,12,474,2000,0.13
35,2,12,474,2001,0.12
35,2,12,474,2002,0.13
35,2,12,474,2003,0.14
35,2,12,474,2004,0.14
35,2,12,474,2005,0.12
35,2,12,474,2006,0.11
35,2,12,474,2007,0.11
35,2,12,474,2008,0.12
35,2,12,474,2009,0.13
35,2,12,474,2010,0.13
35,2,12,474,2011,0.13
35,2,12,474,2012,0.14
35,2,12,474,2013,0.13
35,2,12,474,2014,0.13
35,2,12,474,2015,0.13
35,2,12,474,2016,0.13
35,2,12,474,2017,0.13
35,2,13,474,1990,0.18
35,2,13,474,1991,0.21
35,2,13,474,1992,0.21
35,2,13,474,1993,0.21
35,2,13,474,1994,0.21
35,2,13,474,1995,0.19
35,2,13,474,1996,0.17
35,2,13,474,1997,0.17
35,2,13,474,1998,0.16
35,2,13,474,1999,0.16
35,2,13,474,2000,0.16
35,2,13,474,2001,0.16
35,2,13,474,2002,0.18
35,2,13,474,2003,0.19
35,2,13,474,2004,0.18
35,2,13,474,2005,0.16
35,2,13,474,2006,0.14
35,2,13,474,2007,0.13
35,2,13,474,2008,0.13
35,2,13,474,2009,0.14
35,2,13,474,2010,0.14
35,2,13,474,2011,0.14
35,2,13,474,2012,0.13
35,2,13,474,2013,0.13
35,2,13,474,2014,0.12
35,2,13,474,2015,0.11
35,2,13,474,2016,0.11
35,2,13,474,2017,0.11
35,2,14,474,1990,0.38
35,2,14,474,1991,0.34
35,2,14,474,1992,0.31
35,2,14,474,1993,0.3
35,2,14,474,1994,0.33
35,2,14,474,1995,0.32
35,2,14,474,1996,0.32
35,2,14,474,1997,0.32
35,2,14,474,1998,0.32
35,2,14,474,1999,0.32
35,2,14,474,2000,0.32
35,2,14,474,2001,0.34
35,2,14,474,2002,0.37
35,2,14,474,2003,0.38
35,2,14,474,2004,0.37
35,2,14,474,2005,0.36
35,2,14,474,2006,0.34
35,2,14,474,2007,0.34
35,2,14,474,2008,0.38
35,2,14,474,2009,0.4
35,2,14,474,2010,0.4
35,2,14,474,2011,0.39
35,2,14,474,2012,0.38
35,2,14,474,2013,0.35
35,2,14,474,2014,0.32
35,2,14,474,2015,0.31
35,2,14,474,2016,0.32
35,2,14,474,2017,0.32
35,2,15,474,1990,1.46
35,2,15,474,1991,1.46
35,2,15,474,1992,1.38
35,2,15,474,1993,1.19
35,2,15,474,1994,1.04
35,2,15,474,1995,0.79
35,2,15,474,1996,0.63
35,2,15,474,1997,0.56
35,2,15,474,1998,0.56
35,2,15,474,1999,0.63
35,2,15,474,2000,0.69
35,2,15,474,2001,0.78
35,2,15,474,2002,0.92
35,2,15,474,2003,1.01
35,2,15,474,2004,1.04
35,2,15,474,2005,1.02
35,2,15,474,2006,0.93
35,2,15,474,2007,1
35,2,15,474,2008,1.1
35,2,15,474,2009,1.21
35,2,15,474,2010,1.23
35,2,15,474,2011,1.25
35,2,15,474,2012,1.28
35,2,15,474,2013,1.18
35,2,15,474,2014,1.08
35,2,15,474,2015,1.06
35,2,15,474,2016,1.05
35,2,15,474,2017,1.01
35,2,16,474,1990,1.53
35,2,16,474,1991,1.48
35,2,16,474,1992,1.52
35,2,16,474,1993,1.49
35,2,16,474,1994,1.52
35,2,16,474,1995,1.41
35,2,16,474,1996,1.32
35,2,16,474,1997,1.23
35,2,16,474,1998,1.07
35,2,16,474,1999,0.9
35,2,16,474,2000,0.77
35,2,16,474,2001,0.74
35,2,16,474,2002,0.78
35,2,16,474,2003,0.85
35,2,16,474,2004,0.96
35,2,16,474,2005,1.01
35,2,16,474,2006,1.01
35,2,16,474,2007,1.05
35,2,16,474,2008,1.13
35,2,16,474,2009,1.2
35,2,16,474,2010,1.24
35,2,16,474,2011,1.25
35,2,16,474,2012,1.28
35,2,16,474,2013,1.36
35,2,16,474,2014,1.48
35,2,16,474,2015,1.66
35,2,16,474,2016,1.66
35,2,16,474,2017,1.67
35,2,17,474,1990,3.27
35,2,17,474,1991,3.25
35,2,17,474,1992,3.12
35,2,17,474,1993,2.97
35,2,17,474,1994,2.8
35,2,17,474,1995,2.44
35,2,17,474,1996,2.2
35,2,17,474,1997,2.18
35,2,17,474,1998,2.17
35,2,17,474,1999,2.35
35,2,17,474,2000,2.35
35,2,17,474,2001,2.3
35,2,17,474,2002,2.53
35,2,17,474,2003,2.39
35,2,17,474,2004,2.07
35,2,17,474,2005,1.69
35,2,17,474,2006,1.33
35,2,17,474,2007,1.29
35,2,17,474,2008,1.43
35,2,17,474,2009,1.6
35,2,17,474,2010,1.82
35,2,17,474,2011,1.95
35,2,17,474,2012,1.96
35,2,17,474,2013,2.23
35,2,17,474,2014,2.47
35,2,17,474,2015,2.65
35,2,17,474,2016,2.61
35,2,17,474,2017,2.64
35,2,18,474,1990,4.1
35,2,18,474,1991,4.3
35,2,18,474,1992,4.52
35,2,18,474,1993,4.62
35,2,18,474,1994,4.85
35,2,18,474,1995,4.42
35,2,18,474,1996,4.25
35,2,18,474,1997,4.04
35,2,18,474,1998,3.95
35,2,18,474,1999,3.69
35,2,18,474,2000,3.47
35,2,18,474,2001,3.47
35,2,18,474,2002,4.14
35,2,18,474,2003,4.58
35,2,18,474,2004,4.93
35,2,18,474,2005,4.96
35,2,18,474,2006,4.58
35,2,18,474,2007,4.26
35,2,18,474,2008,3.81
35,2,18,474,2009,3.25
35,2,18,474,2010,3.05
35,2,18,474,2011,2.84
35,2,18,474,2012,2.9
35,2,18,474,2013,3.33
35,2,18,474,2014,3.9
35,2,18,474,2015,4.58
35,2,18,474,2016,4.71
35,2,18,474,2017,4.82
35,2,19,474,1990,4.79
35,2,19,474,1991,4.77
35,2,19,474,1992,4.77
35,2,19,474,1993,4.63
35,2,19,474,1994,4.72
35,2,19,474,1995,4.62
35,2,19,474,1996,4.73
35,2,19,474,1997,5.02
35,2,19,474,1998,5.48
35,2,19,474,1999,5.26
35,2,19,474,2000,5.25
35,2,19,474,2001,5.65
35,2,19,474,2002,6.39
35,2,19,474,2003,6.81
35,2,19,474,2004,6.68
35,2,19,474,2005,6.37
35,2,19,474,2006,5.5
35,2,19,474,2007,6.05
35,2,19,474,2008,6.96
35,2,19,474,2009,8.27
35,2,19,474,2010,8.59
35,2,19,474,2011,8.81
35,2,19,474,2012,8.71
35,2,19,474,2013,7.57
35,2,19,474,2014,6.07
35,2,19,474,2015,5.65
35,2,19,474,2016,4.93
35,2,19,474,2017,4.86
35,2,20,474,1990,6.61
35,2,20,474,1991,6.42
35,2,20,474,1992,6.14
35,2,20,474,1993,5.82
35,2,20,474,1994,5.87
35,2,20,474,1995,5.33
35,2,20,474,1996,5.05
35,2,20,474,1997,5.05
35,2,20,474,1998,5.12
35,2,20,474,1999,4.96
35,2,20,474,2000,4.93
35,2,20,474,2001,5.8
35,2,20,474,2002,7.23
35,2,20,474,2003,8.35
35,2,20,474,2004,9.38
35,2,20,474,2005,9.1
35,2,20,474,2006,8.93
35,2,20,474,2007,8.62
35,2,20,474,2008,9.82
35,2,20,474,2009,10.71
35,2,20,474,2010,10.33
35,2,20,474,2011,10.2
35,2,20,474,2012,10.81
35,2,20,474,2013,11.17
35,2,20,474,2014,11.99
35,2,20,474,2015,13.87
35,2,20,474,2016,13.57
35,2,20,474,2017,12.79
35,2,22,474,1990,31.04
35,2,22,474,1991,31.1
35,2,22,474,1992,30.99
35,2,22,474,1993,30.23
35,2,22,474,1994,30.5
35,2,22,474,1995,27.91
35,2,22,474,1996,26.65
35,2,22,474,1997,26.26
35,2,22,474,1998,26.14
35,2,22,474,1999,25.39
35,2,22,474,2000,24.96
35,2,22,474,2001,27.12
35,2,22,474,2002,31.22
35,2,22,474,2003,33.41
35,2,22,474,2004,34.63
35,2,22,474,2005,34.14
35,2,22,474,2006,32.5
35,2,22,474,2007,33.06
35,2,22,474,2008,36.66
35,2,22,474,2009,40
35,2,22,474,2010,40.47
35,2,22,474,2011,40.99
35,2,22,474,2012,42.07
35,2,22,474,2013,41.65
35,2,22,474,2014,42.71
35,2,22,474,2015,47.25
35,2,22,474,2016,46.09
35,2,22,474,2017,45.32
35,2,30,474,1990,4.45
35,2,30,474,1991,4.54
35,2,30,474,1992,4.61
35,2,30,474,1993,4.59
35,2,30,474,1994,4.64
35,2,30,474,1995,4.25
35,2,30,474,1996,4
35,2,30,474,1997,3.82
35,2,30,474,1998,3.58
35,2,30,474,1999,3.45
35,2,30,474,2000,3.34
35,2,30,474,2001,3.54
35,2,30,474,2002,4.07
35,2,30,474,2003,4.4
35,2,30,474,2004,4.7
35,2,30,474,2005,4.79
35,2,30,474,2006,5.02
35,2,30,474,2007,5.51
35,2,30,474,2008,6.75
35,2,30,474,2009,7.89
35,2,30,474,2010,8.18
35,2,30,474,2011,8.64
35,2,30,474,2012,8.82
35,2,30,474,2013,8.54
35,2,30,474,2014,8.67
35,2,30,474,2015,9.14
35,2,30,474,2016,8.85
35,2,30,474,2017,9.06
35,2,31,474,1990,2.85
35,2,31,474,1991,2.88
35,2,31,474,1992,2.91
35,2,31,474,1993,2.87
35,2,31,474,1994,2.86
35,2,31,474,1995,2.57
35,2,31,474,1996,2.41
35,2,31,474,1997,2.32
35,2,31,474,1998,2.22
35,2,31,474,1999,2.2
35,2,31,474,2000,2.22
35,2,31,474,2001,2.61
35,2,31,474,2002,2.71
35,2,31,474,2003,2.6
35,2,31,474,2004,2.54
35,2,31,474,2005,2.75
35,2,31,474,2006,2.76
35,2,31,474,2007,2.79
35,2,31,474,2008,3
35,2,31,474,2009,3.15
35,2,31,474,2010,3.33
35,2,31,474,2011,3.47
35,2,31,474,2012,3.75
35,2,31,474,2013,3.83
35,2,31,474,2014,4.53
35,2,31,474,2015,5.56
35,2,31,474,2016,5.59
35,2,31,474,2017,5.31
35,2,32,474,1990,0.84
35,2,32,474,1991,0.86
35,2,32,474,1992,0.92
35,2,32,474,1993,0.98
35,2,32,474,1994,1.08
35,2,32,474,1995,1.06
35,2,32,474,1996,1.05
35,2,32,474,1997,1.04
35,2,32,474,1998,1
35,2,32,474,1999,0.96
35,2,32,474,2000,0.95
35,2,32,474,2001,1.18
35,2,32,474,2002,1.26
35,2,32,474,2003,1.2
35,2,32,474,2004,1.16
35,2,32,474,2005,1.3
35,2,32,474,2006,1.36
35,2,32,474,2007,1.41
35,2,32,474,2008,1.5
35,2,32,474,2009,1.52
35,2,32,474,2010,1.48
35,2,32,474,2011,1.39
35,2,32,474,2012,1.39
35,2,32,474,2013,1.31
35,2,32,474,2014,1.45
35,2,32,474,2015,1.94
35,2,32,474,2016,2.01
35,2,32,474,2017,2.08
35,2,235,474,1990,0.19
35,2,235,474,1991,0.18
35,2,235,474,1992,0.18
35,2,235,474,1993,0.17
35,2,235,474,1994,0.18
35,2,235,474,1995,0.17
35,2,235,474,1996,0.17
35,2,235,474,1997,0.18
35,2,235,474,1998,0.19
35,2,235,474,1999,0.2
35,2,235,474,2000,0.22
35,2,235,474,2001,0.28
35,2,235,474,2002,0.32
35,2,235,474,2003,0.31
35,2,235,474,2004,0.29
35,2,235,474,2005,0.32
35,2,235,474,2006,0.33
35,2,235,474,2007,0.33
35,2,235,474,2008,0.35
35,2,235,474,2009,0.36
35,2,235,474,2010,0.36
35,2,235,474,2011,0.34
35,2,235,474,2012,0.34
35,2,235,474,2013,0.32
35,2,235,474,2014,0.34
35,2,235,474,2015,0.39
35,2,235,474,2016,0.36
35,2,235,474,2017,0.34
36,2,8,474,1990,0.1
36,2,8,474,1991,0.1
36,2,8,474,1992,0.1
36,2,8,474,1993,0.1
36,2,8,474,1994,0.11
36,2,8,474,1995,0.12
36,2,8,474,1996,0.12
36,2,8,474,1997,0.11
36,2,8,474,1998,0.11
36,2,8,474,1999,0.12
36,2,8,474,2000,0.12
36,2,8,474,2001,0.13
36,2,8,474,2002,0.13
36,2,8,474,2003,0.14
36,2,8,474,2004,0.14
36,2,8,474,2005,0.14
36,2,8,474,2006,0.13
36,2,8,474,2007,0.12
36,2,8,474,2008,0.12
36,2,8,474,2009,0.12
36,2,8,474,2010,0.11
36,2,8,474,2011,0.1
36,2,8,474,2012,0.09
36,2,8,474,2013,0.08
36,2,8,474,2014,0.07
36,2,8,474,2015,0.07
36,2,8,474,2016,0.07
36,2,8,474,2017,0.07
36,2,9,474,1990,0.19
36,2,9,474,1991,0.2
36,2,9,474,1992,0.2
36,2,9,474,1993,0.22
36,2,9,474,1994,0.24
36,2,9,474,1995,0.26
36,2,9,474,1996,0.26
36,2,9,474,1997,0.26
36,2,9,474,1998,0.24
36,2,9,474,1999,0.24
36,2,9,474,2000,0.25
36,2,9,474,2001,0.25
36,2,9,474,2002,0.26
36,2,9,474,2003,0.27
36,2,9,474,2004,0.27
36,2,9,474,2005,0.28
36,2,9,474,2006,0.28
36,2,9,474,2007,0.26
36,2,9,474,2008,0.26
36,2,9,474,2009,0.25
36,2,9,474,2010,0.23
36,2,9,474,2011,0.22
36,2,9,474,2012,0.2
36,2,9,474,2013,0.16
36,2,9,474,2014,0.14
36,2,9,474,2015,0.12
36,2,9,474,2016,0.12
36,2,9,474,2017,0.12
36,2,10,474,1990,0.3
36,2,10,474,1991,0.31
36,2,10,474,1992,0.32
36,2,10,474,1993,0.34
36,2,10,474,1994,0.35
36,2,10,474,1995,0.36
36,2,10,474,1996,0.36
36,2,10,474,1997,0.36
36,2,10,474,1998,0.34
36,2,10,474,1999,0.34
36,2,10,474,2000,0.36
36,2,10,474,2001,0.37
36,2,10,474,2002,0.38
36,2,10,474,2003,0.4
36,2,10,474,2004,0.39
36,2,10,474,2005,0.39
36,2,10,474,2006,0.39
36,2,10,474,2007,0.38
36,2,10,474,2008,0.37
36,2,10,474,2009,0.33
36,2,10,474,2010,0.32
36,2,10,474,2011,0.31
36,2,10,474,2012,0.31
36,2,10,474,2013,0.27
36,2,10,474,2014,0.25
36,2,10,474,2015,0.22
36,2,10,474,2016,0.23
36,2,10,474,2017,0.24
36,2,11,474,1990,0.64
36,2,11,474,1991,0.69
36,2,11,474,1992,0.77
36,2,11,474,1993,0.85
36,2,11,474,1994,0.9
36,2,11,474,1995,0.93
36,2,11,474,1996,0.9
36,2,11,474,1997,0.85
36,2,11,474,1998,0.79
36,2,11,474,1999,0.75
36,2,11,474,2000,0.75
36,2,11,474,2001,0.77
36,2,11,474,2002,0.77
36,2,11,474,2003,0.8
36,2,11,474,2004,0.81
36,2,11,474,2005,0.79
36,2,11,474,2006,0.76
36,2,11,474,2007,0.73
36,2,11,474,2008,0.69
36,2,11,474,2009,0.64
36,2,11,474,2010,0.62
36,2,11,474,2011,0.6
36,2,11,474,2012,0.58
36,2,11,474,2013,0.51
36,2,11,474,2014,0.48
36,2,11,474,2015,0.45
36,2,11,474,2016,0.49
36,2,11,474,2017,0.52
36,2,12,474,1990,1.03
36,2,12,474,1991,1.1
36,2,12,474,1992,1.21
36,2,12,474,1993,1.36
36,2,12,474,1994,1.51
36,2,12,474,1995,1.64
36,2,12,474,1996,1.67
36,2,12,474,1997,1.66
36,2,12,474,1998,1.6
36,2,12,474,1999,1.54
36,2,12,474,2000,1.53
36,2,12,474,2001,1.48
36,2,12,474,2002,1.43
36,2,12,474,2003,1.4
36,2,12,474,2004,1.33
36,2,12,474,2005,1.29
36,2,12,474,2006,1.27
36,2,12,474,2007,1.17
36,2,12,474,2008,1.14
36,2,12,474,2009,1.07
36,2,12,474,2010,1.04
36,2,12,474,2011,1.03
36,2,12,474,2012,1
36,2,12,474,2013,0.89
36,2,12,474,2014,0.85
36,2,12,474,2015,0.78
36,2,12,474,2016,0.8
36,2,12,474,2017,0.82
36,2,13,474,1990,1.04
36,2,13,474,1991,1.21
36,2,13,474,1992,1.37
36,2,13,474,1993,1.55
36,2,13,474,1994,1.7
36,2,13,474,1995,1.85
36,2,13,474,1996,1.9
36,2,13,474,1997,1.88
36,2,13,474,1998,1.83
36,2,13,474,1999,1.82
36,2,13,474,2000,1.86
36,2,13,474,2001,1.9
36,2,13,474,2002,1.93
36,2,13,474,2003,1.97
36,2,13,474,2004,1.96
36,2,13,474,2005,1.89
36,2,13,474,2006,1.81
36,2,13,474,2007,1.65
36,2,13,474,2008,1.5
36,2,13,474,2009,1.4
36,2,13,474,2010,1.33
36,2,13,474,2011,1.32
36,2,13,474,2012,1.37
36,2,13,474,2013,1.24
36,2,13,474,2014,1.2
36,2,13,474,2015,1.11
36,2,13,474,2016,1.14
36,2,13,474,2017,1.15
36,2,14,474,1990,1.62
36,2,14,474,1991,1.44
36,2,14,474,1992,1.44
36,2,14,474,1993,1.64
36,2,14,474,1994,1.99
36,2,14,474,1995,2.41
36,2,14,474,1996,2.71
36,2,14,474,1997,2.81
36,2,14,474,1998,2.78
36,2,14,474,1999,2.78
36,2,14,474,2000,2.86
36,2,14,474,2001,2.93
36,2,14,474,2002,2.98
36,2,14,474,2003,3.08
36,2,14,474,2004,3.19
36,2,14,474,2005,3.17
36,2,14,474,2006,3.1
36,2,14,474,2007,2.92
36,2,14,474,2008,2.79
36,2,14,474,2009,2.58
36,2,14,474,2010,2.4
36,2,14,474,2011,2.33
36,2,14,474,2012,2.24
36,2,14,474,2013,1.96
36,2,14,474,2014,1.84
36,2,14,474,2015,1.68
36,2,14,474,2016,1.75
36,2,14,474,2017,1.76
36,2,15,474,1990,3.11
36,2,15,474,1991,3.26
36,2,15,474,1992,3.31
36,2,15,474,1993,3.25
36,2,15,474,1994,2.9
36,2,15,474,1995,2.5
36,2,15,474,1996,2.12
36,2,15,474,1997,1.99
36,2,15,474,1998,2.04
36,2,15,474,1999,2.29
36,2,15,474,2000,2.65
36,2,15,474,2001,3
36,2,15,474,2002,3.16
36,2,15,474,2003,3.32
36,2,15,474,2004,3.5
36,2,15,474,2005,3.45
36,2,15,474,2006,3.18
36,2,15,474,2007,3.29
36,2,15,474,2008,3.35
36,2,15,474,2009,3.33
36,2,15,474,2010,3.28
36,2,15,474,2011,3.23
36,2,15,474,2012,3.18
36,2,15,474,2013,2.86
36,2,15,474,2014,2.81
36,2,15,474,2015,2.52
36,2,15,474,2016,2.51
36,2,15,474,2017,2.51
36,2,16,474,1990,3.89
36,2,16,474,1991,3.98
36,2,16,474,1992,4.59
36,2,16,474,1993,5.36
36,2,16,474,1994,6.25
36,2,16,474,1995,7.01
36,2,16,474,1996,7.16
36,2,16,474,1997,6.79
36,2,16,474,1998,5.97
36,2,16,474,1999,4.95
36,2,16,474,2000,4.15
36,2,16,474,2001,3.6
36,2,16,474,2002,3.45
36,2,16,474,2003,3.74
36,2,16,474,2004,4.44
36,2,16,474,2005,5.23
36,2,16,474,2006,5.42
36,2,16,474,2007,5.5
36,2,16,474,2008,5.62
36,2,16,474,2009,5.49
36,2,16,474,2010,5.38
36,2,16,474,2011,5.09
36,2,16,474,2012,4.68
36,2,16,474,2013,4.36
36,2,16,474,2014,4.32
36,2,16,474,2015,4.05
36,2,16,474,2016,4.33
36,2,16,474,2017,4.47
36,2,17,474,1990,7.08
36,2,17,474,1991,7.12
36,2,17,474,1992,6.89
36,2,17,474,1993,6.95
36,2,17,474,1994,6.52
36,2,17,474,1995,6.37
36,2,17,474,1996,6.33
36,2,17,474,1997,6.81
36,2,17,474,1998,7.14
36,2,17,474,1999,7.65
36,2,17,474,2000,8.16
36,2,17,474,2001,8.18
36,2,17,474,2002,7.86
36,2,17,474,2003,7.27
36,2,17,474,2004,6.15
36,2,17,474,2005,5.2
36,2,17,474,2006,4.22
36,2,17,474,2007,3.74
36,2,17,474,2008,3.94
36,2,17,474,2009,4.57
36,2,17,474,2010,5.11
36,2,17,474,2011,5.53
36,2,17,474,2012,5.62
36,2,17,474,2013,5.12
36,2,17,474,2014,4.99
36,2,17,474,2015,4.56
36,2,17,474,2016,4.85
36,2,17,474,2017,5
36,2,18,474,1990,6.74
36,2,18,474,1991,7.4
36,2,18,474,1992,8.3
36,2,18,474,1993,9.45
36,2,18,474,1994,10.5
36,2,18,474,1995,10.94
36,2,18,474,1996,10.75
36,2,18,474,1997,9.81
36,2,18,474,1998,8.84
36,2,18,474,1999,7.68
36,2,18,474,2000,7.24
36,2,18,474,2001,7.28
36,2,18,474,2002,8.01
36,2,18,474,2003,8.89
36,2,18,474,2004,9.89
36,2,18,474,2005,11.15
36,2,18,474,2006,11.16
36,2,18,474,2007,10.6
36,2,18,474,2008,9.63
36,2,18,474,2009,7.95
36,2,18,474,2010,6.5
36,2,18,474,2011,5.56
36,2,18,474,2012,5.2
36,2,18,474,2013,5.02
36,2,18,474,2014,5.61
36,2,18,474,2015,6.01
36,2,18,474,2016,7.03
36,2,18,474,2017,7.39
36,2,19,474,1990,7.61
36,2,19,474,1991,7.59
36,2,19,474,1992,7.87
36,2,19,474,1993,8.83
36,2,19,474,1994,9.72
36,2,19,474,1995,11.07
36,2,19,474,1996,11.89
36,2,19,474,1997,12.66
36,2,19,474,1998,12.87
36,2,19,474,1999,13.17
36,2,19,474,2000,13.19
36,2,19,474,2001,12.83
36,2,19,474,2002,11.87
36,2,19,474,2003,11.28
36,2,19,474,2004,10.11
36,2,19,474,2005,9.07
36,2,19,474,2006,9.32
36,2,19,474,2007,9.94
36,2,19,474,2008,11.05
36,2,19,474,2009,12.18
36,2,19,474,2010,12.75
36,2,19,474,2011,12.25
36,2,19,474,2012,11.24
36,2,19,474,2013,9.31
36,2,19,474,2014,7.51
36,2,19,474,2015,5.87
36,2,19,474,2016,5.23
36,2,19,474,2017,5.17
36,2,20,474,1990,11.17
36,2,20,474,1991,10.73
36,2,20,474,1992,10.59
36,2,20,474,1993,10.33
36,2,20,474,1994,10.55
36,2,20,474,1995,10.31
36,2,20,474,1996,10.15
36,2,20,474,1997,9.93
36,2,20,474,1998,10.01
36,2,20,474,1999,10.26
36,2,20,474,2000,11.27
36,2,20,474,2001,12.07
36,2,20,474,2002,12.96
36,2,20,474,2003,13.88
36,2,20,474,2004,14.55
36,2,20,474,2005,14.26
36,2,20,474,2006,13.88
36,2,20,474,2007,12.74
36,2,20,474,2008,11.99
36,2,20,474,2009,10.42
36,2,20,474,2010,9.77
36,2,20,474,2011,10.24
36,2,20,474,2012,10.86
36,2,20,474,2013,10.99
36,2,20,474,2014,11.8
36,2,20,474,2015,12.39
36,2,20,474,2016,13.03
36,2,20,474,2017,12.69
36,2,22,474,1990,61.17
36,2,22,474,1991,63.02
36,2,22,474,1992,66
36,2,22,474,1993,70.8
36,2,22,474,1994,74.54
36,2,22,474,1995,77.76
36,2,22,474,1996,77.88
36,2,22,474,1997,76.46
36,2,22,474,1998,73.71
36,2,22,474,1999,71.85
36,2,22,474,2000,72.1
36,2,22,474,2001,71.76
36,2,22,474,2002,71.34
36,2,22,474,2003,72.5
36,2,22,474,2004,72.7
36,2,22,474,2005,72.6
36,2,22,474,2006,71.48
36,2,22,474,2007,70.08
36,2,22,474,2008,70.46
36,2,22,474,2009,69.05
36,2,22,474,2010,68.19
36,2,22,474,2011,67.89
36,2,22,474,2012,66.02
36,2,22,474,2013,61.31
36,2,22,474,2014,59.69
36,2,22,474,2015,57.43
36,2,22,474,2016,59.87
36,2,22,474,2017,61.04
36,2,30,474,1990,7.95
36,2,30,474,1991,8.38
36,2,30,474,1992,8.6
36,2,30,474,1993,9.41
36,2,30,474,1994,9.62
36,2,30,474,1995,10
36,2,30,474,1996,9.41
36,2,30,474,1997,8.76
36,2,30,474,1998,7.73
36,2,30,474,1999,7.42
36,2,30,474,2000,7.05
36,2,30,474,2001,6.96
36,2,30,474,2002,6.92
36,2,30,474,2003,7.35
36,2,30,474,2004,7.67
36,2,30,474,2005,8.42
36,2,30,474,2006,9.09
36,2,30,474,2007,9.88
36,2,30,474,2008,10.61
36,2,30,474,2009,11.09
36,2,30,474,2010,11.35
36,2,30,474,2011,11.64
36,2,30,474,2012,10.65
36,2,30,474,2013,9.31
36,2,30,474,2014,8.16
36,2,30,474,2015,7.75
36,2,30,474,2016,8.16
36,2,30,474,2017,9.32
36,2,31,474,1990,5.43
36,2,31,474,1991,5.84
36,2,31,474,1992,6.24
36,2,31,474,1993,6.44
36,2,31,474,1994,6.61
36,2,31,474,1995,6.71
36,2,31,474,1996,6.8
36,2,31,474,1997,6.53
36,2,31,474,1998,6.51
36,2,31,474,1999,6.25
36,2,31,474,2000,6.25
36,2,31,474,2001,5.66
36,2,31,474,2002,5.13
36,2,31,474,2003,4.63
36,2,31,474,2004,4.4
36,2,31,474,2005,4.05
36,2,31,474,2006,3.92
36,2,31,474,2007,3.88
36,2,31,474,2008,4.22
36,2,31,474,2009,4.51
36,2,31,474,2010,5.02
36,2,31,474,2011,5.53
36,2,31,474,2012,6.07
36,2,31,474,2013,6.49
36,2,31,474,2014,6.83
36,2,31,474,2015,6.83
36,2,31,474,2016,6.89
36,2,31,474,2017,6.38
36,2,32,474,1990,2.51
36,2,32,474,1991,2.84
36,2,32,474,1992,3.28
36,2,32,474,1993,3.71
36,2,32,474,1994,3.97
36,2,32,474,1995,4.1
36,2,32,474,1996,4.13
36,2,32,474,1997,3.98
36,2,32,474,1998,3.66
36,2,32,474,1999,3.44
36,2,32,474,2000,3.3
36,2,32,474,2001,3.24
36,2,32,474,2002,3.05
36,2,32,474,2003,3.1
36,2,32,474,2004,2.94
36,2,32,474,2005,2.9
36,2,32,474,2006,2.63
36,2,32,474,2007,2.42
36,2,32,474,2008,2.3
36,2,32,474,2009,2.3
36,2,32,474,2010,2.19
36,2,32,474,2011,2.18
36,2,32,474,2012,2.12
36,2,32,474,2013,2.17
36,2,32,474,2014,2.29
36,2,32,474,2015,2.51
36,2,32,474,2016,2.72
36,2,32,474,2017,2.93
36,2,235,474,1990,0.76
36,2,235,474,1991,0.83
36,2,235,474,1992,0.91
36,2,235,474,1993,1.01
36,2,235,474,1994,1.09
36,2,235,474,1995,1.18
36,2,235,474,1996,1.24
36,2,235,474,1997,1.26
36,2,235,474,1998,1.23
36,2,235,474,1999,1.17
36,2,235,474,2000,1.13
36,2,235,474,2001,1.1
36,2,235,474,2002,1.05
36,2,235,474,2003,1
36,2,235,474,2004,0.96
36,2,235,474,2005,0.92
36,2,235,474,2006,0.9
36,2,235,474,2007,0.84
36,2,235,474,2008,0.86
36,2,235,474,2009,0.81
36,2,235,474,2010,0.78
36,2,235,474,2011,0.71
36,2,235,474,2012,0.63
36,2,235,474,2013,0.55
36,2,235,474,2014,0.53
36,2,235,474,2015,0.51
36,2,235,474,2016,0.51
36,2,235,474,2017,0.5
37,2,8,474,1990,0.02
37,2,8,474,1991,0.02
37,2,8,474,1992,0.02
37,2,8,474,1993,0.02
37,2,8,474,1994,0.02
37,2,8,474,1995,0.02
37,2,8,474,1996,0.02
37,2,8,474,1997,0.02
37,2,8,474,1998,0.03
37,2,8,474,1999,0.03
37,2,8,474,2000,0.03
37,2,8,474,2001,0.03
37,2,8,474,2002,0.03
37,2,8,474,2003,0.04
37,2,8,474,2004,0.04
37,2,8,474,2005,0.04
37,2,8,474,2006,0.04
37,2,8,474,2007,0.04
37,2,8,474,2008,0.04
37,2,8,474,2009,0.04
37,2,8,474,2010,0.03
37,2,8,474,2011,0.03
37,2,8,474,2012,0.03
37,2,8,474,2013,0.03
37,2,8,474,2014,0.03
37,2,8,474,2015,0.03
37,2,8,474,2016,0.03
37,2,8,474,2017,0.03
37,2,9,474,1990,0.02
37,2,9,474,1991,0.02
37,2,9,474,1992,0.02
37,2,9,474,1993,0.02
37,2,9,474,1994,0.02
37,2,9,474,1995,0.02
37,2,9,474,1996,0.02
37,2,9,474,1997,0.02
37,2,9,474,1998,0.02
37,2,9,474,1999,0.02
37,2,9,474,2000,0.02
37,2,9,474,2001,0.02
37,2,9,474,2002,0.02
37,2,9,474,2003,0.03
37,2,9,474,2004,0.03
37,2,9,474,2005,0.03
37,2,9,474,2006,0.03
37,2,9,474,2007,0.03
37,2,9,474,2008,0.03
37,2,9,474,2009,0.03
37,2,9,474,2010,0.03
37,2,9,474,2011,0.03
37,2,9,474,2012,0.03
37,2,9,474,2013,0.03
37,2,9,474,2014,0.03
37,2,9,474,2015,0.03
37,2,9,474,2016,0.03
37,2,9,474,2017,0.03
37,2,10,474,1990,0.05
37,2,10,474,1991,0.06
37,2,10,474,1992,0.06
37,2,10,474,1993,0.06
37,2,10,474,1994,0.07
37,2,10,474,1995,0.07
37,2,10,474,1996,0.08
37,2,10,474,1997,0.08
37,2,10,474,1998,0.09
37,2,10,474,1999,0.08
37,2,10,474,2000,0.09
37,2,10,474,2001,0.08
37,2,10,474,2002,0.08
37,2,10,474,2003,0.07
37,2,10,474,2004,0.07
37,2,10,474,2005,0.07
37,2,10,474,2006,0.07
37,2,10,474,2007,0.07
37,2,10,474,2008,0.07
37,2,10,474,2009,0.07
37,2,10,474,2010,0.06
37,2,10,474,2011,0.07
37,2,10,474,2012,0.06
37,2,10,474,2013,0.07
37,2,10,474,2014,0.07
37,2,10,474,2015,0.06
37,2,10,474,2016,0.06
37,2,10,474,2017,0.06
37,2,11,474,1990,0.08
37,2,11,474,1991,0.09
37,2,11,474,1992,0.11
37,2,11,474,1993,0.12
37,2,11,474,1994,0.12
37,2,11,474,1995,0.12
37,2,11,474,1996,0.12
37,2,11,474,1997,0.12
37,2,11,474,1998,0.11
37,2,11,474,1999,0.11
37,2,11,474,2000,0.11
37,2,11,474,2001,0.1
37,2,11,474,2002,0.1
37,2,11,474,2003,0.09
37,2,11,474,2004,0.09
37,2,11,474,2005,0.09
37,2,11,474,2006,0.09
37,2,11,474,2007,0.1
37,2,11,474,2008,0.09
37,2,11,474,2009,0.09
37,2,11,474,2010,0.08
37,2,11,474,2011,0.08
37,2,11,474,2012,0.07
37,2,11,474,2013,0.08
37,2,11,474,2014,0.09
37,2,11,474,2015,0.08
37,2,11,474,2016,0.08
37,2,11,474,2017,0.08
37,2,12,474,1990,0.1
37,2,12,474,1991,0.11
37,2,12,474,1992,0.13
37,2,12,474,1993,0.15
37,2,12,474,1994,0.17
37,2,12,474,1995,0.18
37,2,12,474,1996,0.19
37,2,12,474,1997,0.19
37,2,12,474,1998,0.19
37,2,12,474,1999,0.18
37,2,12,474,2000,0.19
37,2,12,474,2001,0.17
37,2,12,474,2002,0.16
37,2,12,474,2003,0.15
37,2,12,474,2004,0.15
37,2,12,474,2005,0.14
37,2,12,474,2006,0.15
37,2,12,474,2007,0.16
37,2,12,474,2008,0.15
37,2,12,474,2009,0.14
37,2,12,474,2010,0.13
37,2,12,474,2011,0.14
37,2,12,474,2012,0.13
37,2,12,474,2013,0.13
37,2,12,474,2014,0.13
37,2,12,474,2015,0.13
37,2,12,474,2016,0.12
37,2,12,474,2017,0.12
37,2,13,474,1990,0.12
37,2,13,474,1991,0.15
37,2,13,474,1992,0.17
37,2,13,474,1993,0.2
37,2,13,474,1994,0.21
37,2,13,474,1995,0.22
37,2,13,474,1996,0.22
37,2,13,474,1997,0.23
37,2,13,474,1998,0.23
37,2,13,474,1999,0.23
37,2,13,474,2000,0.26
37,2,13,474,2001,0.25
37,2,13,474,2002,0.25
37,2,13,474,2003,0.25
37,2,13,474,2004,0.26
37,2,13,474,2005,0.25
37,2,13,474,2006,0.26
37,2,13,474,2007,0.25
37,2,13,474,2008,0.24
37,2,13,474,2009,0.23
37,2,13,474,2010,0.21
37,2,13,474,2011,0.22
37,2,13,474,2012,0.2
37,2,13,474,2013,0.21
37,2,13,474,2014,0.21
37,2,13,474,2015,0.2
37,2,13,474,2016,0.2
37,2,13,474,2017,0.2
37,2,14,474,1990,0.22
37,2,14,474,1991,0.21
37,2,14,474,1992,0.22
37,2,14,474,1993,0.28
37,2,14,474,1994,0.37
37,2,14,474,1995,0.46
37,2,14,474,1996,0.52
37,2,14,474,1997,0.54
37,2,14,474,1998,0.56
37,2,14,474,1999,0.58
37,2,14,474,2000,0.63
37,2,14,474,2001,0.6
37,2,14,474,2002,0.59
37,2,14,474,2003,0.59
37,2,14,474,2004,0.61
37,2,14,474,2005,0.61
37,2,14,474,2006,0.66
37,2,14,474,2007,0.66
37,2,14,474,2008,0.66
37,2,14,474,2009,0.64
37,2,14,474,2010,0.59
37,2,14,474,2011,0.61
37,2,14,474,2012,0.54
37,2,14,474,2013,0.55
37,2,14,474,2014,0.55
37,2,14,474,2015,0.53
37,2,14,474,2016,0.5
37,2,14,474,2017,0.5
37,2,15,474,1990,0.41
37,2,15,474,1991,0.43
37,2,15,474,1992,0.41
37,2,15,474,1993,0.38
37,2,15,474,1994,0.34
37,2,15,474,1995,0.28
37,2,15,474,1996,0.22
37,2,15,474,1997,0.21
37,2,15,474,1998,0.23
37,2,15,474,1999,0.26
37,2,15,474,2000,0.3
37,2,15,474,2001,0.34
37,2,15,474,2002,0.35
37,2,15,474,2003,0.37
37,2,15,474,2004,0.38
37,2,15,474,2005,0.39
37,2,15,474,2006,0.41
37,2,15,474,2007,0.42
37,2,15,474,2008,0.44
37,2,15,474,2009,0.44
37,2,15,474,2010,0.45
37,2,15,474,2011,0.49
37,2,15,474,2012,0.49
37,2,15,474,2013,0.49
37,2,15,474,2014,0.47
37,2,15,474,2015,0.46
37,2,15,474,2016,0.44
37,2,15,474,2017,0.43
37,2,16,474,1990,0.65
37,2,16,474,1991,0.65
37,2,16,474,1992,0.69
37,2,16,474,1993,0.71
37,2,16,474,1994,0.78
37,2,16,474,1995,0.82
37,2,16,474,1996,0.8
37,2,16,474,1997,0.72
37,2,16,474,1998,0.64
37,2,16,474,1999,0.52
37,2,16,474,2000,0.43
37,2,16,474,2001,0.34
37,2,16,474,2002,0.32
37,2,16,474,2003,0.34
37,2,16,474,2004,0.4
37,2,16,474,2005,0.46
37,2,16,474,2006,0.55
37,2,16,474,2007,0.58
37,2,16,474,2008,0.58
37,2,16,474,2009,0.6
37,2,16,474,2010,0.61
37,2,16,474,2011,0.66
37,2,16,474,2012,0.64
37,2,16,474,2013,0.69
37,2,16,474,2014,0.73
37,2,16,474,2015,0.74
37,2,16,474,2016,0.78
37,2,16,474,2017,0.81
37,2,17,474,1990,1.27
37,2,17,474,1991,1.37
37,2,17,474,1992,1.41
37,2,17,474,1993,1.47
37,2,17,474,1994,1.42
37,2,17,474,1995,1.32
37,2,17,474,1996,1.22
37,2,17,474,1997,1.28
37,2,17,474,1998,1.27
37,2,17,474,1999,1.29
37,2,17,474,2000,1.32
37,2,17,474,2001,1.26
37,2,17,474,2002,1.08
37,2,17,474,2003,0.94
37,2,17,474,2004,0.77
37,2,17,474,2005,0.62
37,2,17,474,2006,0.56
37,2,17,474,2007,0.56
37,2,17,474,2008,0.58
37,2,17,474,2009,0.66
37,2,17,474,2010,0.76
37,2,17,474,2011,0.9
37,2,17,474,2012,0.89
37,2,17,474,2013,0.95
37,2,17,474,2014,0.97
37,2,17,474,2015,0.98
37,2,17,474,2016,1.03
37,2,17,474,2017,1.11
37,2,18,474,1990,1.37
37,2,18,474,1991,1.46
37,2,18,474,1992,1.66
37,2,18,474,1993,1.86
37,2,18,474,1994,2.01
37,2,18,474,1995,1.97
37,2,18,474,1996,1.97
37,2,18,474,1997,1.88
37,2,18,474,1998,1.85
37,2,18,474,1999,1.62
37,2,18,474,2000,1.49
37,2,18,474,2001,1.39
37,2,18,474,2002,1.29
37,2,18,474,2003,1.27
37,2,18,474,2004,1.34
37,2,18,474,2005,1.34
37,2,18,474,2006,1.41
37,2,18,474,2007,1.34
37,2,18,474,2008,1.15
37,2,18,474,2009,0.94
37,2,18,474,2010,0.76
37,2,18,474,2011,0.65
37,2,18,474,2012,0.63
37,2,18,474,2013,0.75
37,2,18,474,2014,0.88
37,2,18,474,2015,1
37,2,18,474,2016,1.13
37,2,18,474,2017,1.22
37,2,19,474,1990,1.27
37,2,19,474,1991,1.33
37,2,19,474,1992,1.39
37,2,19,474,1993,1.56
37,2,19,474,1994,1.62
37,2,19,474,1995,1.68
37,2,19,474,1996,1.71
37,2,19,474,1997,1.81
37,2,19,474,1998,1.83
37,2,19,474,1999,1.85
37,2,19,474,2000,1.82
37,2,19,474,2001,1.81
37,2,19,474,2002,1.64
37,2,19,474,2003,1.59
37,2,19,474,2004,1.45
37,2,19,474,2005,1.35
37,2,19,474,2006,1.31
37,2,19,474,2007,1.39
37,2,19,474,2008,1.36
37,2,19,474,2009,1.4
37,2,19,474,2010,1.43
37,2,19,474,2011,1.49
37,2,19,474,2012,1.39
37,2,19,474,2013,1.27
37,2,19,474,2014,1.05
37,2,19,474,2015,0.88
37,2,19,474,2016,0.79
37,2,19,474,2017,0.84
37,2,20,474,1990,2.35
37,2,20,474,1991,2.28
37,2,20,474,1992,2.23
37,2,20,474,1993,2.14
37,2,20,474,1994,2.09
37,2,20,474,1995,1.95
37,2,20,474,1996,1.95
37,2,20,474,1997,1.96
37,2,20,474,1998,2.1
37,2,20,474,1999,2.09
37,2,20,474,2000,2.17
37,2,20,474,2001,2.14
37,2,20,474,2002,2.23
37,2,20,474,2003,2.31
37,2,20,474,2004,2.48
37,2,20,474,2005,2.52
37,2,20,474,2006,2.67
37,2,20,474,2007,2.7
37,2,20,474,2008,2.67
37,2,20,474,2009,2.42
37,2,20,474,2010,2.25
37,2,20,474,2011,2.22
37,2,20,474,2012,2.22
37,2,20,474,2013,2.24
37,2,20,474,2014,2.45
37,2,20,474,2015,2.44
37,2,20,474,2016,2.41
37,2,20,474,2017,2.3
37,2,22,474,1990,12.62
37,2,22,474,1991,13
37,2,22,474,1992,13.62
37,2,22,474,1993,14.31
37,2,22,474,1994,14.53
37,2,22,474,1995,14.17
37,2,22,474,1996,13.79
37,2,22,474,1997,13.56
37,2,22,474,1998,13.35
37,2,22,474,1999,12.82
37,2,22,474,2000,12.7
37,2,22,474,2001,12.42
37,2,22,474,2002,11.97
37,2,22,474,2003,12.02
37,2,22,474,2004,12.16
37,2,22,474,2005,12.05
37,2,22,474,2006,12.44
37,2,22,474,2007,12.53
37,2,22,474,2008,12.41
37,2,22,474,2009,12.09
37,2,22,474,2010,11.59
37,2,22,474,2011,11.87
37,2,22,474,2012,11.56
37,2,22,474,2013,11.78
37,2,22,474,2014,11.94
37,2,22,474,2015,11.66
37,2,22,474,2016,11.58
37,2,22,474,2017,11.75
37,2,30,474,1990,2.17
37,2,30,474,1991,2.2
37,2,30,474,1992,2.34
37,2,30,474,1993,2.49
37,2,30,474,1994,2.45
37,2,30,474,1995,2.31
37,2,30,474,1996,2.13
37,2,30,474,1997,1.97
37,2,30,474,1998,1.78
37,2,30,474,1999,1.65
37,2,30,474,2000,1.53
37,2,30,474,2001,1.57
37,2,30,474,2002,1.53
37,2,30,474,2003,1.65
37,2,30,474,2004,1.74
37,2,30,474,2005,1.88
37,2,30,474,2006,1.95
37,2,30,474,2007,2.13
37,2,30,474,2008,2.27
37,2,30,474,2009,2.37
37,2,30,474,2010,2.29
37,2,30,474,2011,2.4
37,2,30,474,2012,2.29
37,2,30,474,2013,2.21
37,2,30,474,2014,2.02
37,2,30,474,2015,1.93
37,2,30,474,2016,1.87
37,2,30,474,2017,1.97
37,2,31,474,1990,1.66
37,2,31,474,1991,1.66
37,2,31,474,1992,1.71
37,2,31,474,1993,1.72
37,2,31,474,1994,1.66
37,2,31,474,1995,1.59
37,2,31,474,1996,1.52
37,2,31,474,1997,1.49
37,2,31,474,1998,1.45
37,2,31,474,1999,1.39
37,2,31,474,2000,1.4
37,2,31,474,2001,1.36
37,2,31,474,2002,1.28
37,2,31,474,2003,1.22
37,2,31,474,2004,1.19
37,2,31,474,2005,1.11
37,2,31,474,2006,1.14
37,2,31,474,2007,1.08
37,2,31,474,2008,1.14
37,2,31,474,2009,1.14
37,2,31,474,2010,1.13
37,2,31,474,2011,1.15
37,2,31,474,2012,1.26
37,2,31,474,2013,1.38
37,2,31,474,2014,1.5
37,2,31,474,2015,1.44
37,2,31,474,2016,1.44
37,2,31,474,2017,1.38
37,2,32,474,1990,0.69
37,2,32,474,1991,0.74
37,2,32,474,1992,0.83
37,2,32,474,1993,0.92
37,2,32,474,1994,0.97
37,2,32,474,1995,0.94
37,2,32,474,1996,0.87
37,2,32,474,1997,0.81
37,2,32,474,1998,0.74
37,2,32,474,1999,0.68
37,2,32,474,2000,0.69
37,2,32,474,2001,0.72
37,2,32,474,2002,0.76
37,2,32,474,2003,0.83
37,2,32,474,2004,0.86
37,2,32,474,2005,0.86
37,2,32,474,2006,0.81
37,2,32,474,2007,0.74
37,2,32,474,2008,0.66
37,2,32,474,2009,0.62
37,2,32,474,2010,0.54
37,2,32,474,2011,0.53
37,2,32,474,2012,0.51
37,2,32,474,2013,0.55
37,2,32,474,2014,0.61
37,2,32,474,2015,0.59
37,2,32,474,2016,0.54
37,2,32,474,2017,0.56
37,2,235,474,1990,0.18
37,2,235,474,1991,0.18
37,2,235,474,1992,0.2
37,2,235,474,1993,0.21
37,2,235,474,1994,0.22
37,2,235,474,1995,0.22
37,2,235,474,1996,0.22
37,2,235,474,1997,0.23
37,2,235,474,1998,0.23
37,2,235,474,1999,0.23
37,2,235,474,2000,0.23
37,2,235,474,2001,0.24
37,2,235,474,2002,0.26
37,2,235,474,2003,0.29
37,2,235,474,2004,0.31
37,2,235,474,2005,0.32
37,2,235,474,2006,0.32
37,2,235,474,2007,0.3
37,2,235,474,2008,0.29
37,2,235,474,2009,0.26
37,2,235,474,2010,0.23
37,2,235,474,2011,0.19
37,2,235,474,2012,0.17
37,2,235,474,2013,0.16
37,2,235,474,2014,0.17
37,2,235,474,2015,0.14
37,2,235,474,2016,0.13
37,2,235,474,2017,0.12
38,2,8,474,1990,0.01
38,2,8,474,1991,0.01
38,2,8,474,1992,0.01
38,2,8,474,1993,0.01
38,2,8,474,1994,0.01
38,2,8,474,1995,0.01
38,2,8,474,1996,0.01
38,2,8,474,1997,0.01
38,2,8,474,1998,0.01
38,2,8,474,1999,0.01
38,2,8,474,2000,0.01
38,2,8,474,2001,0.01
38,2,8,474,2002,0.02
38,2,8,474,2003,0.02
38,2,8,474,2004,0.02
38,2,8,474,2005,0.02
38,2,8,474,2006,0.02
38,2,8,474,2007,0.02
38,2,8,474,2008,0.02
38,2,8,474,2009,0.02
38,2,8,474,2010,0.01
38,2,8,474,2011,0.01
38,2,8,474,2012,0.01
38,2,8,474,2013,0.01
38,2,8,474,2014,0.02
38,2,8,474,2015,0.02
38,2,8,474,2016,0.01
38,2,8,474,2017,0.01
38,2,9,474,1990,0.16
38,2,9,474,1991,0.17
38,2,9,474,1992,0.19
38,2,9,474,1993,0.2
38,2,9,474,1994,0.22
38,2,9,474,1995,0.24
38,2,9,474,1996,0.24
38,2,9,474,1997,0.25
38,2,9,474,1998,0.24
38,2,9,474,1999,0.21
38,2,9,474,2000,0.18
38,2,9,474,2001,0.14
38,2,9,474,2002,0.11
38,2,9,474,2003,0.09
38,2,9,474,2004,0.08
38,2,9,474,2005,0.07
38,2,9,474,2006,0.07
38,2,9,474,2007,0.06
38,2,9,474,2008,0.06
38,2,9,474,2009,0.06
38,2,9,474,2010,0.06
38,2,9,474,2011,0.06
38,2,9,474,2012,0.06
38,2,9,474,2013,0.06
38,2,9,474,2014,0.06
38,2,9,474,2015,0.05
38,2,9,474,2016,0.05
38,2,9,474,2017,0.05
38,2,10,474,1990,0.27
38,2,10,474,1991,0.29
38,2,10,474,1992,0.31
38,2,10,474,1993,0.33
38,2,10,474,1994,0.35
38,2,10,474,1995,0.37
38,2,10,474,1996,0.38
38,2,10,474,1997,0.38
38,2,10,474,1998,0.36
38,2,10,474,1999,0.33
38,2,10,474,2000,0.27
38,2,10,474,2001,0.21
38,2,10,474,2002,0.17
38,2,10,474,2003,0.14
38,2,10,474,2004,0.13
38,2,10,474,2005,0.11
38,2,10,474,2006,0.1
38,2,10,474,2007,0.09
38,2,10,474,2008,0.09
38,2,10,474,2009,0.09
38,2,10,474,2010,0.08
38,2,10,474,2011,0.09
38,2,10,474,2012,0.09
38,2,10,474,2013,0.09
38,2,10,474,2014,0.09
38,2,10,474,2015,0.09
38,2,10,474,2016,0.09
38,2,10,474,2017,0.09
38,2,11,474,1990,0.43
38,2,11,474,1991,0.48
38,2,11,474,1992,0.51
38,2,11,474,1993,0.53
38,2,11,474,1994,0.57
38,2,11,474,1995,0.63
38,2,11,474,1996,0.64
38,2,11,474,1997,0.66
38,2,11,474,1998,0.64
38,2,11,474,1999,0.59
38,2,11,474,2000,0.5
38,2,11,474,2001,0.43
38,2,11,474,2002,0.35
38,2,11,474,2003,0.3
38,2,11,474,2004,0.26
38,2,11,474,2005,0.22
38,2,11,474,2006,0.2
38,2,11,474,2007,0.18
38,2,11,474,2008,0.18
38,2,11,474,2009,0.18
38,2,11,474,2010,0.18
38,2,11,474,2011,0.17
38,2,11,474,2012,0.16
38,2,11,474,2013,0.16
38,2,11,474,2014,0.15
38,2,11,474,2015,0.15
38,2,11,474,2016,0.16
38,2,11,474,2017,0.17
38,2,12,474,1990,0.13
38,2,12,474,1991,0.14
38,2,12,474,1992,0.15
38,2,12,474,1993,0.16
38,2,12,474,1994,0.17
38,2,12,474,1995,0.2
38,2,12,474,1996,0.23
38,2,12,474,1997,0.25
38,2,12,474,1998,0.27
38,2,12,474,1999,0.27
38,2,12,474,2000,0.24
38,2,12,474,2001,0.21
38,2,12,474,2002,0.18
38,2,12,474,2003,0.16
38,2,12,474,2004,0.14
38,2,12,474,2005,0.13
38,2,12,474,2006,0.13
38,2,12,474,2007,0.12
38,2,12,474,2008,0.12
38,2,12,474,2009,0.12
38,2,12,474,2010,0.12
38,2,12,474,2011,0.12
38,2,12,474,2012,0.12
38,2,12,474,2013,0.12
38,2,12,474,2014,0.12
38,2,12,474,2015,0.13
38,2,12,474,2016,0.12
38,2,12,474,2017,0.12
38,2,13,474,1990,0.33
38,2,13,474,1991,0.36
38,2,13,474,1992,0.36
38,2,13,474,1993,0.39
38,2,13,474,1994,0.41
38,2,13,474,1995,0.45
38,2,13,474,1996,0.46
38,2,13,474,1997,0.51
38,2,13,474,1998,0.53
38,2,13,474,1999,0.53
38,2,13,474,2000,0.5
38,2,13,474,2001,0.46
38,2,13,474,2002,0.4
38,2,13,474,2003,0.35
38,2,13,474,2004,0.3
38,2,13,474,2005,0.28
38,2,13,474,2006,0.27
38,2,13,474,2007,0.26
38,2,13,474,2008,0.25
38,2,13,474,2009,0.23
38,2,13,474,2010,0.22
38,2,13,474,2011,0.23
38,2,13,474,2012,0.24
38,2,13,474,2013,0.24
38,2,13,474,2014,0.25
38,2,13,474,2015,0.25
38,2,13,474,2016,0.26
38,2,13,474,2017,0.26
38,2,14,474,1990,0.74
38,2,14,474,1991,0.74
38,2,14,474,1992,0.79
38,2,14,474,1993,0.77
38,2,14,474,1994,0.81
38,2,14,474,1995,0.88
38,2,14,474,1996,0.97
38,2,14,474,1997,1
38,2,14,474,1998,1
38,2,14,474,1999,0.95
38,2,14,474,2000,0.84
38,2,14,474,2001,0.68
38,2,14,474,2002,0.6
38,2,14,474,2003,0.56
38,2,14,474,2004,0.51
38,2,14,474,2005,0.46
38,2,14,474,2006,0.46
38,2,14,474,2007,0.44
38,2,14,474,2008,0.42
38,2,14,474,2009,0.43
38,2,14,474,2010,0.43
38,2,14,474,2011,0.43
38,2,14,474,2012,0.43
38,2,14,474,2013,0.43
38,2,14,474,2014,0.42
38,2,14,474,2015,0.42
38,2,14,474,2016,0.45
38,2,14,474,2017,0.46
38,2,15,474,1990,1.41
38,2,15,474,1991,1.53
38,2,15,474,1992,1.55
38,2,15,474,1993,1.68
38,2,15,474,1994,1.71
38,2,15,474,1995,1.77
38,2,15,474,1996,1.68
38,2,15,474,1997,1.68
38,2,15,474,1998,1.57
38,2,15,474,1999,1.46
38,2,15,474,2000,1.23
38,2,15,474,2001,1.12
38,2,15,474,2002,0.94
38,2,15,474,2003,0.8
38,2,15,474,2004,0.71
38,2,15,474,2005,0.63
38,2,15,474,2006,0.59
38,2,15,474,2007,0.62
38,2,15,474,2008,0.64
38,2,15,474,2009,0.66
38,2,15,474,2010,0.68
38,2,15,474,2011,0.74
38,2,15,474,2012,0.77
38,2,15,474,2013,0.8
38,2,15,474,2014,0.83
38,2,15,474,2015,0.86
38,2,15,474,2016,0.86
38,2,15,474,2017,0.9
38,2,16,474,1990,1.33
38,2,16,474,1991,1.35
38,2,16,474,1992,1.43
38,2,16,474,1993,1.46
38,2,16,474,1994,1.46
38,2,16,474,1995,1.47
38,2,16,474,1996,1.55
38,2,16,474,1997,1.54
38,2,16,474,1998,1.52
38,2,16,474,1999,1.37
38,2,16,474,2000,1.17
38,2,16,474,2001,0.91
38,2,16,474,2002,0.74
38,2,16,474,2003,0.6
38,2,16,474,2004,0.52
38,2,16,474,2005,0.47
38,2,16,474,2006,0.44
38,2,16,474,2007,0.4
38,2,16,474,2008,0.39
38,2,16,474,2009,0.39
38,2,16,474,2010,0.39
38,2,16,474,2011,0.41
38,2,16,474,2012,0.45
38,2,16,474,2013,0.49
38,2,16,474,2014,0.54
38,2,16,474,2015,0.6
38,2,16,474,2016,0.66
38,2,16,474,2017,0.69
38,2,17,474,1990,1.75
38,2,17,474,1991,1.87
38,2,17,474,1992,1.9
38,2,17,474,1993,2.12
38,2,17,474,1994,2.29
38,2,17,474,1995,2.42
38,2,17,474,1996,2.34
38,2,17,474,1997,2.34
38,2,17,474,1998,2.2
38,2,17,474,1999,1.98
38,2,17,474,2000,1.65
38,2,17,474,2001,1.44
38,2,17,474,2002,1.16
38,2,17,474,2003,0.97
38,2,17,474,2004,0.78
38,2,17,474,2005,0.67
38,2,17,474,2006,0.59
38,2,17,474,2007,0.56
38,2,17,474,2008,0.52
38,2,17,474,2009,0.5
38,2,17,474,2010,0.49
38,2,17,474,2011,0.54
38,2,17,474,2012,0.55
38,2,17,474,2013,0.58
38,2,17,474,2014,0.6
38,2,17,474,2015,0.66
38,2,17,474,2016,0.69
38,2,17,474,2017,0.78
38,2,18,474,1990,2
38,2,18,474,1991,2.01
38,2,18,474,1992,2.02
38,2,18,474,1993,2.04
38,2,18,474,1994,2.04
38,2,18,474,1995,2.05
38,2,18,474,1996,2.16
38,2,18,474,1997,2.19
38,2,18,474,1998,2.25
38,2,18,474,1999,2.16
38,2,18,474,2000,1.89
38,2,18,474,2001,1.5
38,2,18,474,2002,1.21
38,2,18,474,2003,0.99
38,2,18,474,2004,0.86
38,2,18,474,2005,0.78
38,2,18,474,2006,0.76
38,2,18,474,2007,0.7
38,2,18,474,2008,0.68
38,2,18,474,2009,0.66
38,2,18,474,2010,0.68
38,2,18,474,2011,0.67
38,2,18,474,2012,0.67
38,2,18,474,2013,0.65
38,2,18,474,2014,0.64
38,2,18,474,2015,0.64
38,2,18,474,2016,0.74
38,2,18,474,2017,0.76
38,2,19,474,1990,1.9
38,2,19,474,1991,1.95
38,2,19,474,1992,2.06
38,2,19,474,1993,2.08
38,2,19,474,1994,2.19
38,2,19,474,1995,2.32
38,2,19,474,1996,2.26
38,2,19,474,1997,2.17
38,2,19,474,1998,2.04
38,2,19,474,1999,1.81
38,2,19,474,2000,1.48
38,2,19,474,2001,1.3
38,2,19,474,2002,1.07
38,2,19,474,2003,0.99
38,2,19,474,2004,0.94
38,2,19,474,2005,0.91
38,2,19,474,2006,0.79
38,2,19,474,2007,0.71
38,2,19,474,2008,0.68
38,2,19,474,2009,0.71
38,2,19,474,2010,0.68
38,2,19,474,2011,0.7
38,2,19,474,2012,0.68
38,2,19,474,2013,0.69
38,2,19,474,2014,0.67
38,2,19,474,2015,0.69
38,2,19,474,2016,0.68
38,2,19,474,2017,0.71
38,2,20,474,1990,2.93
38,2,20,474,1991,2.98
38,2,20,474,1992,3
38,2,20,474,1993,3.08
38,2,20,474,1994,2.98
38,2,20,474,1995,2.87
38,2,20,474,1996,2.82
38,2,20,474,1997,2.81
38,2,20,474,1998,2.58
38,2,20,474,1999,2.37
38,2,20,474,2000,2.03
38,2,20,474,2001,1.63
38,2,20,474,2002,1.33
38,2,20,474,2003,1.12
38,2,20,474,2004,0.97
38,2,20,474,2005,0.87
38,2,20,474,2006,0.85
38,2,20,474,2007,0.83
38,2,20,474,2008,0.89
38,2,20,474,2009,0.98
38,2,20,474,2010,0.96
38,2,20,474,2011,0.92
38,2,20,474,2012,0.88
38,2,20,474,2013,0.86
38,2,20,474,2014,0.86
38,2,20,474,2015,0.85
38,2,20,474,2016,0.91
38,2,20,474,2017,0.91
38,2,22,474,1990,15.6
38,2,22,474,1991,16.21
38,2,22,474,1992,16.63
38,2,22,474,1993,17.39
38,2,22,474,1994,17.92
38,2,22,474,1995,18.41
38,2,22,474,1996,18.49
38,2,22,474,1997,18.45
38,2,22,474,1998,17.72
38,2,22,474,1999,16.33
38,2,22,474,2000,13.98
38,2,22,474,2001,11.8
38,2,22,474,2002,9.88
38,2,22,474,2003,8.47
38,2,22,474,2004,7.49
38,2,22,474,2005,6.82
38,2,22,474,2006,6.37
38,2,22,474,2007,6.03
38,2,22,474,2008,5.95
38,2,22,474,2009,6.07
38,2,22,474,2010,5.99
38,2,22,474,2011,6.16
38,2,22,474,2012,6.2
38,2,22,474,2013,6.32
38,2,22,474,2014,6.45
38,2,22,474,2015,6.7
38,2,22,474,2016,7.13
38,2,22,474,2017,7.45
38,2,30,474,1990,1.05
38,2,30,474,1991,1.1
38,2,30,474,1992,1.13
38,2,30,474,1993,1.24
38,2,30,474,1994,1.34
38,2,30,474,1995,1.38
38,2,30,474,1996,1.36
38,2,30,474,1997,1.31
38,2,30,474,1998,1.21
38,2,30,474,1999,1.07
38,2,30,474,2000,0.94
38,2,30,474,2001,0.84
38,2,30,474,2002,0.79
38,2,30,474,2003,0.71
38,2,30,474,2004,0.67
38,2,30,474,2005,0.65
38,2,30,474,2006,0.59
38,2,30,474,2007,0.53
38,2,30,474,2008,0.53
38,2,30,474,2009,0.55
38,2,30,474,2010,0.53
38,2,30,474,2011,0.57
38,2,30,474,2012,0.57
38,2,30,474,2013,0.63
38,2,30,474,2014,0.67
38,2,30,474,2015,0.73
38,2,30,474,2016,0.8
38,2,30,474,2017,0.84
38,2,31,474,1990,0.82
38,2,31,474,1991,0.86
38,2,31,474,1992,0.84
38,2,31,474,1993,0.89
38,2,31,474,1994,0.89
38,2,31,474,1995,0.85
38,2,31,474,1996,0.86
38,2,31,474,1997,0.84
38,2,31,474,1998,0.84
38,2,31,474,1999,0.8
38,2,31,474,2000,0.7
38,2,31,474,2001,0.61
38,2,31,474,2002,0.53
38,2,31,474,2003,0.46
38,2,31,474,2004,0.39
38,2,31,474,2005,0.35
38,2,31,474,2006,0.34
38,2,31,474,2007,0.33
38,2,31,474,2008,0.33
38,2,31,474,2009,0.35
38,2,31,474,2010,0.34
38,2,31,474,2011,0.34
38,2,31,474,2012,0.33
38,2,31,474,2013,0.34
38,2,31,474,2014,0.35
38,2,31,474,2015,0.37
38,2,31,474,2016,0.44
38,2,31,474,2017,0.49
38,2,32,474,1990,0.29
38,2,32,474,1991,0.31
38,2,32,474,1992,0.32
38,2,32,474,1993,0.35
38,2,32,474,1994,0.4
38,2,32,474,1995,0.42
38,2,32,474,1996,0.44
38,2,32,474,1997,0.41
38,2,32,474,1998,0.38
38,2,32,474,1999,0.33
38,2,32,474,2000,0.27
38,2,32,474,2001,0.24
38,2,32,474,2002,0.21
38,2,32,474,2003,0.19
38,2,32,474,2004,0.17
38,2,32,474,2005,0.16
38,2,32,474,2006,0.15
38,2,32,474,2007,0.14
38,2,32,474,2008,0.13
38,2,32,474,2009,0.12
38,2,32,474,2010,0.11
38,2,32,474,2011,0.12
38,2,32,474,2012,0.14
38,2,32,474,2013,0.15
38,2,32,474,2014,0.16
38,2,32,474,2015,0.18
38,2,32,474,2016,0.18
38,2,32,474,2017,0.18
38,2,235,474,1990,0.06
38,2,235,474,1991,0.06
38,2,235,474,1992,0.06
38,2,235,474,1993,0.06
38,2,235,474,1994,0.07
38,2,235,474,1995,0.08
38,2,235,474,1996,0.08
38,2,235,474,1997,0.09
38,2,235,474,1998,0.09
38,2,235,474,1999,0.09
38,2,235,474,2000,0.08
38,2,235,474,2001,0.07
38,2,235,474,2002,0.05
38,2,235,474,2003,0.04
38,2,235,474,2004,0.04
38,2,235,474,2005,0.03
38,2,235,474,2006,0.03
38,2,235,474,2007,0.03
38,2,235,474,2008,0.03
38,2,235,474,2009,0.03
38,2,235,474,2010,0.03
38,2,235,474,2011,0.03
38,2,235,474,2012,0.03
38,2,235,474,2013,0.03
38,2,235,474,2014,0.03
38,2,235,474,2015,0.03
38,2,235,474,2016,0.03
38,2,235,474,2017,0.03
39,2,8,474,1990,0.03
39,2,8,474,1991,0.03
39,2,8,474,1992,0.03
39,2,8,474,1993,0.03
39,2,8,474,1994,0.03
39,2,8,474,1995,0.03
39,2,8,474,1996,0.03
39,2,8,474,1997,0.04
39,2,8,474,1998,0.04
39,2,8,474,1999,0.04
39,2,8,474,2000,0.04
39,2,8,474,2001,0.04
39,2,8,474,2002,0.05
39,2,8,474,2003,0.05
39,2,8,474,2004,0.05
39,2,8,474,2005,0.05
39,2,8,474,2006,0.06
39,2,8,474,2007,0.06
39,2,8,474,2008,0.06
39,2,8,474,2009,0.06
39,2,8,474,2010,0.06
39,2,8,474,2011,0.06
39,2,8,474,2012,0.06
39,2,8,474,2013,0.06
39,2,8,474,2014,0.06
39,2,8,474,2015,0.06
39,2,8,474,2016,0.06
39,2,8,474,2017,0.06
39,2,9,474,1990,0.02
39,2,9,474,1991,0.02
39,2,9,474,1992,0.03
39,2,9,474,1993,0.03
39,2,9,474,1994,0.03
39,2,9,474,1995,0.03
39,2,9,474,1996,0.03
39,2,9,474,1997,0.03
39,2,9,474,1998,0.03
39,2,9,474,1999,0.03
39,2,9,474,2000,0.03
39,2,9,474,2001,0.03
39,2,9,474,2002,0.04
39,2,9,474,2003,0.04
39,2,9,474,2004,0.04
39,2,9,474,2005,0.05
39,2,9,474,2006,0.05
39,2,9,474,2007,0.05
39,2,9,474,2008,0.05
39,2,9,474,2009,0.05
39,2,9,474,2010,0.06
39,2,9,474,2011,0.06
39,2,9,474,2012,0.06
39,2,9,474,2013,0.06
39,2,9,474,2014,0.06
39,2,9,474,2015,0.06
39,2,9,474,2016,0.06
39,2,9,474,2017,0.06
39,2,10,474,1990,0.02
39,2,10,474,1991,0.02
39,2,10,474,1992,0.02
39,2,10,474,1993,0.02
39,2,10,474,1994,0.02
39,2,10,474,1995,0.02
39,2,10,474,1996,0.02
39,2,10,474,1997,0.03
39,2,10,474,1998,0.03
39,2,10,474,1999,0.02
39,2,10,474,2000,0.02
39,2,10,474,2001,0.02
39,2,10,474,2002,0.03
39,2,10,474,2003,0.03
39,2,10,474,2004,0.03
39,2,10,474,2005,0.03
39,2,10,474,2006,0.03
39,2,10,474,2007,0.03
39,2,10,474,2008,0.03
39,2,10,474,2009,0.04
39,2,10,474,2010,0.04
39,2,10,474,2011,0.04
39,2,10,474,2012,0.04
39,2,10,474,2013,0.05
39,2,10,474,2014,0.05
39,2,10,474,2015,0.05
39,2,10,474,2016,0.05
39,2,10,474,2017,0.05
39,2,11,474,1990,0.04
39,2,11,474,1991,0.04
39,2,11,474,1992,0.05
39,2,11,474,1993,0.05
39,2,11,474,1994,0.05
39,2,11,474,1995,0.05
39,2,11,474,1996,0.05
39,2,11,474,1997,0.05
39,2,11,474,1998,0.05
39,2,11,474,1999,0.05
39,2,11,474,2000,0.05
39,2,11,474,2001,0.05
39,2,11,474,2002,0.05
39,2,11,474,2003,0.05
39,2,11,474,2004,0.05
39,2,11,474,2005,0.05
39,2,11,474,2006,0.05
39,2,11,474,2007,0.05
39,2,11,474,2008,0.05
39,2,11,474,2009,0.05
39,2,11,474,2010,0.06
39,2,11,474,2011,0.06
39,2,11,474,2012,0.06
39,2,11,474,2013,0.06
39,2,11,474,2014,0.06
39,2,11,474,2015,0.07
39,2,11,474,2016,0.07
39,2,11,474,2017,0.08
39,2,12,474,1990,0.08
39,2,12,474,1991,0.09
39,2,12,474,1992,0.1
39,2,12,474,1993,0.1
39,2,12,474,1994,0.11
39,2,12,474,1995,0.11
39,2,12,474,1996,0.13
39,2,12,474,1997,0.13
39,2,12,474,1998,0.13
39,2,12,474,1999,0.15
39,2,12,474,2000,0.15
39,2,12,474,2001,0.15
39,2,12,474,2002,0.15
39,2,12,474,2003,0.16
39,2,12,474,2004,0.15
39,2,12,474,2005,0.16
39,2,12,474,2006,0.16
39,2,12,474,2007,0.16
39,2,12,474,2008,0.16
39,2,12,474,2009,0.16
39,2,12,474,2010,0.16
39,2,12,474,2011,0.16
39,2,12,474,2012,0.17
39,2,12,474,2013,0.17
39,2,12,474,2014,0.17
39,2,12,474,2015,0.17
39,2,12,474,2016,0.18
39,2,12,474,2017,0.18
39,2,13,474,1990,0.21
39,2,13,474,1991,0.24
39,2,13,474,1992,0.28
39,2,13,474,1993,0.3
39,2,13,474,1994,0.34
39,2,13,474,1995,0.36
39,2,13,474,1996,0.38
39,2,13,474,1997,0.39
39,2,13,474,1998,0.41
39,2,13,474,1999,0.44
39,2,13,474,2000,0.47
39,2,13,474,2001,0.51
39,2,13,474,2002,0.53
39,2,13,474,2003,0.56
39,2,13,474,2004,0.57
39,2,13,474,2005,0.59
39,2,13,474,2006,0.59
39,2,13,474,2007,0.59
39,2,13,474,2008,0.6
39,2,13,474,2009,0.6
39,2,13,474,2010,0.61
39,2,13,474,2011,0.62
39,2,13,474,2012,0.62
39,2,13,474,2013,0.62
39,2,13,474,2014,0.64
39,2,13,474,2015,0.66
39,2,13,474,2016,0.69
39,2,13,474,2017,0.69
39,2,14,474,1990,0.44
39,2,14,474,1991,0.37
39,2,14,474,1992,0.37
39,2,14,474,1993,0.43
39,2,14,474,1994,0.52
39,2,14,474,1995,0.59
39,2,14,474,1996,0.64
39,2,14,474,1997,0.69
39,2,14,474,1998,0.73
39,2,14,474,1999,0.75
39,2,14,474,2000,0.78
39,2,14,474,2001,0.83
39,2,14,474,2002,0.87
39,2,14,474,2003,0.92
39,2,14,474,2004,0.97
39,2,14,474,2005,1.06
39,2,14,474,2006,1.14
39,2,14,474,2007,1.19
39,2,14,474,2008,1.23
39,2,14,474,2009,1.29
39,2,14,474,2010,1.32
39,2,14,474,2011,1.35
39,2,14,474,2012,1.38
39,2,14,474,2013,1.41
39,2,14,474,2014,1.44
39,2,14,474,2015,1.46
39,2,14,474,2016,1.52
39,2,14,474,2017,1.55
39,2,15,474,1990,0.72
39,2,15,474,1991,0.78
39,2,15,474,1992,0.75
39,2,15,474,1993,0.66
39,2,15,474,1994,0.57
39,2,15,474,1995,0.49
39,2,15,474,1996,0.43
39,2,15,474,1997,0.41
39,2,15,474,1998,0.42
39,2,15,474,1999,0.47
39,2,15,474,2000,0.53
39,2,15,474,2001,0.6
39,2,15,474,2002,0.64
39,2,15,474,2003,0.69
39,2,15,474,2004,0.75
39,2,15,474,2005,0.81
39,2,15,474,2006,0.86
39,2,15,474,2007,0.93
39,2,15,474,2008,0.99
39,2,15,474,2009,1.08
39,2,15,474,2010,1.17
39,2,15,474,2011,1.27
39,2,15,474,2012,1.33
39,2,15,474,2013,1.38
39,2,15,474,2014,1.46
39,2,15,474,2015,1.51
39,2,15,474,2016,1.57
39,2,15,474,2017,1.6
39,2,16,474,1990,0.76
39,2,16,474,1991,0.74
39,2,16,474,1992,0.78
39,2,16,474,1993,0.78
39,2,16,474,1994,0.83
39,2,16,474,1995,0.82
39,2,16,474,1996,0.8
39,2,16,474,1997,0.73
39,2,16,474,1998,0.66
39,2,16,474,1999,0.54
39,2,16,474,2000,0.46
39,2,16,474,2001,0.4
39,2,16,474,2002,0.38
39,2,16,474,2003,0.4
39,2,16,474,2004,0.44
39,2,16,474,2005,0.52
39,2,16,474,2006,0.59
39,2,16,474,2007,0.65
39,2,16,474,2008,0.71
39,2,16,474,2009,0.78
39,2,16,474,2010,0.84
39,2,16,474,2011,0.9
39,2,16,474,2012,0.98
39,2,16,474,2013,1.06
39,2,16,474,2014,1.16
39,2,16,474,2015,1.28
39,2,16,474,2016,1.41
39,2,16,474,2017,1.51
39,2,17,474,1990,0.89
39,2,17,474,1991,1.01
39,2,17,474,1992,1
39,2,17,474,1993,1.04
39,2,17,474,1994,1.05
39,2,17,474,1995,1.04
39,2,17,474,1996,0.96
39,2,17,474,1997,0.96
39,2,17,474,1998,0.9
39,2,17,474,1999,0.83
39,2,17,474,2000,0.81
39,2,17,474,2001,0.81
39,2,17,474,2002,0.73
39,2,17,474,2003,0.67
39,2,17,474,2004,0.58
39,2,17,474,2005,0.52
39,2,17,474,2006,0.46
39,2,17,474,2007,0.47
39,2,17,474,2008,0.51
39,2,17,474,2009,0.6
39,2,17,474,2010,0.69
39,2,17,474,2011,0.8
39,2,17,474,2012,0.88
39,2,17,474,2013,0.97
39,2,17,474,2014,1.07
39,2,17,474,2015,1.16
39,2,17,474,2016,1.29
39,2,17,474,2017,1.43
39,2,18,474,1990,0.84
39,2,18,474,1991,0.89
39,2,18,474,1992,0.94
39,2,18,474,1993,0.95
39,2,18,474,1994,1.04
39,2,18,474,1995,1.02
39,2,18,474,1996,1.07
39,2,18,474,1997,0.98
39,2,18,474,1998,0.95
39,2,18,474,1999,0.85
39,2,18,474,2000,0.82
39,2,18,474,2001,0.76
39,2,18,474,2002,0.76
39,2,18,474,2003,0.72
39,2,18,474,2004,0.71
39,2,18,474,2005,0.72
39,2,18,474,2006,0.73
39,2,18,474,2007,0.69
39,2,18,474,2008,0.64
39,2,18,474,2009,0.57
39,2,18,474,2010,0.52
39,2,18,474,2011,0.47
39,2,18,474,2012,0.49
39,2,18,474,2013,0.55
39,2,18,474,2014,0.64
39,2,18,474,2015,0.76
39,2,18,474,2016,0.89
39,2,18,474,2017,1
39,2,19,474,1990,0.89
39,2,19,474,1991,1.01
39,2,19,474,1992,1.03
39,2,19,474,1993,1.08
39,2,19,474,1994,1.13
39,2,19,474,1995,1.2
39,2,19,474,1996,1.16
39,2,19,474,1997,1.13
39,2,19,474,1998,1.08
39,2,19,474,1999,1.06
39,2,19,474,2000,1.03
39,2,19,474,2001,1.09
39,2,19,474,2002,0.98
39,2,19,474,2003,0.99
39,2,19,474,2004,0.93
39,2,19,474,2005,0.94
39,2,19,474,2006,0.92
39,2,19,474,2007,0.97
39,2,19,474,2008,0.94
39,2,19,474,2009,0.98
39,2,19,474,2010,0.99
39,2,19,474,2011,1.01
39,2,19,474,2012,0.96
39,2,19,474,2013,0.91
39,2,19,474,2014,0.82
39,2,19,474,2015,0.74
39,2,19,474,2016,0.7
39,2,19,474,2017,0.74
39,2,20,474,1990,1.43
39,2,20,474,1991,1.5
39,2,20,474,1992,1.47
39,2,20,474,1993,1.36
39,2,20,474,1994,1.36
39,2,20,474,1995,1.33
39,2,20,474,1996,1.44
39,2,20,474,1997,1.4
39,2,20,474,1998,1.42
39,2,20,474,1999,1.39
39,2,20,474,2000,1.45
39,2,20,474,2001,1.42
39,2,20,474,2002,1.39
39,2,20,474,2003,1.35
39,2,20,474,2004,1.36
39,2,20,474,2005,1.36
39,2,20,474,2006,1.52
39,2,20,474,2007,1.48
39,2,20,474,2008,1.55
39,2,20,474,2009,1.56
39,2,20,474,2010,1.58
39,2,20,474,2011,1.53
39,2,20,474,2012,1.62
39,2,20,474,2013,1.61
39,2,20,474,2014,1.63
39,2,20,474,2015,1.64
39,2,20,474,2016,1.7
39,2,20,474,2017,1.63
39,2,22,474,1990,10.52
39,2,22,474,1991,11.03
39,2,22,474,1992,11.18
39,2,22,474,1993,11.08
39,2,22,474,1994,11.39
39,2,22,474,1995,11.5
39,2,22,474,1996,11.68
39,2,22,474,1997,11.32
39,2,22,474,1998,11.07
39,2,22,474,1999,10.95
39,2,22,474,2000,10.97
39,2,22,474,2001,11.08
39,2,22,474,2002,10.69
39,2,22,474,2003,10.59
39,2,22,474,2004,10.54
39,2,22,474,2005,10.83
39,2,22,474,2006,11.32
39,2,22,474,2007,11.49
39,2,22,474,2008,11.75
39,2,22,474,2009,12.27
39,2,22,474,2010,12.63
39,2,22,474,2011,13.11
39,2,22,474,2012,13.43
39,2,22,474,2013,13.85
39,2,22,474,2014,14.28
39,2,22,474,2015,14.63
39,2,22,474,2016,15.37
39,2,22,474,2017,15.79
39,2,30,474,1990,1.72
39,2,30,474,1991,1.76
39,2,30,474,1992,1.76
39,2,30,474,1993,1.75
39,2,30,474,1994,1.8
39,2,30,474,1995,1.83
39,2,30,474,1996,1.85
39,2,30,474,1997,1.73
39,2,30,474,1998,1.63
39,2,30,474,1999,1.69
39,2,30,474,2000,1.65
39,2,30,474,2001,1.73
39,2,30,474,2002,1.62
39,2,30,474,2003,1.61
39,2,30,474,2004,1.57
39,2,30,474,2005,1.66
39,2,30,474,2006,1.68
39,2,30,474,2007,1.72
39,2,30,474,2008,1.74
39,2,30,474,2009,1.91
39,2,30,474,2010,1.91
39,2,30,474,2011,2.09
39,2,30,474,2012,2.05
39,2,30,474,2013,2.16
39,2,30,474,2014,2.1
39,2,30,474,2015,2.08
39,2,30,474,2016,2.06
39,2,30,474,2017,2.17
39,2,31,474,1990,1.7
39,2,31,474,1991,1.74
39,2,31,474,1992,1.75
39,2,31,474,1993,1.64
39,2,31,474,1994,1.58
39,2,31,474,1995,1.62
39,2,31,474,1996,1.69
39,2,31,474,1997,1.68
39,2,31,474,1998,1.67
39,2,31,474,1999,1.69
39,2,31,474,2000,1.68
39,2,31,474,2001,1.66
39,2,31,474,2002,1.53
39,2,31,474,2003,1.42
39,2,31,474,2004,1.41
39,2,31,474,2005,1.38
39,2,31,474,2006,1.53
39,2,31,474,2007,1.54
39,2,31,474,2008,1.59
39,2,31,474,2009,1.64
39,2,31,474,2010,1.73
39,2,31,474,2011,1.71
39,2,31,474,2012,1.75
39,2,31,474,2013,1.78
39,2,31,474,2014,1.88
39,2,31,474,2015,1.85
39,2,31,474,2016,2.03
39,2,31,474,2017,1.94
39,2,32,474,1990,0.62
39,2,32,474,1991,0.68
39,2,32,474,1992,0.73
39,2,32,474,1993,0.76
39,2,32,474,1994,0.8
39,2,32,474,1995,0.82
39,2,32,474,1996,0.85
39,2,32,474,1997,0.8
39,2,32,474,1998,0.77
39,2,32,474,1999,0.78
39,2,32,474,2000,0.8
39,2,32,474,2001,0.8
39,2,32,474,2002,0.78
39,2,32,474,2003,0.77
39,2,32,474,2004,0.77
39,2,32,474,2005,0.78
39,2,32,474,2006,0.77
39,2,32,474,2007,0.74
39,2,32,474,2008,0.72
39,2,32,474,2009,0.74
39,2,32,474,2010,0.73
39,2,32,474,2011,0.81
39,2,32,474,2012,0.82
39,2,32,474,2013,0.86
39,2,32,474,2014,0.86
39,2,32,474,2015,0.9
39,2,32,474,2016,0.91
39,2,32,474,2017,0.92
39,2,235,474,1990,0.1
39,2,235,474,1991,0.11
39,2,235,474,1992,0.11
39,2,235,474,1993,0.12
39,2,235,474,1994,0.12
39,2,235,474,1995,0.13
39,2,235,474,1996,0.14
39,2,235,474,1997,0.15
39,2,235,474,1998,0.15
39,2,235,474,1999,0.16
39,2,235,474,2000,0.17
39,2,235,474,2001,0.17
39,2,235,474,2002,0.16
39,2,235,474,2003,0.16
39,2,235,474,2004,0.16
39,2,235,474,2005,0.17
39,2,235,474,2006,0.17
39,2,235,474,2007,0.17
39,2,235,474,2008,0.17
39,2,235,474,2009,0.17
39,2,235,474,2010,0.17
39,2,235,474,2011,0.17
39,2,235,474,2012,0.16
39,2,235,474,2013,0.16
39,2,235,474,2014,0.17
39,2,235,474,2015,0.16
39,2,235,474,2016,0.18
39,2,235,474,2017,0.18
40,2,8,474,1990,0.02
40,2,8,474,1991,0.02
40,2,8,474,1992,0.02
40,2,8,474,1993,0.02
40,2,8,474,1994,0.02
40,2,8,474,1995,0.02
40,2,8,474,1996,0.02
40,2,8,474,1997,0.02
40,2,8,474,1998,0.02
40,2,8,474,1999,0.02
40,2,8,474,2000,0.02
40,2,8,474,2001,0.02
40,2,8,474,2002,0.02
40,2,8,474,2003,0.02
40,2,8,474,2004,0.02
40,2,8,474,2005,0.02
40,2,8,474,2006,0.02
40,2,8,474,2007,0.02
40,2,8,474,2008,0.02
40,2,8,474,2009,0.02
40,2,8,474,2010,0.02
40,2,8,474,2011,0.02
40,2,8,474,2012,0.01
40,2,8,474,2013,0.01
40,2,8,474,2014,0.01
40,2,8,474,2015,0.01
40,2,8,474,2016,0.01
40,2,8,474,2017,0.01
40,2,9,474,1990,0.02
40,2,9,474,1991,0.02
40,2,9,474,1992,0.02
40,2,9,474,1993,0.02
40,2,9,474,1994,0.02
40,2,9,474,1995,0.02
40,2,9,474,1996,0.02
40,2,9,474,1997,0.02
40,2,9,474,1998,0.02
40,2,9,474,1999,0.02
40,2,9,474,2000,0.02
40,2,9,474,2001,0.02
40,2,9,474,2002,0.03
40,2,9,474,2003,0.03
40,2,9,474,2004,0.03
40,2,9,474,2005,0.04
40,2,9,474,2006,0.04
40,2,9,474,2007,0.04
40,2,9,474,2008,0.04
40,2,9,474,2009,0.04
40,2,9,474,2010,0.05
40,2,9,474,2011,0.05
40,2,9,474,2012,0.05
40,2,9,474,2013,0.05
40,2,9,474,2014,0.05
40,2,9,474,2015,0.04
40,2,9,474,2016,0.04
40,2,9,474,2017,0.04
40,2,10,474,1990,0.02
40,2,10,474,1991,0.02
40,2,10,474,1992,0.02
40,2,10,474,1993,0.02
40,2,10,474,1994,0.02
40,2,10,474,1995,0.02
40,2,10,474,1996,0.02
40,2,10,474,1997,0.02
40,2,10,474,1998,0.02
40,2,10,474,1999,0.02
40,2,10,474,2000,0.02
40,2,10,474,2001,0.02
40,2,10,474,2002,0.02
40,2,10,474,2003,0.02
40,2,10,474,2004,0.02
40,2,10,474,2005,0.02
40,2,10,474,2006,0.02
40,2,10,474,2007,0.02
40,2,10,474,2008,0.02
40,2,10,474,2009,0.02
40,2,10,474,2010,0.02
40,2,10,474,2011,0.02
40,2,10,474,2012,0.02
40,2,10,474,2013,0.02
40,2,10,474,2014,0.02
40,2,10,474,2015,0.02
40,2,10,474,2016,0.02
40,2,10,474,2017,0.02
40,2,11,474,1990,0.04
40,2,11,474,1991,0.04
40,2,11,474,1992,0.05
40,2,11,474,1993,0.05
40,2,11,474,1994,0.06
40,2,11,474,1995,0.06
40,2,11,474,1996,0.06
40,2,11,474,1997,0.06
40,2,11,474,1998,0.05
40,2,11,474,1999,0.05
40,2,11,474,2000,0.04
40,2,11,474,2001,0.05
40,2,11,474,2002,0.05
40,2,11,474,2003,0.06
40,2,11,474,2004,0.06
40,2,11,474,2005,0.07
40,2,11,474,2006,0.07
40,2,11,474,2007,0.07
40,2,11,474,2008,0.07
40,2,11,474,2009,0.07
40,2,11,474,2010,0.07
40,2,11,474,2011,0.08
40,2,11,474,2012,0.08
40,2,11,474,2013,0.08
40,2,11,474,2014,0.08
40,2,11,474,2015,0.08
40,2,11,474,2016,0.08
40,2,11,474,2017,0.08
40,2,12,474,1990,0.06
40,2,12,474,1991,0.06
40,2,12,474,1992,0.07
40,2,12,474,1993,0.08
40,2,12,474,1994,0.09
40,2,12,474,1995,0.1
40,2,12,474,1996,0.1
40,2,12,474,1997,0.11
40,2,12,474,1998,0.1
40,2,12,474,1999,0.1
40,2,12,474,2000,0.09
40,2,12,474,2001,0.1
40,2,12,474,2002,0.1
40,2,12,474,2003,0.11
40,2,12,474,2004,0.11
40,2,12,474,2005,0.12
40,2,12,474,2006,0.12
40,2,12,474,2007,0.12
40,2,12,474,2008,0.12
40,2,12,474,2009,0.12
40,2,12,474,2010,0.12
40,2,12,474,2011,0.13
40,2,12,474,2012,0.13
40,2,12,474,2013,0.13
40,2,12,474,2014,0.13
40,2,12,474,2015,0.13
40,2,12,474,2016,0.13
40,2,12,474,2017,0.13
40,2,13,474,1990,0.06
40,2,13,474,1991,0.07
40,2,13,474,1992,0.08
40,2,13,474,1993,0.1
40,2,13,474,1994,0.12
40,2,13,474,1995,0.13
40,2,13,474,1996,0.14
40,2,13,474,1997,0.15
40,2,13,474,1998,0.14
40,2,13,474,1999,0.14
40,2,13,474,2000,0.14
40,2,13,474,2001,0.15
40,2,13,474,2002,0.16
40,2,13,474,2003,0.18
40,2,13,474,2004,0.19
40,2,13,474,2005,0.21
40,2,13,474,2006,0.2
40,2,13,474,2007,0.2
40,2,13,474,2008,0.2
40,2,13,474,2009,0.19
40,2,13,474,2010,0.19
40,2,13,474,2011,0.2
40,2,13,474,2012,0.2
40,2,13,474,2013,0.19
40,2,13,474,2014,0.19
40,2,13,474,2015,0.18
40,2,13,474,2016,0.19
40,2,13,474,2017,0.19
40,2,14,474,1990,0.12
40,2,14,474,1991,0.12
40,2,14,474,1992,0.13
40,2,14,474,1993,0.14
40,2,14,474,1994,0.14
40,2,14,474,1995,0.15
40,2,14,474,1996,0.17
40,2,14,474,1997,0.19
40,2,14,474,1998,0.21
40,2,14,474,1999,0.22
40,2,14,474,2000,0.23
40,2,14,474,2001,0.24
40,2,14,474,2002,0.26
40,2,14,474,2003,0.3
40,2,14,474,2004,0.32
40,2,14,474,2005,0.38
40,2,14,474,2006,0.39
40,2,14,474,2007,0.41
40,2,14,474,2008,0.45
40,2,14,474,2009,0.45
40,2,14,474,2010,0.46
40,2,14,474,2011,0.5
40,2,14,474,2012,0.49
40,2,14,474,2013,0.49
40,2,14,474,2014,0.48
40,2,14,474,2015,0.46
40,2,14,474,2016,0.46
40,2,14,474,2017,0.45
40,2,15,474,1990,0.25
40,2,15,474,1991,0.25
40,2,15,474,1992,0.25
40,2,15,474,1993,0.26
40,2,15,474,1994,0.26
40,2,15,474,1995,0.25
40,2,15,474,1996,0.25
40,2,15,474,1997,0.25
40,2,15,474,1998,0.24
40,2,15,474,1999,0.23
40,2,15,474,2000,0.22
40,2,15,474,2001,0.25
40,2,15,474,2002,0.3
40,2,15,474,2003,0.37
40,2,15,474,2004,0.42
40,2,15,474,2005,0.51
40,2,15,474,2006,0.51
40,2,15,474,2007,0.53
40,2,15,474,2008,0.59
40,2,15,474,2009,0.6
40,2,15,474,2010,0.64
40,2,15,474,2011,0.73
40,2,15,474,2012,0.76
40,2,15,474,2013,0.77
40,2,15,474,2014,0.78
40,2,15,474,2015,0.76
40,2,15,474,2016,0.76
40,2,15,474,2017,0.76
40,2,16,474,1990,0.42
40,2,16,474,1991,0.43
40,2,16,474,1992,0.45
40,2,16,474,1993,0.48
40,2,16,474,1994,0.5
40,2,16,474,1995,0.49
40,2,16,474,1996,0.49
40,2,16,474,1997,0.47
40,2,16,474,1998,0.44
40,2,16,474,1999,0.41
40,2,16,474,2000,0.38
40,2,16,474,2001,0.39
40,2,16,474,2002,0.41
40,2,16,474,2003,0.46
40,2,16,474,2004,0.47
40,2,16,474,2005,0.53
40,2,16,474,2006,0.6
40,2,16,474,2007,0.69
40,2,16,474,2008,0.84
40,2,16,474,2009,0.95
40,2,16,474,2010,1.05
40,2,16,474,2011,1.22
40,2,16,474,2012,1.28
40,2,16,474,2013,1.33
40,2,16,474,2014,1.37
40,2,16,474,2015,1.4
40,2,16,474,2016,1.45
40,2,16,474,2017,1.5
40,2,17,474,1990,0.61
40,2,17,474,1991,0.61
40,2,17,474,1992,0.61
40,2,17,474,1993,0.64
40,2,17,474,1994,0.65
40,2,17,474,1995,0.65
40,2,17,474,1996,0.67
40,2,17,474,1997,0.67
40,2,17,474,1998,0.65
40,2,17,474,1999,0.63
40,2,17,474,2000,0.59
40,2,17,474,2001,0.59
40,2,17,474,2002,0.61
40,2,17,474,2003,0.66
40,2,17,474,2004,0.65
40,2,17,474,2005,0.7
40,2,17,474,2006,0.67
40,2,17,474,2007,0.66
40,2,17,474,2008,0.7
40,2,17,474,2009,0.69
40,2,17,474,2010,0.73
40,2,17,474,2011,0.9
40,2,17,474,2012,1.02
40,2,17,474,2013,1.14
40,2,17,474,2014,1.24
40,2,17,474,2015,1.33
40,2,17,474,2016,1.4
40,2,17,474,2017,1.44
40,2,18,474,1990,0.69
40,2,18,474,1991,0.72
40,2,18,474,1992,0.78
40,2,18,474,1993,0.88
40,2,18,474,1994,0.92
40,2,18,474,1995,0.93
40,2,18,474,1996,0.94
40,2,18,474,1997,0.92
40,2,18,474,1998,0.88
40,2,18,474,1999,0.84
40,2,18,474,2000,0.81
40,2,18,474,2001,0.84
40,2,18,474,2002,0.89
40,2,18,474,2003,0.95
40,2,18,474,2004,1.01
40,2,18,474,2005,1.1
40,2,18,474,2006,1.05
40,2,18,474,2007,1.02
40,2,18,474,2008,1.02
40,2,18,474,2009,0.99
40,2,18,474,2010,0.99
40,2,18,474,2011,1.03
40,2,18,474,2012,1.01
40,2,18,474,2013,1.03
40,2,18,474,2014,1.01
40,2,18,474,2015,0.99
40,2,18,474,2016,1.14
40,2,18,474,2017,1.29
40,2,19,474,1990,0.77
40,2,19,474,1991,0.78
40,2,19,474,1992,0.81
40,2,19,474,1993,0.89
40,2,19,474,1994,0.94
40,2,19,474,1995,1
40,2,19,474,1996,1.08
40,2,19,474,1997,1.14
40,2,19,474,1998,1.15
40,2,19,474,1999,1.15
40,2,19,474,2000,1.13
40,2,19,474,2001,1.13
40,2,19,474,2002,1.15
40,2,19,474,2003,1.16
40,2,19,474,2004,1.2
40,2,19,474,2005,1.28
40,2,19,474,2006,1.29
40,2,19,474,2007,1.29
40,2,19,474,2008,1.31
40,2,19,474,2009,1.28
40,2,19,474,2010,1.25
40,2,19,474,2011,1.23
40,2,19,474,2012,1.22
40,2,19,474,2013,1.21
40,2,19,474,2014,1.19
40,2,19,474,2015,1.13
40,2,19,474,2016,1.13
40,2,19,474,2017,1.12
40,2,20,474,1990,1.14
40,2,20,474,1991,1.13
40,2,20,474,1992,1.12
40,2,20,474,1993,1.16
40,2,20,474,1994,1.18
40,2,20,474,1995,1.2
40,2,20,474,1996,1.23
40,2,20,474,1997,1.25
40,2,20,474,1998,1.25
40,2,20,474,1999,1.26
40,2,20,474,2000,1.29
40,2,20,474,2001,1.39
40,2,20,474,2002,1.52
40,2,20,474,2003,1.64
40,2,20,474,2004,1.77
40,2,20,474,2005,1.87
40,2,20,474,2006,1.88
40,2,20,474,2007,1.83
40,2,20,474,2008,1.78
40,2,20,474,2009,1.71
40,2,20,474,2010,1.7
40,2,20,474,2011,1.77
40,2,20,474,2012,1.82
40,2,20,474,2013,1.89
40,2,20,474,2014,1.91
40,2,20,474,2015,1.85
40,2,20,474,2016,1.81
40,2,20,474,2017,1.78
40,2,22,474,1990,6.45
40,2,22,474,1991,6.59
40,2,22,474,1992,6.84
40,2,22,474,1993,7.38
40,2,22,474,1994,7.7
40,2,22,474,1995,7.9
40,2,22,474,1996,8.16
40,2,22,474,1997,8.25
40,2,22,474,1998,8.09
40,2,22,474,1999,7.99
40,2,22,474,2000,7.86
40,2,22,474,2001,8.18
40,2,22,474,2002,8.63
40,2,22,474,2003,9.19
40,2,22,474,2004,9.69
40,2,22,474,2005,10.53
40,2,22,474,2006,10.7
40,2,22,474,2007,10.84
40,2,22,474,2008,11.22
40,2,22,474,2009,11.21
40,2,22,474,2010,11.45
40,2,22,474,2011,12.23
40,2,22,474,2012,12.63
40,2,22,474,2013,13.09
40,2,22,474,2014,13.29
40,2,22,474,2015,13.2
40,2,22,474,2016,13.53
40,2,22,474,2017,13.85
40,2,30,474,1990,1.05
40,2,30,474,1991,1.11
40,2,30,474,1992,1.17
40,2,30,474,1993,1.28
40,2,30,474,1994,1.37
40,2,30,474,1995,1.39
40,2,30,474,1996,1.4
40,2,30,474,1997,1.39
40,2,30,474,1998,1.33
40,2,30,474,1999,1.29
40,2,30,474,2000,1.27
40,2,30,474,2001,1.32
40,2,30,474,2002,1.38
40,2,30,474,2003,1.46
40,2,30,474,2004,1.58
40,2,30,474,2005,1.73
40,2,30,474,2006,1.86
40,2,30,474,2007,1.94
40,2,30,474,2008,2.03
40,2,30,474,2009,2.04
40,2,30,474,2010,2.05
40,2,30,474,2011,2.11
40,2,30,474,2012,2.13
40,2,30,474,2013,2.13
40,2,30,474,2014,2.11
40,2,30,474,2015,2.1
40,2,30,474,2016,2.15
40,2,30,474,2017,2.22
40,2,31,474,1990,0.73
40,2,31,474,1991,0.73
40,2,31,474,1992,0.75
40,2,31,474,1993,0.78
40,2,31,474,1994,0.79
40,2,31,474,1995,0.83
40,2,31,474,1996,0.87
40,2,31,474,1997,0.91
40,2,31,474,1998,0.93
40,2,31,474,1999,0.94
40,2,31,474,2000,0.93
40,2,31,474,2001,0.95
40,2,31,474,2002,0.97
40,2,31,474,2003,0.99
40,2,31,474,2004,1.02
40,2,31,474,2005,1.08
40,2,31,474,2006,1.11
40,2,31,474,2007,1.14
40,2,31,474,2008,1.17
40,2,31,474,2009,1.21
40,2,31,474,2010,1.28
40,2,31,474,2011,1.4
40,2,31,474,2012,1.54
40,2,31,474,2013,1.69
40,2,31,474,2014,1.77
40,2,31,474,2015,1.73
40,2,31,474,2016,1.73
40,2,31,474,2017,1.74
40,2,32,474,1990,0.33
40,2,32,474,1991,0.35
40,2,32,474,1992,0.4
40,2,32,474,1993,0.46
40,2,32,474,1994,0.5
40,2,32,474,1995,0.53
40,2,32,474,1996,0.54
40,2,32,474,1997,0.53
40,2,32,474,1998,0.51
40,2,32,474,1999,0.5
40,2,32,474,2000,0.51
40,2,32,474,2001,0.54
40,2,32,474,2002,0.58
40,2,32,474,2003,0.62
40,2,32,474,2004,0.65
40,2,32,474,2005,0.67
40,2,32,474,2006,0.67
40,2,32,474,2007,0.65
40,2,32,474,2008,0.64
40,2,32,474,2009,0.62
40,2,32,474,2010,0.63
40,2,32,474,2011,0.65
40,2,32,474,2012,0.68
40,2,32,474,2013,0.73
40,2,32,474,2014,0.76
40,2,32,474,2015,0.79
40,2,32,474,2016,0.84
40,2,32,474,2017,0.89
40,2,235,474,1990,0.11
40,2,235,474,1991,0.11
40,2,235,474,1992,0.12
40,2,235,474,1993,0.12
40,2,235,474,1994,0.13
40,2,235,474,1995,0.14
40,2,235,474,1996,0.15
40,2,235,474,1997,0.15
40,2,235,474,1998,0.16
40,2,235,474,1999,0.16
40,2,235,474,2000,0.17
40,2,235,474,2001,0.17
40,2,235,474,2002,0.17
40,2,235,474,2003,0.17
40,2,235,474,2004,0.18
40,2,235,474,2005,0.19
40,2,235,474,2006,0.2
40,2,235,474,2007,0.2
40,2,235,474,2008,0.21
40,2,235,474,2009,0.2
40,2,235,474,2010,0.2
40,2,235,474,2011,0.2
40,2,235,474,2012,0.2
40,2,235,474,2013,0.2
40,2,235,474,2014,0.2
40,2,235,474,2015,0.2
40,2,235,474,2016,0.2
40,2,235,474,2017,0.2
41,2,8,474,1990,0.1
41,2,8,474,1991,0.1
41,2,8,474,1992,0.1
41,2,8,474,1993,0.11
41,2,8,474,1994,0.11
41,2,8,474,1995,0.11
41,2,8,474,1996,0.11
41,2,8,474,1997,0.11
41,2,8,474,1998,0.12
41,2,8,474,1999,0.12
41,2,8,474,2000,0.13
41,2,8,474,2001,0.13
41,2,8,474,2002,0.14
41,2,8,474,2003,0.16
41,2,8,474,2004,0.18
41,2,8,474,2005,0.19
41,2,8,474,2006,0.19
41,2,8,474,2007,0.18
41,2,8,474,2008,0.17
41,2,8,474,2009,0.17
41,2,8,474,2010,0.17
41,2,8,474,2011,0.16
41,2,8,474,2012,0.16
41,2,8,474,2013,0.16
41,2,8,474,2014,0.15
41,2,8,474,2015,0.15
41,2,8,474,2016,0.15
41,2,8,474,2017,0.14
41,2,9,474,1990,0.09
41,2,9,474,1991,0.09
41,2,9,474,1992,0.09
41,2,9,474,1993,0.1
41,2,9,474,1994,0.1
41,2,9,474,1995,0.1
41,2,9,474,1996,0.1
41,2,9,474,1997,0.1
41,2,9,474,1998,0.11
41,2,9,474,1999,0.11
41,2,9,474,2000,0.11
41,2,9,474,2001,0.11
41,2,9,474,2002,0.12
41,2,9,474,2003,0.12
41,2,9,474,2004,0.14
41,2,9,474,2005,0.15
41,2,9,474,2006,0.15
41,2,9,474,2007,0.15
41,2,9,474,2008,0.15
41,2,9,474,2009,0.15
41,2,9,474,2010,0.15
41,2,9,474,2011,0.16
41,2,9,474,2012,0.16
41,2,9,474,2013,0.16
41,2,9,474,2014,0.16
41,2,9,474,2015,0.16
41,2,9,474,2016,0.16
41,2,9,474,2017,0.16
41,2,10,474,1990,0.11
41,2,10,474,1991,0.11
41,2,10,474,1992,0.12
41,2,10,474,1993,0.12
41,2,10,474,1994,0.13
41,2,10,474,1995,0.14
41,2,10,474,1996,0.14
41,2,10,474,1997,0.15
41,2,10,474,1998,0.16
41,2,10,474,1999,0.16
41,2,10,474,2000,0.17
41,2,10,474,2001,0.17
41,2,10,474,2002,0.18
41,2,10,474,2003,0.19
41,2,10,474,2004,0.2
41,2,10,474,2005,0.2
41,2,10,474,2006,0.19
41,2,10,474,2007,0.18
41,2,10,474,2008,0.18
41,2,10,474,2009,0.18
41,2,10,474,2010,0.17
41,2,10,474,2011,0.18
41,2,10,474,2012,0.17
41,2,10,474,2013,0.17
41,2,10,474,2014,0.17
41,2,10,474,2015,0.17
41,2,10,474,2016,0.17
41,2,10,474,2017,0.17
41,2,11,474,1990,0.7
41,2,11,474,1991,0.76
41,2,11,474,1992,0.82
41,2,11,474,1993,0.89
41,2,11,474,1994,0.96
41,2,11,474,1995,0.96
41,2,11,474,1996,0.95
41,2,11,474,1997,0.99
41,2,11,474,1998,1.01
41,2,11,474,1999,1
41,2,11,474,2000,1.02
41,2,11,474,2001,1.07
41,2,11,474,2002,1.11
41,2,11,474,2003,1.16
41,2,11,474,2004,1.28
41,2,11,474,2005,1.22
41,2,11,474,2006,1.16
41,2,11,474,2007,1.11
41,2,11,474,2008,1.07
41,2,11,474,2009,1.05
41,2,11,474,2010,0.99
41,2,11,474,2011,0.99
41,2,11,474,2012,0.93
41,2,11,474,2013,0.87
41,2,11,474,2014,0.86
41,2,11,474,2015,0.91
41,2,11,474,2016,0.94
41,2,11,474,2017,0.97
41,2,12,474,1990,0.58
41,2,12,474,1991,0.6
41,2,12,474,1992,0.65
41,2,12,474,1993,0.72
41,2,12,474,1994,0.8
41,2,12,474,1995,0.85
41,2,12,474,1996,0.9
41,2,12,474,1997,0.95
41,2,12,474,1998,1
41,2,12,474,1999,1
41,2,12,474,2000,1.02
41,2,12,474,2001,1.06
41,2,12,474,2002,1.1
41,2,12,474,2003,1.14
41,2,12,474,2004,1.22
41,2,12,474,2005,1.15
41,2,12,474,2006,1.08
41,2,12,474,2007,1.04
41,2,12,474,2008,0.99
41,2,12,474,2009,0.97
41,2,12,474,2010,0.91
41,2,12,474,2011,0.91
41,2,12,474,2012,0.89
41,2,12,474,2013,0.83
41,2,12,474,2014,0.84
41,2,12,474,2015,0.88
41,2,12,474,2016,0.9
41,2,12,474,2017,0.92
41,2,13,474,1990,0.64
41,2,13,474,1991,0.79
41,2,13,474,1992,0.89
41,2,13,474,1993,0.98
41,2,13,474,1994,1.1
41,2,13,474,1995,1.17
41,2,13,474,1996,1.2
41,2,13,474,1997,1.3
41,2,13,474,1998,1.41
41,2,13,474,1999,1.5
41,2,13,474,2000,1.65
41,2,13,474,2001,1.76
41,2,13,474,2002,1.86
41,2,13,474,2003,1.98
41,2,13,474,2004,2.16
41,2,13,474,2005,2.25
41,2,13,474,2006,2.06
41,2,13,474,2007,1.92
41,2,13,474,2008,1.77
41,2,13,474,2009,1.71
41,2,13,474,2010,1.49
41,2,13,474,2011,1.54
41,2,13,474,2012,1.42
41,2,13,474,2013,1.36
41,2,13,474,2014,1.44
41,2,13,474,2015,1.47
41,2,13,474,2016,1.5
41,2,13,474,2017,1.53
41,2,14,474,1990,0.95
41,2,14,474,1991,0.89
41,2,14,474,1992,0.92
41,2,14,474,1993,1.02
41,2,14,474,1994,1.17
41,2,14,474,1995,1.31
41,2,14,474,1996,1.58
41,2,14,474,1997,1.75
41,2,14,474,1998,1.9
41,2,14,474,1999,1.98
41,2,14,474,2000,2.1
41,2,14,474,2001,2.18
41,2,14,474,2002,2.32
41,2,14,474,2003,2.47
41,2,14,474,2004,2.76
41,2,14,474,2005,2.91
41,2,14,474,2006,2.78
41,2,14,474,2007,2.68
41,2,14,474,2008,2.53
41,2,14,474,2009,2.5
41,2,14,474,2010,2.29
41,2,14,474,2011,2.39
41,2,14,474,2012,2.28
41,2,14,474,2013,2.16
41,2,14,474,2014,2.23
41,2,14,474,2015,2.27
41,2,14,474,2016,2.3
41,2,14,474,2017,2.33
41,2,15,474,1990,2.05
41,2,15,474,1991,2.13
41,2,15,474,1992,2.12
41,2,15,474,1993,2.02
41,2,15,474,1994,1.88
41,2,15,474,1995,1.69
41,2,15,474,1996,1.59
41,2,15,474,1997,1.63
41,2,15,474,1998,1.79
41,2,15,474,1999,1.97
41,2,15,474,2000,2.23
41,2,15,474,2001,2.59
41,2,15,474,2002,2.87
41,2,15,474,2003,3.22
41,2,15,474,2004,3.85
41,2,15,474,2005,4.3
41,2,15,474,2006,3.97
41,2,15,474,2007,3.73
41,2,15,474,2008,3.51
41,2,15,474,2009,3.59
41,2,15,474,2010,3.31
41,2,15,474,2011,3.71
41,2,15,474,2012,3.68
41,2,15,474,2013,3.62
41,2,15,474,2014,3.71
41,2,15,474,2015,3.87
41,2,15,474,2016,3.92
41,2,15,474,2017,3.92
41,2,16,474,1990,2.27
41,2,16,474,1991,2.35
41,2,16,474,1992,2.49
41,2,16,474,1993,2.71
41,2,16,474,1994,2.95
41,2,16,474,1995,3.04
41,2,16,474,1996,3.06
41,2,16,474,1997,2.99
41,2,16,474,1998,2.87
41,2,16,474,1999,2.61
41,2,16,474,2000,2.38
41,2,16,474,2001,2.29
41,2,16,474,2002,2.38
41,2,16,474,2003,2.44
41,2,16,474,2004,2.45
41,2,16,474,2005,2.29
41,2,16,474,2006,2.65
41,2,16,474,2007,3.08
41,2,16,474,2008,3.62
41,2,16,474,2009,4.08
41,2,16,474,2010,4.29
41,2,16,474,2011,4.33
41,2,16,474,2012,4.2
41,2,16,474,2013,4.13
41,2,16,474,2014,4.13
41,2,16,474,2015,4.45
41,2,16,474,2016,4.71
41,2,16,474,2017,4.95
41,2,17,474,1990,4.58
41,2,17,474,1991,4.91
41,2,17,474,1992,5.21
41,2,17,474,1993,5.41
41,2,17,474,1994,5.47
41,2,17,474,1995,5.31
41,2,17,474,1996,5.3
41,2,17,474,1997,5.44
41,2,17,474,1998,5.84
41,2,17,474,1999,6.14
41,2,17,474,2000,6.48
41,2,17,474,2001,6.64
41,2,17,474,2002,6.67
41,2,17,474,2003,6.67
41,2,17,474,2004,6.9
41,2,17,474,2005,6.19
41,2,17,474,2006,6.03
41,2,17,474,2007,5.8
41,2,17,474,2008,5.61
41,2,17,474,2009,5.27
41,2,17,474,2010,5.15
41,2,17,474,2011,5.75
41,2,17,474,2012,6.3
41,2,17,474,2013,6.7
41,2,17,474,2014,7.33
41,2,17,474,2015,8.3
41,2,17,474,2016,8.65
41,2,17,474,2017,9
41,2,18,474,1990,4.22
41,2,18,474,1991,4.66
41,2,18,474,1992,5.28
41,2,18,474,1993,5.96
41,2,18,474,1994,6.45
41,2,18,474,1995,6.64
41,2,18,474,1996,6.85
41,2,18,474,1997,7.08
41,2,18,474,1998,7.3
41,2,18,474,1999,7.22
41,2,18,474,2000,7.17
41,2,18,474,2001,7.21
41,2,18,474,2002,7.42
41,2,18,474,2003,7.66
41,2,18,474,2004,8.05
41,2,18,474,2005,7.72
41,2,18,474,2006,7.14
41,2,18,474,2007,6.67
41,2,18,474,2008,6.29
41,2,18,474,2009,5.94
41,2,18,474,2010,5.5
41,2,18,474,2011,5.4
41,2,18,474,2012,4.99
41,2,18,474,2013,4.62
41,2,18,474,2014,4.33
41,2,18,474,2015,4.41
41,2,18,474,2016,5.15
41,2,18,474,2017,5.96
41,2,19,474,1990,3.81
41,2,19,474,1991,4.03
41,2,19,474,1992,4.43
41,2,19,474,1993,4.92
41,2,19,474,1994,5.37
41,2,19,474,1995,5.6
41,2,19,474,1996,5.95
41,2,19,474,1997,6.44
41,2,19,474,1998,7.08
41,2,19,474,1999,7.54
41,2,19,474,2000,7.96
41,2,19,474,2001,8.23
41,2,19,474,2002,8.46
41,2,19,474,2003,8.64
41,2,19,474,2004,9.04
41,2,19,474,2005,8.38
41,2,19,474,2006,8.13
41,2,19,474,2007,7.99
41,2,19,474,2008,7.99
41,2,19,474,2009,7.83
41,2,19,474,2010,7.4
41,2,19,474,2011,7.47
41,2,19,474,2012,6.95
41,2,19,474,2013,6.42
41,2,19,474,2014,6.04
41,2,19,474,2015,6.07
41,2,19,474,2016,6.04
41,2,19,474,2017,5.96
41,2,20,474,1990,5.02
41,2,20,474,1991,5.01
41,2,20,474,1992,5.03
41,2,20,474,1993,5.07
41,2,20,474,1994,5.01
41,2,20,474,1995,4.95
41,2,20,474,1996,5.01
41,2,20,474,1997,5.28
41,2,20,474,1998,5.8
41,2,20,474,1999,6.22
41,2,20,474,2000,6.78
41,2,20,474,2001,7.31
41,2,20,474,2002,8.01
41,2,20,474,2003,8.68
41,2,20,474,2004,9.28
41,2,20,474,2005,9.17
41,2,20,474,2006,9.07
41,2,20,474,2007,9.13
41,2,20,474,2008,9.28
41,2,20,474,2009,9.04
41,2,20,474,2010,8.97
41,2,20,474,2011,9.21
41,2,20,474,2012,9.12
41,2,20,474,2013,9.19
41,2,20,474,2014,9.03
41,2,20,474,2015,8.95
41,2,20,474,2016,8.84
41,2,20,474,2017,8.65
41,2,22,474,1990,34.75
41,2,22,474,1991,36.78
41,2,22,474,1992,39.57
41,2,22,474,1993,42.4
41,2,22,474,1994,44.33
41,2,22,474,1995,44.43
41,2,22,474,1996,45.06
41,2,22,474,1997,46.57
41,2,22,474,1998,48.95
41,2,22,474,1999,49.88
41,2,22,474,2000,51.73
41,2,22,474,2001,53.4
41,2,22,474,2002,55.47
41,2,22,474,2003,57.6
41,2,22,474,2004,60.84
41,2,22,474,2005,59.22
41,2,22,474,2006,57.64
41,2,22,474,2007,56.93
41,2,22,474,2008,56.56
41,2,22,474,2009,55.94
41,2,22,474,2010,54.59
41,2,22,474,2011,56.62
41,2,22,474,2012,56.25
41,2,22,474,2013,55.99
41,2,22,474,2014,56.64
41,2,22,474,2015,58.68
41,2,22,474,2016,60.62
41,2,22,474,2017,62.4
41,2,30,474,1990,4.32
41,2,30,474,1991,4.66
41,2,30,474,1992,5.17
41,2,30,474,1993,5.6
41,2,30,474,1994,5.83
41,2,30,474,1995,5.59
41,2,30,474,1996,5.29
41,2,30,474,1997,5.1
41,2,30,474,1998,5.02
41,2,30,474,1999,4.87
41,2,30,474,2000,5.02
41,2,30,474,2001,5.2
41,2,30,474,2002,5.43
41,2,30,474,2003,5.74
41,2,30,474,2004,6.11
41,2,30,474,2005,6.29
41,2,30,474,2006,6.56
41,2,30,474,2007,6.89
41,2,30,474,2008,7.17
41,2,30,474,2009,7.32
41,2,30,474,2010,7.46
41,2,30,474,2011,7.65
41,2,30,474,2012,7.74
41,2,30,474,2013,7.85
41,2,30,474,2014,7.98
41,2,30,474,2015,8.07
41,2,30,474,2016,8.32
41,2,30,474,2017,8.57
41,2,31,474,1990,3.41
41,2,31,474,1991,3.58
41,2,31,474,1992,3.81
41,2,31,474,1993,3.92
41,2,31,474,1994,3.86
41,2,31,474,1995,3.81
41,2,31,474,1996,3.84
41,2,31,474,1997,4.01
41,2,31,474,1998,4.22
41,2,31,474,1999,4.21
41,2,31,474,2000,4.21
41,2,31,474,2001,4.09
41,2,31,474,2002,3.96
41,2,31,474,2003,3.82
41,2,31,474,2004,3.71
41,2,31,474,2005,3.54
41,2,31,474,2006,3.48
41,2,31,474,2007,3.57
41,2,31,474,2008,3.6
41,2,31,474,2009,3.64
41,2,31,474,2010,3.87
41,2,31,474,2011,4.24
41,2,31,474,2012,4.63
41,2,31,474,2013,5.01
41,2,31,474,2014,5.37
41,2,31,474,2015,5.49
41,2,31,474,2016,5.6
41,2,31,474,2017,5.67
41,2,32,474,1990,1.47
41,2,32,474,1991,1.68
41,2,32,474,1992,2.02
41,2,32,474,1993,2.38
41,2,32,474,1994,2.62
41,2,32,474,1995,2.65
41,2,32,474,1996,2.61
41,2,32,474,1997,2.6
41,2,32,474,1998,2.58
41,2,32,474,1999,2.45
41,2,32,474,2000,2.5
41,2,32,474,2001,2.57
41,2,32,474,2002,2.64
41,2,32,474,2003,2.71
41,2,32,474,2004,2.73
41,2,32,474,2005,2.52
41,2,32,474,2006,2.3
41,2,32,474,2007,2.15
41,2,32,474,2008,2.01
41,2,32,474,2009,1.9
41,2,32,474,2010,1.91
41,2,32,474,2011,1.98
41,2,32,474,2012,2.07
41,2,32,474,2013,2.19
41,2,32,474,2014,2.33
41,2,32,474,2015,2.5
41,2,32,474,2016,2.71
41,2,32,474,2017,2.92
41,2,235,474,1990,0.4
41,2,235,474,1991,0.41
41,2,235,474,1992,0.44
41,2,235,474,1993,0.47
41,2,235,474,1994,0.5
41,2,235,474,1995,0.52
41,2,235,474,1996,0.58
41,2,235,474,1997,0.66
41,2,235,474,1998,0.75
41,2,235,474,1999,0.78
41,2,235,474,2000,0.8
41,2,235,474,2001,0.8
41,2,235,474,2002,0.8
41,2,235,474,2003,0.8
41,2,235,474,2004,0.79
41,2,235,474,2005,0.75
41,2,235,474,2006,0.7
41,2,235,474,2007,0.67
41,2,235,474,2008,0.64
41,2,235,474,2009,0.6
41,2,235,474,2010,0.57
41,2,235,474,2011,0.56
41,2,235,474,2012,0.55
41,2,235,474,2013,0.54
41,2,235,474,2014,0.54
41,2,235,474,2015,0.55
41,2,235,474,2016,0.56
41,2,235,474,2017,0.58
43,2,8,474,1990,0.04
43,2,8,474,1991,0.04
43,2,8,474,1992,0.04
43,2,8,474,1993,0.03
43,2,8,474,1994,0.03
43,2,8,474,1995,0.02
43,2,8,474,1996,0.02
43,2,8,474,1997,0.02
43,2,8,474,1998,0.02
43,2,8,474,1999,0.02
43,2,8,474,2000,0.02
43,2,8,474,2001,0.03
43,2,8,474,2002,0.03
43,2,8,474,2003,0.03
43,2,8,474,2004,0.03
43,2,8,474,2005,0.03
43,2,8,474,2006,0.02
43,2,8,474,2007,0.02
43,2,8,474,2008,0.02
43,2,8,474,2009,0.02
43,2,8,474,2010,0.02
43,2,8,474,2011,0.02
43,2,8,474,2012,0.02
43,2,8,474,2013,0.02
43,2,8,474,2014,0.02
43,2,8,474,2015,0.02
43,2,8,474,2016,0.01
43,2,8,474,2017,0.01
43,2,9,474,1990,0.09
43,2,9,474,1991,0.08
43,2,9,474,1992,0.07
43,2,9,474,1993,0.06
43,2,9,474,1994,0.05
43,2,9,474,1995,0.05
43,2,9,474,1996,0.05
43,2,9,474,1997,0.04
43,2,9,474,1998,0.05
43,2,9,474,1999,0.06
43,2,9,474,2000,0.05
43,2,9,474,2001,0.05
43,2,9,474,2002,0.05
43,2,9,474,2003,0.05
43,2,9,474,2004,0.05
43,2,9,474,2005,0.05
43,2,9,474,2006,0.05
43,2,9,474,2007,0.04
43,2,9,474,2008,0.04
43,2,9,474,2009,0.04
43,2,9,474,2010,0.03
43,2,9,474,2011,0.03
43,2,9,474,2012,0.03
43,2,9,474,2013,0.03
43,2,9,474,2014,0.03
43,2,9,474,2015,0.03
43,2,9,474,2016,0.03
43,2,9,474,2017,0.03
43,2,10,474,1990,0.1
43,2,10,474,1991,0.1
43,2,10,474,1992,0.09
43,2,10,474,1993,0.08
43,2,10,474,1994,0.07
43,2,10,474,1995,0.06
43,2,10,474,1996,0.05
43,2,10,474,1997,0.05
43,2,10,474,1998,0.06
43,2,10,474,1999,0.06
43,2,10,474,2000,0.06
43,2,10,474,2001,0.06
43,2,10,474,2002,0.07
43,2,10,474,2003,0.07
43,2,10,474,2004,0.06
43,2,10,474,2005,0.05
43,2,10,474,2006,0.05
43,2,10,474,2007,0.04
43,2,10,474,2008,0.03
43,2,10,474,2009,0.03
43,2,10,474,2010,0.03
43,2,10,474,2011,0.03
43,2,10,474,2012,0.03
43,2,10,474,2013,0.03
43,2,10,474,2014,0.03
43,2,10,474,2015,0.03
43,2,10,474,2016,0.03
43,2,10,474,2017,0.03
43,2,11,474,1990,0.17
43,2,11,474,1991,0.17
43,2,11,474,1992,0.16
43,2,11,474,1993,0.14
43,2,11,474,1994,0.12
43,2,11,474,1995,0.1
43,2,11,474,1996,0.09
43,2,11,474,1997,0.08
43,2,11,474,1998,0.08
43,2,11,474,1999,0.09
43,2,11,474,2000,0.09
43,2,11,474,2001,0.1
43,2,11,474,2002,0.1
43,2,11,474,2003,0.11
43,2,11,474,2004,0.09
43,2,11,474,2005,0.09
43,2,11,474,2006,0.08
43,2,11,474,2007,0.07
43,2,11,474,2008,0.06
43,2,11,474,2009,0.05
43,2,11,474,2010,0.04
43,2,11,474,2011,0.04
43,2,11,474,2012,0.04
43,2,11,474,2013,0.04
43,2,11,474,2014,0.04
43,2,11,474,2015,0.04
43,2,11,474,2016,0.04
43,2,11,474,2017,0.04
43,2,12,474,1990,0.18
43,2,12,474,1991,0.18
43,2,12,474,1992,0.18
43,2,12,474,1993,0.17
43,2,12,474,1994,0.15
43,2,12,474,1995,0.14
43,2,12,474,1996,0.13
43,2,12,474,1997,0.13
43,2,12,474,1998,0.14
43,2,12,474,1999,0.15
43,2,12,474,2000,0.16
43,2,12,474,2001,0.17
43,2,12,474,2002,0.18
43,2,12,474,2003,0.18
43,2,12,474,2004,0.17
43,2,12,474,2005,0.16
43,2,12,474,2006,0.15
43,2,12,474,2007,0.13
43,2,12,474,2008,0.12
43,2,12,474,2009,0.11
43,2,12,474,2010,0.09
43,2,12,474,2011,0.09
43,2,12,474,2012,0.09
43,2,12,474,2013,0.09
43,2,12,474,2014,0.09
43,2,12,474,2015,0.08
43,2,12,474,2016,0.08
43,2,12,474,2017,0.08
43,2,13,474,1990,0.21
43,2,13,474,1991,0.21
43,2,13,474,1992,0.2
43,2,13,474,1993,0.19
43,2,13,474,1994,0.17
43,2,13,474,1995,0.17
43,2,13,474,1996,0.17
43,2,13,474,1997,0.17
43,2,13,474,1998,0.19
43,2,13,474,1999,0.21
43,2,13,474,2000,0.23
43,2,13,474,2001,0.25
43,2,13,474,2002,0.27
43,2,13,474,2003,0.28
43,2,13,474,2004,0.27
43,2,13,474,2005,0.26
43,2,13,474,2006,0.25
43,2,13,474,2007,0.23
43,2,13,474,2008,0.22
43,2,13,474,2009,0.2
43,2,13,474,2010,0.18
43,2,13,474,2011,0.18
43,2,13,474,2012,0.18
43,2,13,474,2013,0.17
43,2,13,474,2014,0.16
43,2,13,474,2015,0.16
43,2,13,474,2016,0.16
43,2,13,474,2017,0.15
43,2,14,474,1990,0.19
43,2,14,474,1991,0.2
43,2,14,474,1992,0.2
43,2,14,474,1993,0.2
43,2,14,474,1994,0.19
43,2,14,474,1995,0.18
43,2,14,474,1996,0.19
43,2,14,474,1997,0.2
43,2,14,474,1998,0.21
43,2,14,474,1999,0.23
43,2,14,474,2000,0.24
43,2,14,474,2001,0.26
43,2,14,474,2002,0.28
43,2,14,474,2003,0.3
43,2,14,474,2004,0.29
43,2,14,474,2005,0.3
43,2,14,474,2006,0.29
43,2,14,474,2007,0.28
43,2,14,474,2008,0.27
43,2,14,474,2009,0.26
43,2,14,474,2010,0.24
43,2,14,474,2011,0.24
43,2,14,474,2012,0.23
43,2,14,474,2013,0.23
43,2,14,474,2014,0.23
43,2,14,474,2015,0.23
43,2,14,474,2016,0.23
43,2,14,474,2017,0.23
43,2,15,474,1990,0.3
43,2,15,474,1991,0.31
43,2,15,474,1992,0.29
43,2,15,474,1993,0.27
43,2,15,474,1994,0.25
43,2,15,474,1995,0.25
43,2,15,474,1996,0.25
43,2,15,474,1997,0.26
43,2,15,474,1998,0.27
43,2,15,474,1999,0.29
43,2,15,474,2000,0.29
43,2,15,474,2001,0.31
43,2,15,474,2002,0.33
43,2,15,474,2003,0.34
43,2,15,474,2004,0.34
43,2,15,474,2005,0.37
43,2,15,474,2006,0.38
43,2,15,474,2007,0.39
43,2,15,474,2008,0.4
43,2,15,474,2009,0.39
43,2,15,474,2010,0.39
43,2,15,474,2011,0.4
43,2,15,474,2012,0.41
43,2,15,474,2013,0.41
43,2,15,474,2014,0.41
43,2,15,474,2015,0.41
43,2,15,474,2016,0.4
43,2,15,474,2017,0.4
43,2,16,474,1990,0.41
43,2,16,474,1991,0.42
43,2,16,474,1992,0.42
43,2,16,474,1993,0.42
43,2,16,474,1994,0.41
43,2,16,474,1995,0.42
43,2,16,474,1996,0.42
43,2,16,474,1997,0.42
43,2,16,474,1998,0.42
43,2,16,474,1999,0.43
43,2,16,474,2000,0.43
43,2,16,474,2001,0.44
43,2,16,474,2002,0.45
43,2,16,474,2003,0.46
43,2,16,474,2004,0.47
43,2,16,474,2005,0.5
43,2,16,474,2006,0.52
43,2,16,474,2007,0.52
43,2,16,474,2008,0.54
43,2,16,474,2009,0.54
43,2,16,474,2010,0.55
43,2,16,474,2011,0.57
43,2,16,474,2012,0.6
43,2,16,474,2013,0.62
43,2,16,474,2014,0.64
43,2,16,474,2015,0.67
43,2,16,474,2016,0.68
43,2,16,474,2017,0.69
43,2,17,474,1990,0.52
43,2,17,474,1991,0.53
43,2,17,474,1992,0.51
43,2,17,474,1993,0.5
43,2,17,474,1994,0.49
43,2,17,474,1995,0.5
43,2,17,474,1996,0.52
43,2,17,474,1997,0.55
43,2,17,474,1998,0.59
43,2,17,474,1999,0.62
43,2,17,474,2000,0.63
43,2,17,474,2001,0.62
43,2,17,474,2002,0.62
43,2,17,474,2003,0.62
43,2,17,474,2004,0.61
43,2,17,474,2005,0.64
43,2,17,474,2006,0.66
43,2,17,474,2007,0.69
43,2,17,474,2008,0.73
43,2,17,474,2009,0.72
43,2,17,474,2010,0.73
43,2,17,474,2011,0.76
43,2,17,474,2012,0.77
43,2,17,474,2013,0.79
43,2,17,474,2014,0.82
43,2,17,474,2015,0.86
43,2,17,474,2016,0.89
43,2,17,474,2017,0.93
43,2,18,474,1990,0.63
43,2,18,474,1991,0.66
43,2,18,474,1992,0.67
43,2,18,474,1993,0.67
43,2,18,474,1994,0.67
43,2,18,474,1995,0.69
43,2,18,474,1996,0.73
43,2,18,474,1997,0.75
43,2,18,474,1998,0.77
43,2,18,474,1999,0.82
43,2,18,474,2000,0.84
43,2,18,474,2001,0.85
43,2,18,474,2002,0.89
43,2,18,474,2003,0.94
43,2,18,474,2004,0.99
43,2,18,474,2005,1.03
43,2,18,474,2006,1.06
43,2,18,474,2007,1.06
43,2,18,474,2008,1.05
43,2,18,474,2009,1.01
43,2,18,474,2010,1
43,2,18,474,2011,1
43,2,18,474,2012,1.02
43,2,18,474,2013,1.04
43,2,18,474,2014,1.08
43,2,18,474,2015,1.11
43,2,18,474,2016,1.16
43,2,18,474,2017,1.2
43,2,19,474,1990,0.79
43,2,19,474,1991,0.85
43,2,19,474,1992,0.87
43,2,19,474,1993,0.87
43,2,19,474,1994,0.85
43,2,19,474,1995,0.87
43,2,19,474,1996,0.93
43,2,19,474,1997,0.97
43,2,19,474,1998,1.02
43,2,19,474,1999,1.11
43,2,19,474,2000,1.15
43,2,19,474,2001,1.17
43,2,19,474,2002,1.21
43,2,19,474,2003,1.24
43,2,19,474,2004,1.27
43,2,19,474,2005,1.27
43,2,19,474,2006,1.33
43,2,19,474,2007,1.41
43,2,19,474,2008,1.51
43,2,19,474,2009,1.52
43,2,19,474,2010,1.54
43,2,19,474,2011,1.55
43,2,19,474,2012,1.53
43,2,19,474,2013,1.51
43,2,19,474,2014,1.49
43,2,19,474,2015,1.49
43,2,19,474,2016,1.5
43,2,19,474,2017,1.52
43,2,20,474,1990,0.76
43,2,20,474,1991,0.84
43,2,20,474,1992,0.91
43,2,20,474,1993,0.98
43,2,20,474,1994,1.03
43,2,20,474,1995,1.12
43,2,20,474,1996,1.28
43,2,20,474,1997,1.33
43,2,20,474,1998,1.35
43,2,20,474,1999,1.41
43,2,20,474,2000,1.43
43,2,20,474,2001,1.44
43,2,20,474,2002,1.46
43,2,20,474,2003,1.51
43,2,20,474,2004,1.59
43,2,20,474,2005,1.6
43,2,20,474,2006,1.64
43,2,20,474,2007,1.66
43,2,20,474,2008,1.7
43,2,20,474,2009,1.68
43,2,20,474,2010,1.7
43,2,20,474,2011,1.77
43,2,20,474,2012,1.84
43,2,20,474,2013,1.92
43,2,20,474,2014,2.01
43,2,20,474,2015,2.08
43,2,20,474,2016,2.12
43,2,20,474,2017,2.13
43,2,22,474,1990,6.38
43,2,22,474,1991,6.66
43,2,22,474,1992,6.77
43,2,22,474,1993,6.75
43,2,22,474,1994,6.66
43,2,22,474,1995,6.8
43,2,22,474,1996,7.25
43,2,22,474,1997,7.53
43,2,22,474,1998,7.87
43,2,22,474,1999,8.36
43,2,22,474,2000,8.54
43,2,22,474,2001,8.75
43,2,22,474,2002,8.95
43,2,22,474,2003,9.14
43,2,22,474,2004,9.28
43,2,22,474,2005,9.33
43,2,22,474,2006,9.51
43,2,22,474,2007,9.66
43,2,22,474,2008,9.92
43,2,22,474,2009,9.78
43,2,22,474,2010,9.81
43,2,22,474,2011,10.08
43,2,22,474,2012,10.31
43,2,22,474,2013,10.56
43,2,22,474,2014,10.9
43,2,22,474,2015,11.23
43,2,22,474,2016,11.59
43,2,22,474,2017,11.9
43,2,30,474,1990,0.74
43,2,30,474,1991,0.79
43,2,30,474,1992,0.8
43,2,30,474,1993,0.81
43,2,30,474,1994,0.82
43,2,30,474,1995,0.86
43,2,30,474,1996,0.96
43,2,30,474,1997,1.06
43,2,30,474,1998,1.18
43,2,30,474,1999,1.31
43,2,30,474,2000,1.37
43,2,30,474,2001,1.42
43,2,30,474,2002,1.42
43,2,30,474,2003,1.4
43,2,30,474,2004,1.4
43,2,30,474,2005,1.38
43,2,30,474,2006,1.4
43,2,30,474,2007,1.44
43,2,30,474,2008,1.5
43,2,30,474,2009,1.5
43,2,30,474,2010,1.55
43,2,30,474,2011,1.62
43,2,30,474,2012,1.67
43,2,30,474,2013,1.71
43,2,30,474,2014,1.79
43,2,30,474,2015,1.87
43,2,30,474,2016,1.96
43,2,30,474,2017,2.08
43,2,31,474,1990,0.64
43,2,31,474,1991,0.69
43,2,31,474,1992,0.74
43,2,31,474,1993,0.78
43,2,31,474,1994,0.79
43,2,31,474,1995,0.81
43,2,31,474,1996,0.88
43,2,31,474,1997,0.9
43,2,31,474,1998,0.92
43,2,31,474,1999,0.95
43,2,31,474,2000,0.95
43,2,31,474,2001,0.99
43,2,31,474,2002,1.03
43,2,31,474,2003,1.07
43,2,31,474,2004,1.11
43,2,31,474,2005,1.09
43,2,31,474,2006,1.12
43,2,31,474,2007,1.14
43,2,31,474,2008,1.16
43,2,31,474,2009,1.12
43,2,31,474,2010,1.12
43,2,31,474,2011,1.15
43,2,31,474,2012,1.19
43,2,31,474,2013,1.24
43,2,31,474,2014,1.33
43,2,31,474,2015,1.4
43,2,31,474,2016,1.47
43,2,31,474,2017,1.53
43,2,32,474,1990,0.45
43,2,32,474,1991,0.45
43,2,32,474,1992,0.45
43,2,32,474,1993,0.43
43,2,32,474,1994,0.41
43,2,32,474,1995,0.39
43,2,32,474,1996,0.41
43,2,32,474,1997,0.42
43,2,32,474,1998,0.44
43,2,32,474,1999,0.46
43,2,32,474,2000,0.45
43,2,32,474,2001,0.45
43,2,32,474,2002,0.43
43,2,32,474,2003,0.42
43,2,32,474,2004,0.41
43,2,32,474,2005,0.4
43,2,32,474,2006,0.4
43,2,32,474,2007,0.42
43,2,32,474,2008,0.45
43,2,32,474,2009,0.47
43,2,32,474,2010,0.5
43,2,32,474,2011,0.53
43,2,32,474,2012,0.55
43,2,32,474,2013,0.57
43,2,32,474,2014,0.59
43,2,32,474,2015,0.6
43,2,32,474,2016,0.63
43,2,32,474,2017,0.66
43,2,235,474,1990,0.14
43,2,235,474,1991,0.15
43,2,235,474,1992,0.16
43,2,235,474,1993,0.17
43,2,235,474,1994,0.16
43,2,235,474,1995,0.16
43,2,235,474,1996,0.16
43,2,235,474,1997,0.16
43,2,235,474,1998,0.15
43,2,235,474,1999,0.15
43,2,235,474,2000,0.14
43,2,235,474,2001,0.14
43,2,235,474,2002,0.14
43,2,235,474,2003,0.13
43,2,235,474,2004,0.13
43,2,235,474,2005,0.12
43,2,235,474,2006,0.12
43,2,235,474,2007,0.12
43,2,235,474,2008,0.12
43,2,235,474,2009,0.11
43,2,235,474,2010,0.11
43,2,235,474,2011,0.12
43,2,235,474,2012,0.13
43,2,235,474,2013,0.14
43,2,235,474,2014,0.15
43,2,235,474,2015,0.17
43,2,235,474,2016,0.18
43,2,235,474,2017,0.19
44,2,8,474,1990,0.02
44,2,8,474,1991,0.02
44,2,8,474,1992,0.02
44,2,8,474,1993,0.02
44,2,8,474,1994,0.02
44,2,8,474,1995,0.02
44,2,8,474,1996,0.02
44,2,8,474,1997,0.03
44,2,8,474,1998,0.03
44,2,8,474,1999,0.03
44,2,8,474,2000,0.02
44,2,8,474,2001,0.02
44,2,8,474,2002,0.02
44,2,8,474,2003,0.02
44,2,8,474,2004,0.02
44,2,8,474,2005,0.02
44,2,8,474,2006,0.02
44,2,8,474,2007,0.02
44,2,8,474,2008,0.02
44,2,8,474,2009,0.01
44,2,8,474,2010,0.01
44,2,8,474,2011,0.01
44,2,8,474,2012,0.01
44,2,8,474,2013,0.01
44,2,8,474,2014,0.02
44,2,8,474,2015,0.02
44,2,8,474,2016,0.01
44,2,8,474,2017,0.01
44,2,9,474,1990,0.02
44,2,9,474,1991,0.02
44,2,9,474,1992,0.02
44,2,9,474,1993,0.02
44,2,9,474,1994,0.01
44,2,9,474,1995,0.01
44,2,9,474,1996,0.01
44,2,9,474,1997,0.01
44,2,9,474,1998,0.01
44,2,9,474,1999,0.02
44,2,9,474,2000,0.02
44,2,9,474,2001,0.02
44,2,9,474,2002,0.02
44,2,9,474,2003,0.02
44,2,9,474,2004,0.02
44,2,9,474,2005,0.02
44,2,9,474,2006,0.01
44,2,9,474,2007,0.02
44,2,9,474,2008,0.01
44,2,9,474,2009,0.01
44,2,9,474,2010,0.01
44,2,9,474,2011,0.01
44,2,9,474,2012,0.01
44,2,9,474,2013,0.01
44,2,9,474,2014,0.01
44,2,9,474,2015,0.01
44,2,9,474,2016,0.01
44,2,9,474,2017,0.01
44,2,10,474,1990,0.06
44,2,10,474,1991,0.06
44,2,10,474,1992,0.06
44,2,10,474,1993,0.05
44,2,10,474,1994,0.05
44,2,10,474,1995,0.04
44,2,10,474,1996,0.04
44,2,10,474,1997,0.04
44,2,10,474,1998,0.04
44,2,10,474,1999,0.04
44,2,10,474,2000,0.04
44,2,10,474,2001,0.04
44,2,10,474,2002,0.04
44,2,10,474,2003,0.05
44,2,10,474,2004,0.05
44,2,10,474,2005,0.05
44,2,10,474,2006,0.04
44,2,10,474,2007,0.04
44,2,10,474,2008,0.04
44,2,10,474,2009,0.04
44,2,10,474,2010,0.04
44,2,10,474,2011,0.03
44,2,10,474,2012,0.03
44,2,10,474,2013,0.03
44,2,10,474,2014,0.04
44,2,10,474,2015,0.03
44,2,10,474,2016,0.03
44,2,10,474,2017,0.03
44,2,11,474,1990,0.09
44,2,11,474,1991,0.1
44,2,11,474,1992,0.11
44,2,11,474,1993,0.11
44,2,11,474,1994,0.1
44,2,11,474,1995,0.09
44,2,11,474,1996,0.08
44,2,11,474,1997,0.08
44,2,11,474,1998,0.08
44,2,11,474,1999,0.08
44,2,11,474,2000,0.08
44,2,11,474,2001,0.07
44,2,11,474,2002,0.08
44,2,11,474,2003,0.08
44,2,11,474,2004,0.08
44,2,11,474,2005,0.08
44,2,11,474,2006,0.08
44,2,11,474,2007,0.09
44,2,11,474,2008,0.09
44,2,11,474,2009,0.09
44,2,11,474,2010,0.09
44,2,11,474,2011,0.08
44,2,11,474,2012,0.08
44,2,11,474,2013,0.08
44,2,11,474,2014,0.08
44,2,11,474,2015,0.08
44,2,11,474,2016,0.08
44,2,11,474,2017,0.07
44,2,12,474,1990,0.17
44,2,12,474,1991,0.18
44,2,12,474,1992,0.2
44,2,12,474,1993,0.19
44,2,12,474,1994,0.19
44,2,12,474,1995,0.18
44,2,12,474,1996,0.17
44,2,12,474,1997,0.16
44,2,12,474,1998,0.16
44,2,12,474,1999,0.16
44,2,12,474,2000,0.17
44,2,12,474,2001,0.17
44,2,12,474,2002,0.17
44,2,12,474,2003,0.17
44,2,12,474,2004,0.16
44,2,12,474,2005,0.16
44,2,12,474,2006,0.16
44,2,12,474,2007,0.16
44,2,12,474,2008,0.15
44,2,12,474,2009,0.15
44,2,12,474,2010,0.15
44,2,12,474,2011,0.14
44,2,12,474,2012,0.15
44,2,12,474,2013,0.15
44,2,12,474,2014,0.15
44,2,12,474,2015,0.15
44,2,12,474,2016,0.14
44,2,12,474,2017,0.14
44,2,13,474,1990,0.17
44,2,13,474,1991,0.2
44,2,13,474,1992,0.21
44,2,13,474,1993,0.23
44,2,13,474,1994,0.24
44,2,13,474,1995,0.24
44,2,13,474,1996,0.23
44,2,13,474,1997,0.23
44,2,13,474,1998,0.22
44,2,13,474,1999,0.23
44,2,13,474,2000,0.24
44,2,13,474,2001,0.24
44,2,13,474,2002,0.25
44,2,13,474,2003,0.25
44,2,13,474,2004,0.25
44,2,13,474,2005,0.24
44,2,13,474,2006,0.24
44,2,13,474,2007,0.24
44,2,13,474,2008,0.22
44,2,13,474,2009,0.2
44,2,13,474,2010,0.19
44,2,13,474,2011,0.18
44,2,13,474,2012,0.18
44,2,13,474,2013,0.18
44,2,13,474,2014,0.19
44,2,13,474,2015,0.19
44,2,13,474,2016,0.19
44,2,13,474,2017,0.19
44,2,14,474,1990,0.29
44,2,14,474,1991,0.29
44,2,14,474,1992,0.3
44,2,14,474,1993,0.31
44,2,14,474,1994,0.32
44,2,14,474,1995,0.34
44,2,14,474,1996,0.35
44,2,14,474,1997,0.35
44,2,14,474,1998,0.36
44,2,14,474,1999,0.38
44,2,14,474,2000,0.4
44,2,14,474,2001,0.42
44,2,14,474,2002,0.44
44,2,14,474,2003,0.45
44,2,14,474,2004,0.47
44,2,14,474,2005,0.47
44,2,14,474,2006,0.48
44,2,14,474,2007,0.51
44,2,14,474,2008,0.48
44,2,14,474,2009,0.48
44,2,14,474,2010,0.47
44,2,14,474,2011,0.46
44,2,14,474,2012,0.46
44,2,14,474,2013,0.46
44,2,14,474,2014,0.46
44,2,14,474,2015,0.45
44,2,14,474,2016,0.43
44,2,14,474,2017,0.41
44,2,15,474,1990,0.93
44,2,15,474,1991,0.94
44,2,15,474,1992,0.94
44,2,15,474,1993,0.89
44,2,15,474,1994,0.83
44,2,15,474,1995,0.75
44,2,15,474,1996,0.68
44,2,15,474,1997,0.68
44,2,15,474,1998,0.69
44,2,15,474,1999,0.77
44,2,15,474,2000,0.86
44,2,15,474,2001,0.96
44,2,15,474,2002,1.03
44,2,15,474,2003,1.14
44,2,15,474,2004,1.24
44,2,15,474,2005,1.3
44,2,15,474,2006,1.37
44,2,15,474,2007,1.47
44,2,15,474,2008,1.41
44,2,15,474,2009,1.48
44,2,15,474,2010,1.49
44,2,15,474,2011,1.48
44,2,15,474,2012,1.53
44,2,15,474,2013,1.56
44,2,15,474,2014,1.59
44,2,15,474,2015,1.57
44,2,15,474,2016,1.5
44,2,15,474,2017,1.43
44,2,16,474,1990,1.99
44,2,16,474,1991,2.13
44,2,16,474,1992,2.27
44,2,16,474,1993,2.31
44,2,16,474,1994,2.29
44,2,16,474,1995,2.24
44,2,16,474,1996,2.12
44,2,16,474,1997,2.01
44,2,16,474,1998,1.83
44,2,16,474,1999,1.76
44,2,16,474,2000,1.66
44,2,16,474,2001,1.59
44,2,16,474,2002,1.67
44,2,16,474,2003,1.77
44,2,16,474,2004,1.93
44,2,16,474,2005,2.07
44,2,16,474,2006,2.24
44,2,16,474,2007,2.35
44,2,16,474,2008,2.37
44,2,16,474,2009,2.4
44,2,16,474,2010,2.47
44,2,16,474,2011,2.45
44,2,16,474,2012,2.56
44,2,16,474,2013,2.63
44,2,16,474,2014,2.79
44,2,16,474,2015,2.8
44,2,16,474,2016,2.75
44,2,16,474,2017,2.72
44,2,17,474,1990,3.3
44,2,17,474,1991,3.58
44,2,17,474,1992,3.75
44,2,17,474,1993,3.81
44,2,17,474,1994,3.87
44,2,17,474,1995,3.88
44,2,17,474,1996,3.85
44,2,17,474,1997,3.86
44,2,17,474,1998,3.81
44,2,17,474,1999,3.93
44,2,17,474,2000,4.01
44,2,17,474,2001,4.02
44,2,17,474,2002,3.95
44,2,17,474,2003,3.77
44,2,17,474,2004,3.6
44,2,17,474,2005,3.37
44,2,17,474,2006,3.25
44,2,17,474,2007,3.46
44,2,17,474,2008,3.49
44,2,17,474,2009,3.66
44,2,17,474,2010,3.96
44,2,17,474,2011,4.12
44,2,17,474,2012,4.34
44,2,17,474,2013,4.81
44,2,17,474,2014,5.26
44,2,17,474,2015,5.46
44,2,17,474,2016,5.4
44,2,17,474,2017,5.34
44,2,18,474,1990,4.42
44,2,18,474,1991,4.82
44,2,18,474,1992,5.27
44,2,18,474,1993,5.52
44,2,18,474,1994,5.82
44,2,18,474,1995,6.01
44,2,18,474,1996,6.07
44,2,18,474,1997,6.06
44,2,18,474,1998,6.03
44,2,18,474,1999,6.31
44,2,18,474,2000,6.53
44,2,18,474,2001,6.75
44,2,18,474,2002,7.04
44,2,18,474,2003,7.22
44,2,18,474,2004,7.31
44,2,18,474,2005,7.3
44,2,18,474,2006,7.24
44,2,18,474,2007,7.15
44,2,18,474,2008,6.45
44,2,18,474,2009,5.81
44,2,18,474,2010,5.38
44,2,18,474,2011,5.04
44,2,18,474,2012,5.34
44,2,18,474,2013,5.78
44,2,18,474,2014,6.42
44,2,18,474,2015,6.99
44,2,18,474,2016,7.22
44,2,18,474,2017,7.18
44,2,19,474,1990,3.02
44,2,19,474,1991,3.54
44,2,19,474,1992,4.15
44,2,19,474,1993,4.74
44,2,19,474,1994,5.19
44,2,19,474,1995,5.37
44,2,19,474,1996,5.45
44,2,19,474,1997,5.62
44,2,19,474,1998,5.63
44,2,19,474,1999,6.1
44,2,19,474,2000,6.5
44,2,19,474,2001,6.82
44,2,19,474,2002,7.07
44,2,19,474,2003,7.29
44,2,19,474,2004,7.51
44,2,19,474,2005,7.66
44,2,19,474,2006,7.9
44,2,19,474,2007,8.28
44,2,19,474,2008,8.14
44,2,19,474,2009,8.15
44,2,19,474,2010,8.21
44,2,19,474,2011,7.98
44,2,19,474,2012,7.97
44,2,19,474,2013,7.78
44,2,19,474,2014,7.61
44,2,19,474,2015,7.15
44,2,19,474,2016,6.72
44,2,19,474,2017,6.92
44,2,20,474,1990,4.63
44,2,20,474,1991,4.39
44,2,20,474,1992,4.15
44,2,20,474,1993,3.72
44,2,20,474,1994,3.49
44,2,20,474,1995,3.59
44,2,20,474,1996,4.1
44,2,20,474,1997,4.6
44,2,20,474,1998,5.1
44,2,20,474,1999,5.78
44,2,20,474,2000,6.1
44,2,20,474,2001,6.47
44,2,20,474,2002,7.08
44,2,20,474,2003,7.53
44,2,20,474,2004,8.17
44,2,20,474,2005,8.76
44,2,20,474,2006,9.38
44,2,20,474,2007,10.05
44,2,20,474,2008,10.23
44,2,20,474,2009,11.03
44,2,20,474,2010,11.55
44,2,20,474,2011,11.92
44,2,20,474,2012,12.74
44,2,20,474,2013,13.46
44,2,20,474,2014,14.13
44,2,20,474,2015,14.3
44,2,20,474,2016,13.77
44,2,20,474,2017,13.05
44,2,22,474,1990,24.46
44,2,22,474,1991,26.13
44,2,22,474,1992,27.68
44,2,22,474,1993,28.47
44,2,22,474,1994,29.16
44,2,22,474,1995,29.79
44,2,22,474,1996,30.07
44,2,22,474,1997,30.47
44,2,22,474,1998,30.45
44,2,22,474,1999,32.16
44,2,22,474,2000,33.65
44,2,22,474,2001,35.36
44,2,22,474,2002,37.41
44,2,22,474,2003,39.09
44,2,22,474,2004,40.83
44,2,22,474,2005,42.27
44,2,22,474,2006,44.19
44,2,22,474,2007,46.68
44,2,22,474,2008,46.53
44,2,22,474,2009,48.97
44,2,22,474,2010,50.88
44,2,22,474,2011,51.88
44,2,22,474,2012,55.3
44,2,22,474,2013,58.75
44,2,22,474,2014,62.83
44,2,22,474,2015,64.09
44,2,22,474,2016,63.7
44,2,22,474,2017,63.47
44,2,30,474,1990,3.41
44,2,30,474,1991,3.72
44,2,30,474,1992,3.91
44,2,30,474,1993,4.06
44,2,30,474,1994,4.2
44,2,30,474,1995,4.39
44,2,30,474,1996,4.09
44,2,30,474,1997,3.83
44,2,30,474,1998,3.41
44,2,30,474,1999,3.32
44,2,30,474,2000,3.45
44,2,30,474,2001,4.09
44,2,30,474,2002,4.8
44,2,30,474,2003,5.59
44,2,30,474,2004,6.25
44,2,30,474,2005,6.67
44,2,30,474,2006,7.22
44,2,30,474,2007,8.05
44,2,30,474,2008,8.43
44,2,30,474,2009,9.91
44,2,30,474,2010,10.95
44,2,30,474,2011,11.76
44,2,30,474,2012,13.21
44,2,30,474,2013,14.63
44,2,30,474,2014,16.22
44,2,30,474,2015,16.62
44,2,30,474,2016,16.82
44,2,30,474,2017,17.03
44,2,31,474,1990,1.5
44,2,31,474,1991,1.59
44,2,31,474,1992,1.7
44,2,31,474,1993,1.79
44,2,31,474,1994,1.8
44,2,31,474,1995,1.84
44,2,31,474,1996,1.97
44,2,31,474,1997,2.05
44,2,31,474,1998,2.16
44,2,31,474,1999,2.33
44,2,31,474,2000,2.55
44,2,31,474,2001,2.5
44,2,31,474,2002,2.48
44,2,31,474,2003,2.34
44,2,31,474,2004,2.29
44,2,31,474,2005,2.51
44,2,31,474,2006,3.03
44,2,31,474,2007,3.41
44,2,31,474,2008,3.75
44,2,31,474,2009,4.3
44,2,31,474,2010,4.54
44,2,31,474,2011,4.72
44,2,31,474,2012,5.15
44,2,31,474,2013,5.52
44,2,31,474,2014,6.12
44,2,31,474,2015,6.49
44,2,31,474,2016,6.75
44,2,31,474,2017,6.99
44,2,32,474,1990,0.37
44,2,32,474,1991,0.49
44,2,32,474,1992,0.55
44,2,32,474,1993,0.61
44,2,32,474,1994,0.65
44,2,32,474,1995,0.69
44,2,32,474,1996,0.7
44,2,32,474,1997,0.71
44,2,32,474,1998,0.72
44,2,32,474,1999,0.74
44,2,32,474,2000,0.82
44,2,32,474,2001,0.96
44,2,32,474,2002,1.05
44,2,32,474,2003,1.15
44,2,32,474,2004,1.22
44,2,32,474,2005,1.29
44,2,32,474,2006,1.2
44,2,32,474,2007,1.06
44,2,32,474,2008,0.92
44,2,32,474,2009,0.92
44,2,32,474,2010,1.01
44,2,32,474,2011,1.16
44,2,32,474,2012,1.27
44,2,32,474,2013,1.4
44,2,32,474,2014,1.51
44,2,32,474,2015,1.51
44,2,32,474,2016,1.57
44,2,32,474,2017,1.64
44,2,235,474,1990,0.07
44,2,235,474,1991,0.08
44,2,235,474,1992,0.08
44,2,235,474,1993,0.09
44,2,235,474,1994,0.1
44,2,235,474,1995,0.11
44,2,235,474,1996,0.15
44,2,235,474,1997,0.16
44,2,235,474,1998,0.16
44,2,235,474,1999,0.18
44,2,235,474,2000,0.21
44,2,235,474,2001,0.24
44,2,235,474,2002,0.26
44,2,235,474,2003,0.27
44,2,235,474,2004,0.28
44,2,235,474,2005,0.29
44,2,235,474,2006,0.32
44,2,235,474,2007,0.32
44,2,235,474,2008,0.33
44,2,235,474,2009,0.35
44,2,235,474,2010,0.36
44,2,235,474,2011,0.32
44,2,235,474,2012,0.28
44,2,235,474,2013,0.25
44,2,235,474,2014,0.24
44,2,235,474,2015,0.27
44,2,235,474,2016,0.3
44,2,235,474,2017,0.31
45,2,8,474,1990,0.03
45,2,8,474,1991,0.03
45,2,8,474,1992,0.03
45,2,8,474,1993,0.04
45,2,8,474,1994,0.03
45,2,8,474,1995,0.03
45,2,8,474,1996,0.03
45,2,8,474,1997,0.03
45,2,8,474,1998,0.03
45,2,8,474,1999,0.03
45,2,8,474,2000,0.03
45,2,8,474,2001,0.03
45,2,8,474,2002,0.03
45,2,8,474,2003,0.03
45,2,8,474,2004,0.03
45,2,8,474,2005,0.03
45,2,8,474,2006,0.03
45,2,8,474,2007,0.02
45,2,8,474,2008,0.02
45,2,8,474,2009,0.02
45,2,8,474,2010,0.02
45,2,8,474,2011,0.02
45,2,8,474,2012,0.02
45,2,8,474,2013,0.02
45,2,8,474,2014,0.02
45,2,8,474,2015,0.02
45,2,8,474,2016,0.02
45,2,8,474,2017,0.02
45,2,9,474,1990,0.07
45,2,9,474,1991,0.07
45,2,9,474,1992,0.06
45,2,9,474,1993,0.06
45,2,9,474,1994,0.06
45,2,9,474,1995,0.06
45,2,9,474,1996,0.06
45,2,9,474,1997,0.06
45,2,9,474,1998,0.06
45,2,9,474,1999,0.06
45,2,9,474,2000,0.05
45,2,9,474,2001,0.05
45,2,9,474,2002,0.05
45,2,9,474,2003,0.05
45,2,9,474,2004,0.06
45,2,9,474,2005,0.05
45,2,9,474,2006,0.06
45,2,9,474,2007,0.06
45,2,9,474,2008,0.06
45,2,9,474,2009,0.06
45,2,9,474,2010,0.06
45,2,9,474,2011,0.06
45,2,9,474,2012,0.06
45,2,9,474,2013,0.06
45,2,9,474,2014,0.05
45,2,9,474,2015,0.05
45,2,9,474,2016,0.04
45,2,9,474,2017,0.04
45,2,10,474,1990,0.13
45,2,10,474,1991,0.13
45,2,10,474,1992,0.13
45,2,10,474,1993,0.12
45,2,10,474,1994,0.12
45,2,10,474,1995,0.12
45,2,10,474,1996,0.13
45,2,10,474,1997,0.13
45,2,10,474,1998,0.12
45,2,10,474,1999,0.11
45,2,10,474,2000,0.11
45,2,10,474,2001,0.11
45,2,10,474,2002,0.11
45,2,10,474,2003,0.12
45,2,10,474,2004,0.13
45,2,10,474,2005,0.12
45,2,10,474,2006,0.12
45,2,10,474,2007,0.12
45,2,10,474,2008,0.12
45,2,10,474,2009,0.13
45,2,10,474,2010,0.12
45,2,10,474,2011,0.11
45,2,10,474,2012,0.11
45,2,10,474,2013,0.12
45,2,10,474,2014,0.13
45,2,10,474,2015,0.12
45,2,10,474,2016,0.12
45,2,10,474,2017,0.11
45,2,11,474,1990,0.24
45,2,11,474,1991,0.23
45,2,11,474,1992,0.23
45,2,11,474,1993,0.2
45,2,11,474,1994,0.2
45,2,11,474,1995,0.19
45,2,11,474,1996,0.19
45,2,11,474,1997,0.19
45,2,11,474,1998,0.18
45,2,11,474,1999,0.19
45,2,11,474,2000,0.2
45,2,11,474,2001,0.19
45,2,11,474,2002,0.19
45,2,11,474,2003,0.19
45,2,11,474,2004,0.21
45,2,11,474,2005,0.2
45,2,11,474,2006,0.21
45,2,11,474,2007,0.23
45,2,11,474,2008,0.24
45,2,11,474,2009,0.25
45,2,11,474,2010,0.24
45,2,11,474,2011,0.22
45,2,11,474,2012,0.21
45,2,11,474,2013,0.22
45,2,11,474,2014,0.23
45,2,11,474,2015,0.22
45,2,11,474,2016,0.21
45,2,11,474,2017,0.21
45,2,12,474,1990,0.71
45,2,12,474,1991,0.68
45,2,12,474,1992,0.66
45,2,12,474,1993,0.57
45,2,12,474,1994,0.55
45,2,12,474,1995,0.53
45,2,12,474,1996,0.51
45,2,12,474,1997,0.52
45,2,12,474,1998,0.48
45,2,12,474,1999,0.48
45,2,12,474,2000,0.49
45,2,12,474,2001,0.48
45,2,12,474,2002,0.49
45,2,12,474,2003,0.5
45,2,12,474,2004,0.55
45,2,12,474,2005,0.56
45,2,12,474,2006,0.6
45,2,12,474,2007,0.63
45,2,12,474,2008,0.64
45,2,12,474,2009,0.66
45,2,12,474,2010,0.68
45,2,12,474,2011,0.74
45,2,12,474,2012,0.75
45,2,12,474,2013,0.7
45,2,12,474,2014,0.71
45,2,12,474,2015,0.65
45,2,12,474,2016,0.6
45,2,12,474,2017,0.57
45,2,13,474,1990,1.22
45,2,13,474,1991,1.17
45,2,13,474,1992,1.17
45,2,13,474,1993,1.05
45,2,13,474,1994,1.02
45,2,13,474,1995,0.97
45,2,13,474,1996,0.98
45,2,13,474,1997,1
45,2,13,474,1998,0.91
45,2,13,474,1999,0.91
45,2,13,474,2000,0.91
45,2,13,474,2001,0.87
45,2,13,474,2002,0.86
45,2,13,474,2003,0.91
45,2,13,474,2004,0.97
45,2,13,474,2005,0.98
45,2,13,474,2006,1.03
45,2,13,474,2007,1.02
45,2,13,474,2008,0.99
45,2,13,474,2009,1.02
45,2,13,474,2010,1.1
45,2,13,474,2011,1.15
45,2,13,474,2012,1.14
45,2,13,474,2013,1.23
45,2,13,474,2014,1.36
45,2,13,474,2015,1.23
45,2,13,474,2016,1.16
45,2,13,474,2017,1.15
45,2,14,474,1990,1.76
45,2,14,474,1991,1.81
45,2,14,474,1992,1.86
45,2,14,474,1993,1.77
45,2,14,474,1994,1.83
45,2,14,474,1995,1.89
45,2,14,474,1996,1.88
45,2,14,474,1997,1.9
45,2,14,474,1998,1.74
45,2,14,474,1999,1.75
45,2,14,474,2000,1.74
45,2,14,474,2001,1.73
45,2,14,474,2002,1.68
45,2,14,474,2003,1.75
45,2,14,474,2004,1.95
45,2,14,474,2005,1.99
45,2,14,474,2006,2
45,2,14,474,2007,2.01
45,2,14,474,2008,2.03
45,2,14,474,2009,2.03
45,2,14,474,2010,1.94
45,2,14,474,2011,1.84
45,2,14,474,2012,1.74
45,2,14,474,2013,1.8
45,2,14,474,2014,1.91
45,2,14,474,2015,1.97
45,2,14,474,2016,2.05
45,2,14,474,2017,2.05
45,2,15,474,1990,2.76
45,2,15,474,1991,2.6
45,2,15,474,1992,2.59
45,2,15,474,1993,2.4
45,2,15,474,1994,2.41
45,2,15,474,1995,2.45
45,2,15,474,1996,2.56
45,2,15,474,1997,2.71
45,2,15,474,1998,2.65
45,2,15,474,1999,2.66
45,2,15,474,2000,2.94
45,2,15,474,2001,2.94
45,2,15,474,2002,2.98
45,2,15,474,2003,3
45,2,15,474,2004,3.21
45,2,15,474,2005,3.21
45,2,15,474,2006,3.37
45,2,15,474,2007,3.44
45,2,15,474,2008,3.39
45,2,15,474,2009,3.36
45,2,15,474,2010,3.28
45,2,15,474,2011,3.22
45,2,15,474,2012,3.26
45,2,15,474,2013,3.44
45,2,15,474,2014,3.72
45,2,15,474,2015,3.39
45,2,15,474,2016,3.23
45,2,15,474,2017,3.18
45,2,16,474,1990,5.42
45,2,16,474,1991,5.37
45,2,16,474,1992,5.34
45,2,16,474,1993,4.82
45,2,16,474,1994,4.71
45,2,16,474,1995,4.57
45,2,16,474,1996,4.68
45,2,16,474,1997,4.84
45,2,16,474,1998,4.58
45,2,16,474,1999,4.63
45,2,16,474,2000,4.82
45,2,16,474,2001,4.94
45,2,16,474,2002,5.12
45,2,16,474,2003,5.28
45,2,16,474,2004,5.73
45,2,16,474,2005,6.02
45,2,16,474,2006,6.23
45,2,16,474,2007,6.4
45,2,16,474,2008,6.36
45,2,16,474,2009,6.18
45,2,16,474,2010,5.98
45,2,16,474,2011,5.8
45,2,16,474,2012,5.77
45,2,16,474,2013,6.07
45,2,16,474,2014,6.39
45,2,16,474,2015,6.21
45,2,16,474,2016,6.11
45,2,16,474,2017,5.96
45,2,17,474,1990,8.31
45,2,17,474,1991,8.31
45,2,17,474,1992,8.7
45,2,17,474,1993,8.61
45,2,17,474,1994,9.21
45,2,17,474,1995,9.24
45,2,17,474,1996,9.65
45,2,17,474,1997,9.6
45,2,17,474,1998,8.8
45,2,17,474,1999,8.55
45,2,17,474,2000,8.42
45,2,17,474,2001,8.33
45,2,17,474,2002,8.29
45,2,17,474,2003,8.3
45,2,17,474,2004,8.55
45,2,17,474,2005,8.8
45,2,17,474,2006,9.33
45,2,17,474,2007,9.45
45,2,17,474,2008,9.62
45,2,17,474,2009,9.89
45,2,17,474,2010,10.28
45,2,17,474,2011,10.19
45,2,17,474,2012,9.94
45,2,17,474,2013,9.77
45,2,17,474,2014,10.19
45,2,17,474,2015,9.87
45,2,17,474,2016,9.86
45,2,17,474,2017,9.69
45,2,18,474,1990,12.6
45,2,18,474,1991,13.22
45,2,18,474,1992,14.05
45,2,18,474,1993,14.21
45,2,18,474,1994,14.13
45,2,18,474,1995,14.08
45,2,18,474,1996,14.33
45,2,18,474,1997,14.54
45,2,18,474,1998,13.54
45,2,18,474,1999,13.84
45,2,18,474,2000,13.73
45,2,18,474,2001,13.51
45,2,18,474,2002,13.23
45,2,18,474,2003,12.87
45,2,18,474,2004,12.44
45,2,18,474,2005,12.47
45,2,18,474,2006,12.7
45,2,18,474,2007,12.56
45,2,18,474,2008,12.28
45,2,18,474,2009,13
45,2,18,474,2010,13.52
45,2,18,474,2011,13.95
45,2,18,474,2012,14.75
45,2,18,474,2013,15.17
45,2,18,474,2014,16.37
45,2,18,474,2015,16.32
45,2,18,474,2016,15.95
45,2,18,474,2017,15.59
45,2,19,474,1990,11.13
45,2,19,474,1991,12.36
45,2,19,474,1992,14.96
45,2,19,474,1993,16.64
45,2,19,474,1994,17.83
45,2,19,474,1995,18.56
45,2,19,474,1996,19.69
45,2,19,474,1997,20.35
45,2,19,474,1998,18.85
45,2,19,474,1999,18.86
45,2,19,474,2000,18.89
45,2,19,474,2001,18.63
45,2,19,474,2002,18.82
45,2,19,474,2003,18.79
45,2,19,474,2004,19.23
45,2,19,474,2005,19.7
45,2,19,474,2006,20.29
45,2,19,474,2007,19.73
45,2,19,474,2008,19.16
45,2,19,474,2009,18.7
45,2,19,474,2010,18.92
45,2,19,474,2011,18.48
45,2,19,474,2012,18.99
45,2,19,474,2013,18.75
45,2,19,474,2014,20.01
45,2,19,474,2015,19.68
45,2,19,474,2016,19.99
45,2,19,474,2017,20.12
45,2,20,474,1990,15.72
45,2,20,474,1991,14.31
45,2,20,474,1992,12.99
45,2,20,474,1993,12.03
45,2,20,474,1994,12.05
45,2,20,474,1995,12.68
45,2,20,474,1996,14.97
45,2,20,474,1997,18.34
45,2,20,474,1998,19.91
45,2,20,474,1999,21.96
45,2,20,474,2000,23.76
45,2,20,474,2001,24.71
45,2,20,474,2002,25.36
45,2,20,474,2003,25.02
45,2,20,474,2004,24.78
45,2,20,474,2005,25.23
45,2,20,474,2006,25.3
45,2,20,474,2007,24.97
45,2,20,474,2008,24.78
45,2,20,474,2009,25.41
45,2,20,474,2010,26.49
45,2,20,474,2011,26.31
45,2,20,474,2012,26.36
45,2,20,474,2013,25.68
45,2,20,474,2014,25.88
45,2,20,474,2015,24.45
45,2,20,474,2016,23.76
45,2,20,474,2017,23.73
45,2,22,474,1990,76.6
45,2,22,474,1991,78.07
45,2,22,474,1992,82.86
45,2,22,474,1993,83.08
45,2,22,474,1994,86.85
45,2,22,474,1995,88.76
45,2,22,474,1996,94.48
45,2,22,474,1997,98.39
45,2,22,474,1998,94.16
45,2,22,474,1999,96.54
45,2,22,474,2000,100.63
45,2,22,474,2001,103.14
45,2,22,474,2002,106.4
45,2,22,474,2003,108.09
45,2,22,474,2004,112.1
45,2,22,474,2005,116.46
45,2,22,474,2006,121.08
45,2,22,474,2007,121.43
45,2,22,474,2008,122.11
45,2,22,474,2009,123.9
45,2,22,474,2010,128.42
45,2,22,474,2011,127.79
45,2,22,474,2012,130.43
45,2,22,474,2013,130.84
45,2,22,474,2014,137.84
45,2,22,474,2015,133.92
45,2,22,474,2016,132.03
45,2,22,474,2017,130.96
45,2,30,474,1990,11.37
45,2,30,474,1991,12.17
45,2,30,474,1992,13.67
45,2,30,474,1993,13.56
45,2,30,474,1994,14.86
45,2,30,474,1995,14.99
45,2,30,474,1996,15
45,2,30,474,1997,13.62
45,2,30,474,1998,12.33
45,2,30,474,1999,12.35
45,2,30,474,2000,13.74
45,2,30,474,2001,15.94
45,2,30,474,2002,19.31
45,2,30,474,2003,21.85
45,2,30,474,2004,24.41
45,2,30,474,2005,26.15
45,2,30,474,2006,27.58
45,2,30,474,2007,27.33
45,2,30,474,2008,27.69
45,2,30,474,2009,27.43
45,2,30,474,2010,28.54
45,2,30,474,2011,27.74
45,2,30,474,2012,28.35
45,2,30,474,2013,28.38
45,2,30,474,2014,30.11
45,2,30,474,2015,29.26
45,2,30,474,2016,28.48
45,2,30,474,2017,27.32
45,2,31,474,1990,3.62
45,2,31,474,1991,4.15
45,2,31,474,1992,4.88
45,2,31,474,1993,5.49
45,2,31,474,1994,6.25
45,2,31,474,1995,6.72
45,2,31,474,1996,7.82
45,2,31,474,1997,8.31
45,2,31,474,1998,7.65
45,2,31,474,1999,7.71
45,2,31,474,2000,8.01
45,2,31,474,2001,7.53
45,2,31,474,2002,6.48
45,2,31,474,2003,6.2
45,2,31,474,2004,6.5
45,2,31,474,2005,7.57
45,2,31,474,2006,9.05
45,2,31,474,2007,10.41
45,2,31,474,2008,11.62
45,2,31,474,2009,12.26
45,2,31,474,2010,13.15
45,2,31,474,2011,13.21
45,2,31,474,2012,13.56
45,2,31,474,2013,13.71
45,2,31,474,2014,14.32
45,2,31,474,2015,13.99
45,2,31,474,2016,13.7
45,2,31,474,2017,14.23
45,2,32,474,1990,1.22
45,2,32,474,1991,1.2
45,2,32,474,1992,1.24
45,2,32,474,1993,1.25
45,2,32,474,1994,1.34
45,2,32,474,1995,1.42
45,2,32,474,1996,1.75
45,2,32,474,1997,1.98
45,2,32,474,1998,2.09
45,2,32,474,1999,2.2
45,2,32,474,2000,2.51
45,2,32,474,2001,2.8
45,2,32,474,2002,3
45,2,32,474,2003,2.79
45,2,32,474,2004,2.86
45,2,32,474,2005,2.84
45,2,32,474,2006,2.62
45,2,32,474,2007,2.35
45,2,32,474,2008,2.42
45,2,32,474,2009,2.75
45,2,32,474,2010,3.37
45,2,32,474,2011,4.05
45,2,32,474,2012,4.78
45,2,32,474,2013,5.07
45,2,32,474,2014,5.65
45,2,32,474,2015,5.57
45,2,32,474,2016,5.68
45,2,32,474,2017,5.8
45,2,235,474,1990,0.28
45,2,235,474,1991,0.28
45,2,235,474,1992,0.28
45,2,235,474,1993,0.27
45,2,235,474,1994,0.26
45,2,235,474,1995,0.25
45,2,235,474,1996,0.25
45,2,235,474,1997,0.24
45,2,235,474,1998,0.23
45,2,235,474,1999,0.24
45,2,235,474,2000,0.28
45,2,235,474,2001,0.34
45,2,235,474,2002,0.4
45,2,235,474,2003,0.45
45,2,235,474,2004,0.49
45,2,235,474,2005,0.53
45,2,235,474,2006,0.6
45,2,235,474,2007,0.69
45,2,235,474,2008,0.7
45,2,235,474,2009,0.75
45,2,235,474,2010,0.75
45,2,235,474,2011,0.7
45,2,235,474,2012,0.64
45,2,235,474,2013,0.66
45,2,235,474,2014,0.81
45,2,235,474,2015,0.92
45,2,235,474,2016,1.06
45,2,235,474,2017,1.2
46,2,8,474,1990,0.02
46,2,8,474,1991,0.02
46,2,8,474,1992,0.02
46,2,8,474,1993,0.02
46,2,8,474,1994,0.02
46,2,8,474,1995,0.02
46,2,8,474,1996,0.02
46,2,8,474,1997,0.02
46,2,8,474,1998,0.02
46,2,8,474,1999,0.02
46,2,8,474,2000,0.02
46,2,8,474,2001,0.02
46,2,8,474,2002,0.02
46,2,8,474,2003,0.02
46,2,8,474,2004,0.01
46,2,8,474,2005,0.01
46,2,8,474,2006,0.01
46,2,8,474,2007,0.01
46,2,8,474,2008,0.01
46,2,8,474,2009,0.01
46,2,8,474,2010,0.01
46,2,8,474,2011,0.01
46,2,8,474,2012,0.01
46,2,8,474,2013,0.01
46,2,8,474,2014,0.01
46,2,8,474,2015,0.01
46,2,8,474,2016,0.01
46,2,8,474,2017,0.01
46,2,9,474,1990,0.02
46,2,9,474,1991,0.02
46,2,9,474,1992,0.02
46,2,9,474,1993,0.02
46,2,9,474,1994,0.02
46,2,9,474,1995,0.02
46,2,9,474,1996,0.02
46,2,9,474,1997,0.02
46,2,9,474,1998,0.02
46,2,9,474,1999,0.02
46,2,9,474,2000,0.02
46,2,9,474,2001,0.02
46,2,9,474,2002,0.02
46,2,9,474,2003,0.02
46,2,9,474,2004,0.02
46,2,9,474,2005,0.02
46,2,9,474,2006,0.02
46,2,9,474,2007,0.02
46,2,9,474,2008,0.02
46,2,9,474,2009,0.01
46,2,9,474,2010,0.01
46,2,9,474,2011,0.01
46,2,9,474,2012,0.01
46,2,9,474,2013,0.01
46,2,9,474,2014,0.01
46,2,9,474,2015,0.01
46,2,9,474,2016,0.01
46,2,9,474,2017,0.01
46,2,10,474,1990,0.02
46,2,10,474,1991,0.02
46,2,10,474,1992,0.02
46,2,10,474,1993,0.02
46,2,10,474,1994,0.02
46,2,10,474,1995,0.02
46,2,10,474,1996,0.02
46,2,10,474,1997,0.02
46,2,10,474,1998,0.02
46,2,10,474,1999,0.02
46,2,10,474,2000,0.02
46,2,10,474,2001,0.02
46,2,10,474,2002,0.02
46,2,10,474,2003,0.02
46,2,10,474,2004,0.02
46,2,10,474,2005,0.02
46,2,10,474,2006,0.02
46,2,10,474,2007,0.02
46,2,10,474,2008,0.02
46,2,10,474,2009,0.02
46,2,10,474,2010,0.02
46,2,10,474,2011,0.02
46,2,10,474,2012,0.01
46,2,10,474,2013,0.01
46,2,10,474,2014,0.01
46,2,10,474,2015,0.01
46,2,10,474,2016,0.01
46,2,10,474,2017,0.01
46,2,11,474,1990,0.06
46,2,11,474,1991,0.06
46,2,11,474,1992,0.05
46,2,11,474,1993,0.05
46,2,11,474,1994,0.05
46,2,11,474,1995,0.05
46,2,11,474,1996,0.05
46,2,11,474,1997,0.05
46,2,11,474,1998,0.05
46,2,11,474,1999,0.05
46,2,11,474,2000,0.05
46,2,11,474,2001,0.05
46,2,11,474,2002,0.05
46,2,11,474,2003,0.05
46,2,11,474,2004,0.05
46,2,11,474,2005,0.05
46,2,11,474,2006,0.04
46,2,11,474,2007,0.04
46,2,11,474,2008,0.04
46,2,11,474,2009,0.04
46,2,11,474,2010,0.04
46,2,11,474,2011,0.04
46,2,11,474,2012,0.04
46,2,11,474,2013,0.04
46,2,11,474,2014,0.04
46,2,11,474,2015,0.04
46,2,11,474,2016,0.03
46,2,11,474,2017,0.03
46,2,12,474,1990,0.29
46,2,12,474,1991,0.28
46,2,12,474,1992,0.27
46,2,12,474,1993,0.27
46,2,12,474,1994,0.26
46,2,12,474,1995,0.26
46,2,12,474,1996,0.26
46,2,12,474,1997,0.25
46,2,12,474,1998,0.24
46,2,12,474,1999,0.21
46,2,12,474,2000,0.21
46,2,12,474,2001,0.2
46,2,12,474,2002,0.2
46,2,12,474,2003,0.2
46,2,12,474,2004,0.2
46,2,12,474,2005,0.19
46,2,12,474,2006,0.18
46,2,12,474,2007,0.18
46,2,12,474,2008,0.18
46,2,12,474,2009,0.16
46,2,12,474,2010,0.17
46,2,12,474,2011,0.16
46,2,12,474,2012,0.17
46,2,12,474,2013,0.19
46,2,12,474,2014,0.2
46,2,12,474,2015,0.19
46,2,12,474,2016,0.16
46,2,12,474,2017,0.15
46,2,13,474,1990,0.48
46,2,13,474,1991,0.49
46,2,13,474,1992,0.5
46,2,13,474,1993,0.51
46,2,13,474,1994,0.5
46,2,13,474,1995,0.5
46,2,13,474,1996,0.54
46,2,13,474,1997,0.56
46,2,13,474,1998,0.54
46,2,13,474,1999,0.52
46,2,13,474,2000,0.51
46,2,13,474,2001,0.48
46,2,13,474,2002,0.47
46,2,13,474,2003,0.46
46,2,13,474,2004,0.43
46,2,13,474,2005,0.41
46,2,13,474,2006,0.4
46,2,13,474,2007,0.41
46,2,13,474,2008,0.42
46,2,13,474,2009,0.38
46,2,13,474,2010,0.39
46,2,13,474,2011,0.38
46,2,13,474,2012,0.38
46,2,13,474,2013,0.38
46,2,13,474,2014,0.37
46,2,13,474,2015,0.37
46,2,13,474,2016,0.32
46,2,13,474,2017,0.3
46,2,14,474,1990,0.73
46,2,14,474,1991,0.67
46,2,14,474,1992,0.68
46,2,14,474,1993,0.69
46,2,14,474,1994,0.68
46,2,14,474,1995,0.71
46,2,14,474,1996,0.81
46,2,14,474,1997,0.84
46,2,14,474,1998,0.86
46,2,14,474,1999,0.85
46,2,14,474,2000,0.86
46,2,14,474,2001,0.82
46,2,14,474,2002,0.85
46,2,14,474,2003,0.89
46,2,14,474,2004,0.89
46,2,14,474,2005,0.87
46,2,14,474,2006,0.85
46,2,14,474,2007,0.86
46,2,14,474,2008,0.86
46,2,14,474,2009,0.8
46,2,14,474,2010,0.83
46,2,14,474,2011,0.84
46,2,14,474,2012,0.78
46,2,14,474,2013,0.74
46,2,14,474,2014,0.73
46,2,14,474,2015,0.72
46,2,14,474,2016,0.62
46,2,14,474,2017,0.58
46,2,15,474,1990,1.74
46,2,15,474,1991,1.64
46,2,15,474,1992,1.6
46,2,15,474,1993,1.61
46,2,15,474,1994,1.56
46,2,15,474,1995,1.47
46,2,15,474,1996,1.48
46,2,15,474,1997,1.56
46,2,15,474,1998,1.57
46,2,15,474,1999,1.57
46,2,15,474,2000,1.6
46,2,15,474,2001,1.75
46,2,15,474,2002,1.75
46,2,15,474,2003,1.81
46,2,15,474,2004,1.82
46,2,15,474,2005,1.85
46,2,15,474,2006,1.9
46,2,15,474,2007,2.02
46,2,15,474,2008,2.07
46,2,15,474,2009,2.01
46,2,15,474,2010,2.07
46,2,15,474,2011,2.06
46,2,15,474,2012,2.02
46,2,15,474,2013,1.95
46,2,15,474,2014,1.89
46,2,15,474,2015,1.91
46,2,15,474,2016,1.68
46,2,15,474,2017,1.6
46,2,16,474,1990,3.71
46,2,16,474,1991,3.56
46,2,16,474,1992,3.57
46,2,16,474,1993,3.51
46,2,16,474,1994,3.23
46,2,16,474,1995,3.12
46,2,16,474,1996,3.41
46,2,16,474,1997,3.43
46,2,16,474,1998,3.37
46,2,16,474,1999,3.2
46,2,16,474,2000,2.94
46,2,16,474,2001,2.7
46,2,16,474,2002,2.74
46,2,16,474,2003,2.72
46,2,16,474,2004,2.71
46,2,16,474,2005,2.99
46,2,16,474,2006,3.33
46,2,16,474,2007,3.51
46,2,16,474,2008,3.84
46,2,16,474,2009,3.78
46,2,16,474,2010,4.05
46,2,16,474,2011,4.18
46,2,16,474,2012,4.33
46,2,16,474,2013,4.19
46,2,16,474,2014,4.22
46,2,16,474,2015,4.34
46,2,16,474,2016,3.82
46,2,16,474,2017,3.59
46,2,17,474,1990,6.08
46,2,17,474,1991,5.93
46,2,17,474,1992,6.14
46,2,17,474,1993,6.29
46,2,17,474,1994,6.19
46,2,17,474,1995,6.13
46,2,17,474,1996,6.45
46,2,17,474,1997,6.47
46,2,17,474,1998,6.49
46,2,17,474,1999,6.32
46,2,17,474,2000,5.85
46,2,17,474,2001,5.43
46,2,17,474,2002,5.32
46,2,17,474,2003,5.16
46,2,17,474,2004,4.87
46,2,17,474,2005,4.61
46,2,17,474,2006,4.39
46,2,17,474,2007,4.46
46,2,17,474,2008,4.62
46,2,17,474,2009,4.51
46,2,17,474,2010,4.96
46,2,17,474,2011,5.12
46,2,17,474,2012,5.16
46,2,17,474,2013,5.4
46,2,17,474,2014,5.64
46,2,17,474,2015,6.05
46,2,17,474,2016,5.54
46,2,17,474,2017,5.53
46,2,18,474,1990,9.45
46,2,18,474,1991,9.11
46,2,18,474,1992,9.32
46,2,18,474,1993,9.32
46,2,18,474,1994,8.86
46,2,18,474,1995,8.97
46,2,18,474,1996,9.62
46,2,18,474,1997,9.75
46,2,18,474,1998,10.14
46,2,18,474,1999,10.18
46,2,18,474,2000,10.18
46,2,18,474,2001,9.7
46,2,18,474,2002,9.79
46,2,18,474,2003,9.69
46,2,18,474,2004,9.12
46,2,18,474,2005,8.92
46,2,18,474,2006,8.68
46,2,18,474,2007,8.72
46,2,18,474,2008,8.84
46,2,18,474,2009,8.23
46,2,18,474,2010,8.21
46,2,18,474,2011,7.68
46,2,18,474,2012,7.54
46,2,18,474,2013,7.5
46,2,18,474,2014,8.08
46,2,18,474,2015,9.48
46,2,18,474,2016,9.46
46,2,18,474,2017,9.16
46,2,19,474,1990,7.46
46,2,19,474,1991,8.79
46,2,19,474,1992,10.68
46,2,19,474,1993,12.06
46,2,19,474,1994,12.52
46,2,19,474,1995,13.25
46,2,19,474,1996,14.55
46,2,19,474,1997,15.46
46,2,19,474,1998,15.91
46,2,19,474,1999,15.76
46,2,19,474,2000,16.21
46,2,19,474,2001,16.35
46,2,19,474,2002,16.41
46,2,19,474,2003,16.88
46,2,19,474,2004,16.17
46,2,19,474,2005,15.67
46,2,19,474,2006,15.31
46,2,19,474,2007,15.3
46,2,19,474,2008,14.85
46,2,19,474,2009,13.63
46,2,19,474,2010,13.97
46,2,19,474,2011,13.61
46,2,19,474,2012,13.18
46,2,19,474,2013,13.01
46,2,19,474,2014,12.98
46,2,19,474,2015,13.09
46,2,19,474,2016,11.45
46,2,19,474,2017,11.18
46,2,20,474,1990,14.78
46,2,20,474,1991,13.35
46,2,20,474,1992,11.97
46,2,20,474,1993,10.18
46,2,20,474,1994,8.82
46,2,20,474,1995,9.98
46,2,20,474,1996,13.38
46,2,20,474,1997,16.59
46,2,20,474,1998,19.81
46,2,20,474,1999,22.33
46,2,20,474,2000,23.75
46,2,20,474,2001,23.88
46,2,20,474,2002,24.34
46,2,20,474,2003,24.46
46,2,20,474,2004,23.44
46,2,20,474,2005,23.28
46,2,20,474,2006,23.78
46,2,20,474,2007,24.57
46,2,20,474,2008,24.98
46,2,20,474,2009,24.59
46,2,20,474,2010,25.63
46,2,20,474,2011,25.22
46,2,20,474,2012,25.7
46,2,20,474,2013,25.45
46,2,20,474,2014,25.58
46,2,20,474,2015,26.46
46,2,20,474,2016,23.94
46,2,20,474,2017,22.52
46,2,22,474,1990,73.64
46,2,22,474,1991,72.39
46,2,22,474,1992,72.33
46,2,22,474,1993,71.8
46,2,22,474,1994,69.21
46,2,22,474,1995,71.34
46,2,22,474,1996,78.3
46,2,22,474,1997,82.24
46,2,22,474,1998,85.88
46,2,22,474,1999,87.49
46,2,22,474,2000,91.46
46,2,22,474,2001,91.69
46,2,22,474,2002,94.94
46,2,22,474,2003,97.54
46,2,22,474,2004,95.09
46,2,22,474,2005,96.07
46,2,22,474,2006,98.92
46,2,22,474,2007,102.47
46,2,22,474,2008,105.68
46,2,22,474,2009,104.2
46,2,22,474,2010,110.46
46,2,22,474,2011,112.1
46,2,22,474,2012,115.45
46,2,22,474,2013,117.39
46,2,22,474,2014,122.09
46,2,22,474,2015,129.46
46,2,22,474,2016,120.79
46,2,22,474,2017,118.18
46,2,30,474,1990,17.74
46,2,30,474,1991,17.4
46,2,30,474,1992,16.69
46,2,30,474,1993,16.04
46,2,30,474,1994,15.37
46,2,30,474,1995,15.18
46,2,30,474,1996,14.58
46,2,30,474,1997,13.6
46,2,30,474,1998,12.56
46,2,30,474,1999,11.82
46,2,30,474,2000,13.88
46,2,30,474,2001,16.07
46,2,30,474,2002,19.13
46,2,30,474,2003,21.99
46,2,30,474,2004,22.93
46,2,30,474,2005,23.03
46,2,30,474,2006,24.09
46,2,30,474,2007,24.7
46,2,30,474,2008,25.42
46,2,30,474,2009,25.15
46,2,30,474,2010,26.96
46,2,30,474,2011,27.63
46,2,30,474,2012,28.64
46,2,30,474,2013,29.59
46,2,30,474,2014,30.79
46,2,30,474,2015,32.88
46,2,30,474,2016,30.66
46,2,30,474,2017,29.97
46,2,31,474,1990,8.45
46,2,31,474,1991,8.31
46,2,31,474,1992,8.08
46,2,31,474,1993,8.25
46,2,31,474,1994,8.06
46,2,31,474,1995,8.35
46,2,31,474,1996,9.17
46,2,31,474,1997,9.22
46,2,31,474,1998,9.52
46,2,31,474,1999,9.63
46,2,31,474,2000,10.09
46,2,31,474,2001,8.83
46,2,31,474,2002,8.23
46,2,31,474,2003,7.34
46,2,31,474,2004,6.7
46,2,31,474,2005,8.26
46,2,31,474,2006,10.48
46,2,31,474,2007,12.64
46,2,31,474,2008,14.79
46,2,31,474,2009,16.37
46,2,31,474,2010,17.53
46,2,31,474,2011,18.49
46,2,31,474,2012,19.63
46,2,31,474,2013,20.23
46,2,31,474,2014,21.93
46,2,31,474,2015,23.46
46,2,31,474,2016,22.62
46,2,31,474,2017,22.7
46,2,32,474,1990,2.28
46,2,32,474,1991,2.42
46,2,32,474,1992,2.41
46,2,32,474,1993,2.64
46,2,32,474,1994,2.72
46,2,32,474,1995,2.95
46,2,32,474,1996,3.46
46,2,32,474,1997,3.82
46,2,32,474,1998,4.11
46,2,32,474,1999,4.27
46,2,32,474,2000,4.49
46,2,32,474,2001,4.51
46,2,32,474,2002,4.64
46,2,32,474,2003,4.77
46,2,32,474,2004,4.62
46,2,32,474,2005,4.75
46,2,32,474,2006,4.28
46,2,32,474,2007,3.89
46,2,32,474,2008,3.56
46,2,32,474,2009,3.39
46,2,32,474,2010,4.43
46,2,32,474,2011,5.56
46,2,32,474,2012,6.83
46,2,32,474,2013,7.75
46,2,32,474,2014,8.63
46,2,32,474,2015,9.14
46,2,32,474,2016,9.02
46,2,32,474,2017,9.3
46,2,235,474,1990,0.34
46,2,235,474,1991,0.33
46,2,235,474,1992,0.31
46,2,235,474,1993,0.33
46,2,235,474,1994,0.33
46,2,235,474,1995,0.37
46,2,235,474,1996,0.5
46,2,235,474,1997,0.57
46,2,235,474,1998,0.66
46,2,235,474,1999,0.73
46,2,235,474,2000,0.8
46,2,235,474,2001,0.87
46,2,235,474,2002,0.99
46,2,235,474,2003,1.07
46,2,235,474,2004,1.08
46,2,235,474,2005,1.15
46,2,235,474,2006,1.16
46,2,235,474,2007,1.13
46,2,235,474,2008,1.17
46,2,235,474,2009,1.14
46,2,235,474,2010,1.18
46,2,235,474,2011,1.08
46,2,235,474,2012,1
46,2,235,474,2013,0.93
46,2,235,474,2014,0.97
46,2,235,474,2015,1.31
46,2,235,474,2016,1.45
46,2,235,474,2017,1.54
47,2,8,474,1990,0.05
47,2,8,474,1991,0.05
47,2,8,474,1992,0.05
47,2,8,474,1993,0.05
47,2,8,474,1994,0.05
47,2,8,474,1995,0.05
47,2,8,474,1996,0.05
47,2,8,474,1997,0.04
47,2,8,474,1998,0.04
47,2,8,474,1999,0.04
47,2,8,474,2000,0.04
47,2,8,474,2001,0.04
47,2,8,474,2002,0.04
47,2,8,474,2003,0.04
47,2,8,474,2004,0.04
47,2,8,474,2005,0.03
47,2,8,474,2006,0.03
47,2,8,474,2007,0.03
47,2,8,474,2008,0.03
47,2,8,474,2009,0.03
47,2,8,474,2010,0.03
47,2,8,474,2011,0.03
47,2,8,474,2012,0.03
47,2,8,474,2013,0.03
47,2,8,474,2014,0.02
47,2,8,474,2015,0.02
47,2,8,474,2016,0.02
47,2,8,474,2017,0.02
47,2,9,474,1990,0.04
47,2,9,474,1991,0.04
47,2,9,474,1992,0.04
47,2,9,474,1993,0.04
47,2,9,474,1994,0.04
47,2,9,474,1995,0.05
47,2,9,474,1996,0.05
47,2,9,474,1997,0.05
47,2,9,474,1998,0.05
47,2,9,474,1999,0.05
47,2,9,474,2000,0.05
47,2,9,474,2001,0.04
47,2,9,474,2002,0.04
47,2,9,474,2003,0.04
47,2,9,474,2004,0.04
47,2,9,474,2005,0.04
47,2,9,474,2006,0.04
47,2,9,474,2007,0.03
47,2,9,474,2008,0.03
47,2,9,474,2009,0.03
47,2,9,474,2010,0.03
47,2,9,474,2011,0.03
47,2,9,474,2012,0.03
47,2,9,474,2013,0.03
47,2,9,474,2014,0.03
47,2,9,474,2015,0.03
47,2,9,474,2016,0.03
47,2,9,474,2017,0.02
47,2,10,474,1990,0.07
47,2,10,474,1991,0.08
47,2,10,474,1992,0.08
47,2,10,474,1993,0.08
47,2,10,474,1994,0.07
47,2,10,474,1995,0.07
47,2,10,474,1996,0.06
47,2,10,474,1997,0.06
47,2,10,474,1998,0.06
47,2,10,474,1999,0.07
47,2,10,474,2000,0.08
47,2,10,474,2001,0.08
47,2,10,474,2002,0.08
47,2,10,474,2003,0.08
47,2,10,474,2004,0.07
47,2,10,474,2005,0.07
47,2,10,474,2006,0.07
47,2,10,474,2007,0.06
47,2,10,474,2008,0.06
47,2,10,474,2009,0.06
47,2,10,474,2010,0.05
47,2,10,474,2011,0.05
47,2,10,474,2012,0.05
47,2,10,474,2013,0.05
47,2,10,474,2014,0.05
47,2,10,474,2015,0.05
47,2,10,474,2016,0.05
47,2,10,474,2017,0.05
47,2,11,474,1990,0.15
47,2,11,474,1991,0.15
47,2,11,474,1992,0.13
47,2,11,474,1993,0.13
47,2,11,474,1994,0.13
47,2,11,474,1995,0.14
47,2,11,474,1996,0.13
47,2,11,474,1997,0.13
47,2,11,474,1998,0.11
47,2,11,474,1999,0.11
47,2,11,474,2000,0.11
47,2,11,474,2001,0.12
47,2,11,474,2002,0.12
47,2,11,474,2003,0.12
47,2,11,474,2004,0.12
47,2,11,474,2005,0.13
47,2,11,474,2006,0.13
47,2,11,474,2007,0.13
47,2,11,474,2008,0.15
47,2,11,474,2009,0.14
47,2,11,474,2010,0.13
47,2,11,474,2011,0.13
47,2,11,474,2012,0.12
47,2,11,474,2013,0.11
47,2,11,474,2014,0.1
47,2,11,474,2015,0.1
47,2,11,474,2016,0.11
47,2,11,474,2017,0.11
47,2,12,474,1990,0.54
47,2,12,474,1991,0.55
47,2,12,474,1992,0.54
47,2,12,474,1993,0.52
47,2,12,474,1994,0.48
47,2,12,474,1995,0.47
47,2,12,474,1996,0.43
47,2,12,474,1997,0.43
47,2,12,474,1998,0.39
47,2,12,474,1999,0.38
47,2,12,474,2000,0.39
47,2,12,474,2001,0.4
47,2,12,474,2002,0.4
47,2,12,474,2003,0.41
47,2,12,474,2004,0.39
47,2,12,474,2005,0.38
47,2,12,474,2006,0.38
47,2,12,474,2007,0.38
47,2,12,474,2008,0.39
47,2,12,474,2009,0.4
47,2,12,474,2010,0.42
47,2,12,474,2011,0.46
47,2,12,474,2012,0.48
47,2,12,474,2013,0.47
47,2,12,474,2014,0.46
47,2,12,474,2015,0.47
47,2,12,474,2016,0.47
47,2,12,474,2017,0.45
47,2,13,474,1990,1.16
47,2,13,474,1991,1.2
47,2,13,474,1992,1.13
47,2,13,474,1993,1.09
47,2,13,474,1994,1.09
47,2,13,474,1995,1.12
47,2,13,474,1996,1.04
47,2,13,474,1997,1.05
47,2,13,474,1998,0.97
47,2,13,474,1999,0.89
47,2,13,474,2000,0.88
47,2,13,474,2001,0.86
47,2,13,474,2002,0.78
47,2,13,474,2003,0.77
47,2,13,474,2004,0.75
47,2,13,474,2005,0.77
47,2,13,474,2006,0.8
47,2,13,474,2007,0.81
47,2,13,474,2008,0.8
47,2,13,474,2009,0.75
47,2,13,474,2010,0.73
47,2,13,474,2011,0.76
47,2,13,474,2012,0.76
47,2,13,474,2013,0.76
47,2,13,474,2014,0.76
47,2,13,474,2015,0.82
47,2,13,474,2016,0.87
47,2,13,474,2017,0.89
47,2,14,474,1990,2.01
47,2,14,474,1991,2.23
47,2,14,474,1992,2.3
47,2,14,474,1993,2.32
47,2,14,474,1994,2.34
47,2,14,474,1995,2.48
47,2,14,474,1996,2.43
47,2,14,474,1997,2.46
47,2,14,474,1998,2.36
47,2,14,474,1999,2.34
47,2,14,474,2000,2.45
47,2,14,474,2001,2.35
47,2,14,474,2002,2.17
47,2,14,474,2003,2.16
47,2,14,474,2004,2.02
47,2,14,474,2005,1.95
47,2,14,474,2006,1.77
47,2,14,474,2007,1.62
47,2,14,474,2008,1.64
47,2,14,474,2009,1.68
47,2,14,474,2010,1.69
47,2,14,474,2011,1.66
47,2,14,474,2012,1.7
47,2,14,474,2013,1.69
47,2,14,474,2014,1.58
47,2,14,474,2015,1.59
47,2,14,474,2016,1.66
47,2,14,474,2017,1.7
47,2,15,474,1990,3.36
47,2,15,474,1991,3.56
47,2,15,474,1992,3.65
47,2,15,474,1993,3.76
47,2,15,474,1994,4.07
47,2,15,474,1995,4.47
47,2,15,474,1996,4.51
47,2,15,474,1997,4.81
47,2,15,474,1998,4.81
47,2,15,474,1999,4.9
47,2,15,474,2000,5.2
47,2,15,474,2001,5.16
47,2,15,474,2002,4.78
47,2,15,474,2003,4.73
47,2,15,474,2004,4.5
47,2,15,474,2005,4.6
47,2,15,474,2006,4.52
47,2,15,474,2007,4.47
47,2,15,474,2008,4.45
47,2,15,474,2009,4.17
47,2,15,474,2010,3.85
47,2,15,474,2011,3.57
47,2,15,474,2012,3.45
47,2,15,474,2013,3.5
47,2,15,474,2014,3.33
47,2,15,474,2015,3.38
47,2,15,474,2016,3.48
47,2,15,474,2017,3.42
47,2,16,474,1990,7.87
47,2,16,474,1991,7.75
47,2,16,474,1992,7.21
47,2,16,474,1993,6.8
47,2,16,474,1994,6.6
47,2,16,474,1995,6.98
47,2,16,474,1996,6.96
47,2,16,474,1997,7.48
47,2,16,474,1998,7.86
47,2,16,474,1999,8.46
47,2,16,474,2000,8.9
47,2,16,474,2001,9.48
47,2,16,474,2002,9.79
47,2,16,474,2003,10.35
47,2,16,474,2004,10.05
47,2,16,474,2005,10.28
47,2,16,474,2006,10.53
47,2,16,474,2007,10.35
47,2,16,474,2008,10.5
47,2,16,474,2009,9.98
47,2,16,474,2010,9.89
47,2,16,474,2011,9.84
47,2,16,474,2012,9.85
47,2,16,474,2013,9.41
47,2,16,474,2014,8.49
47,2,16,474,2015,8.08
47,2,16,474,2016,7.87
47,2,16,474,2017,7.52
47,2,17,474,1990,13.68
47,2,17,474,1991,13.97
47,2,17,474,1992,13.92
47,2,17,474,1993,13.6
47,2,17,474,1994,13.42
47,2,17,474,1995,13.36
47,2,17,474,1996,12.4
47,2,17,474,1997,12.25
47,2,17,474,1998,11.9
47,2,17,474,1999,11.75
47,2,17,474,2000,12.1
47,2,17,474,2001,12.75
47,2,17,474,2002,13.36
47,2,17,474,2003,14.96
47,2,17,474,2004,15.61
47,2,17,474,2005,16.4
47,2,17,474,2006,17.31
47,2,17,474,2007,17.84
47,2,17,474,2008,18.78
47,2,17,474,2009,18.7
47,2,17,474,2010,18.95
47,2,17,474,2011,18.99
47,2,17,474,2012,18.94
47,2,17,474,2013,18.51
47,2,17,474,2014,17.03
47,2,17,474,2015,16.79
47,2,17,474,2016,16.31
47,2,17,474,2017,15.62
47,2,18,474,1990,23.79
47,2,18,474,1991,24.14
47,2,18,474,1992,23.4
47,2,18,474,1993,22.83
47,2,18,474,1994,22.26
47,2,18,474,1995,22.9
47,2,18,474,1996,21.81
47,2,18,474,1997,21.65
47,2,18,474,1998,20.98
47,2,18,474,1999,20.65
47,2,18,474,2000,20.1
47,2,18,474,2001,19.61
47,2,18,474,2002,18.84
47,2,18,474,2003,19.57
47,2,18,474,2004,19.16
47,2,18,474,2005,19.49
47,2,18,474,2006,19.71
47,2,18,474,2007,20.31
47,2,18,474,2008,22.28
47,2,18,474,2009,23.85
47,2,18,474,2010,24.6
47,2,18,474,2011,26.18
47,2,18,474,2012,27.96
47,2,18,474,2013,29.09
47,2,18,474,2014,27.97
47,2,18,474,2015,28.21
47,2,18,474,2016,28.09
47,2,18,474,2017,27.31
47,2,19,474,1990,19.2
47,2,19,474,1991,22.17
47,2,19,474,1992,25.86
47,2,19,474,1993,30.55
47,2,19,474,1994,33.91
47,2,19,474,1995,36.3
47,2,19,474,1996,35.58
47,2,19,474,1997,35.76
47,2,19,474,1998,34.36
47,2,19,474,1999,34.19
47,2,19,474,2000,34.2
47,2,19,474,2001,34.28
47,2,19,474,2002,33.92
47,2,19,474,2003,34.41
47,2,19,474,2004,32.7
47,2,19,474,2005,31.82
47,2,19,474,2006,29.75
47,2,19,474,2007,27.92
47,2,19,474,2008,27.29
47,2,19,474,2009,26.2
47,2,19,474,2010,25.7
47,2,19,474,2011,26.28
47,2,19,474,2012,27.36
47,2,19,474,2013,28.73
47,2,19,474,2014,29.82
47,2,19,474,2015,31.2
47,2,19,474,2016,33.29
47,2,19,474,2017,35.2
47,2,20,474,1990,36.67
47,2,20,474,1991,34.98
47,2,20,474,1992,30.9
47,2,20,474,1993,27.2
47,2,20,474,1994,24.11
47,2,20,474,1995,25.55
47,2,20,474,1996,27.67
47,2,20,474,1997,32.72
47,2,20,474,1998,37.99
47,2,20,474,1999,42.68
47,2,20,474,2000,45.04
47,2,20,474,2001,45.63
47,2,20,474,2002,44.7
47,2,20,474,2003,45.13
47,2,20,474,2004,44.33
47,2,20,474,2005,45.14
47,2,20,474,2006,45.15
47,2,20,474,2007,44.88
47,2,20,474,2008,44.95
47,2,20,474,2009,43.47
47,2,20,474,2010,41.66
47,2,20,474,2011,40.01
47,2,20,474,2012,38.74
47,2,20,474,2013,37.65
47,2,20,474,2014,36.72
47,2,20,474,2015,37.73
47,2,20,474,2016,38.6
47,2,20,474,2017,39.86
47,2,22,474,1990,172.63
47,2,22,474,1991,179.01
47,2,22,474,1992,178.43
47,2,22,474,1993,182.16
47,2,22,474,1994,184.59
47,2,22,474,1995,194.28
47,2,22,474,1996,189.81
47,2,22,474,1997,194.09
47,2,22,474,1998,193.76
47,2,22,474,1999,196.18
47,2,22,474,2000,200.73
47,2,22,474,2001,204.81
47,2,22,474,2002,205.09
47,2,22,474,2003,212.19
47,2,22,474,2004,211.68
47,2,22,474,2005,215.72
47,2,22,474,2006,216.52
47,2,22,474,2007,218.29
47,2,22,474,2008,225.82
47,2,22,474,2009,228.26
47,2,22,474,2010,230.99
47,2,22,474,2011,234.31
47,2,22,474,2012,240.08
47,2,22,474,2013,243.61
47,2,22,474,2014,241.1
47,2,22,474,2015,246.41
47,2,22,474,2016,247.05
47,2,22,474,2017,246.27
47,2,30,474,1990,38.7
47,2,30,474,1991,40.94
47,2,30,474,1992,41.12
47,2,30,474,1993,42.8
47,2,30,474,1994,44.02
47,2,30,474,1995,45.07
47,2,30,474,1996,40.24
47,2,30,474,1997,36.63
47,2,30,474,1998,31.53
47,2,30,474,1999,28.34
47,2,30,474,2000,29.97
47,2,30,474,2001,34.79
47,2,30,474,2002,40.52
47,2,30,474,2003,46.96
47,2,30,474,2004,51.15
47,2,30,474,2005,52.63
47,2,30,474,2006,52.62
47,2,30,474,2007,52.6
47,2,30,474,2008,53.78
47,2,30,474,2009,53.25
47,2,30,474,2010,53.4
47,2,30,474,2011,53.21
47,2,30,474,2012,53.49
47,2,30,474,2013,53.25
47,2,30,474,2014,52.25
47,2,30,474,2015,52.29
47,2,30,474,2016,49.97
47,2,30,474,2017,47.99
47,2,31,474,1990,19.65
47,2,31,474,1991,21.05
47,2,31,474,1992,21.68
47,2,31,474,1993,23.52
47,2,31,474,1994,24.93
47,2,31,474,1995,27.53
47,2,31,474,1996,28.39
47,2,31,474,1997,29.89
47,2,31,474,1998,31.11
47,2,31,474,1999,31.52
47,2,31,474,2000,30.71
47,2,31,474,2001,27.87
47,2,31,474,2002,23.79
47,2,31,474,2003,20.11
47,2,31,474,2004,18.19
47,2,31,474,2005,19.59
47,2,31,474,2006,22.53
47,2,31,474,2007,26.77
47,2,31,474,2008,31.54
47,2,31,474,2009,36.15
47,2,31,474,2010,38.94
47,2,31,474,2011,40.05
47,2,31,474,2012,41.38
47,2,31,474,2013,42.2
47,2,31,474,2014,42.21
47,2,31,474,2015,43.56
47,2,31,474,2016,43.92
47,2,31,474,2017,43.59
47,2,32,474,1990,5.17
47,2,32,474,1991,5.58
47,2,32,474,1992,5.79
47,2,32,474,1993,6.22
47,2,32,474,1994,6.36
47,2,32,474,1995,6.94
47,2,32,474,1996,7.2
47,2,32,474,1997,7.74
47,2,32,474,1998,8.22
47,2,32,474,1999,8.72
47,2,32,474,2000,9.35
47,2,32,474,2001,10.08
47,2,32,474,2002,10.32
47,2,32,474,2003,10.75
47,2,32,474,2004,10.83
47,2,32,474,2005,10.53
47,2,32,474,2006,9.29
47,2,32,474,2007,8.2
47,2,32,474,2008,7.29
47,2,32,474,2009,7.5
47,2,32,474,2010,9.08
47,2,32,474,2011,11.3
47,2,32,474,2012,14
47,2,32,474,2013,16.37
47,2,32,474,2014,18.27
47,2,32,474,2015,19.51
47,2,32,474,2016,19.24
47,2,32,474,2017,19.03
47,2,235,474,1990,0.54
47,2,235,474,1991,0.59
47,2,235,474,1992,0.62
47,2,235,474,1993,0.67
47,2,235,474,1994,0.71
47,2,235,474,1995,0.8
47,2,235,474,1996,0.86
47,2,235,474,1997,0.93
47,2,235,474,1998,1.02
47,2,235,474,1999,1.08
47,2,235,474,2000,1.18
47,2,235,474,2001,1.29
47,2,235,474,2002,1.44
47,2,235,474,2003,1.59
47,2,235,474,2004,1.74
47,2,235,474,2005,1.87
47,2,235,474,2006,1.88
47,2,235,474,2007,1.87
47,2,235,474,2008,1.87
47,2,235,474,2009,1.9
47,2,235,474,2010,1.84
47,2,235,474,2011,1.75
47,2,235,474,2012,1.73
47,2,235,474,2013,1.75
47,2,235,474,2014,2
47,2,235,474,2015,2.6
47,2,235,474,2016,3.07
47,2,235,474,2017,3.47
48,2,8,474,1990,0.04
48,2,8,474,1991,0.04
48,2,8,474,1992,0.05
48,2,8,474,1993,0.05
48,2,8,474,1994,0.05
48,2,8,474,1995,0.04
48,2,8,474,1996,0.04
48,2,8,474,1997,0.04
48,2,8,474,1998,0.04
48,2,8,474,1999,0.04
48,2,8,474,2000,0.04
48,2,8,474,2001,0.04
48,2,8,474,2002,0.04
48,2,8,474,2003,0.03
48,2,8,474,2004,0.04
48,2,8,474,2005,0.04
48,2,8,474,2006,0.03
48,2,8,474,2007,0.04
48,2,8,474,2008,0.04
48,2,8,474,2009,0.03
48,2,8,474,2010,0.03
48,2,8,474,2011,0.03
48,2,8,474,2012,0.03
48,2,8,474,2013,0.03
48,2,8,474,2014,0.03
48,2,8,474,2015,0.03
48,2,8,474,2016,0.02
48,2,8,474,2017,0.02
48,2,9,474,1990,0.04
48,2,9,474,1991,0.04
48,2,9,474,1992,0.04
48,2,9,474,1993,0.04
48,2,9,474,1994,0.04
48,2,9,474,1995,0.04
48,2,9,474,1996,0.04
48,2,9,474,1997,0.04
48,2,9,474,1998,0.04
48,2,9,474,1999,0.04
48,2,9,474,2000,0.04
48,2,9,474,2001,0.04
48,2,9,474,2002,0.04
48,2,9,474,2003,0.04
48,2,9,474,2004,0.03
48,2,9,474,2005,0.03
48,2,9,474,2006,0.03
48,2,9,474,2007,0.03
48,2,9,474,2008,0.03
48,2,9,474,2009,0.03
48,2,9,474,2010,0.03
48,2,9,474,2011,0.03
48,2,9,474,2012,0.03
48,2,9,474,2013,0.03
48,2,9,474,2014,0.03
48,2,9,474,2015,0.03
48,2,9,474,2016,0.03
48,2,9,474,2017,0.03
48,2,10,474,1990,0.07
48,2,10,474,1991,0.07
48,2,10,474,1992,0.07
48,2,10,474,1993,0.08
48,2,10,474,1994,0.07
48,2,10,474,1995,0.08
48,2,10,474,1996,0.08
48,2,10,474,1997,0.08
48,2,10,474,1998,0.08
48,2,10,474,1999,0.08
48,2,10,474,2000,0.08
48,2,10,474,2001,0.1
48,2,10,474,2002,0.1
48,2,10,474,2003,0.1
48,2,10,474,2004,0.1
48,2,10,474,2005,0.1
48,2,10,474,2006,0.09
48,2,10,474,2007,0.09
48,2,10,474,2008,0.08
48,2,10,474,2009,0.07
48,2,10,474,2010,0.07
48,2,10,474,2011,0.07
48,2,10,474,2012,0.06
48,2,10,474,2013,0.06
48,2,10,474,2014,0.06
48,2,10,474,2015,0.06
48,2,10,474,2016,0.05
48,2,10,474,2017,0.05
48,2,11,474,1990,0.26
48,2,11,474,1991,0.25
48,2,11,474,1992,0.25
48,2,11,474,1993,0.24
48,2,11,474,1994,0.22
48,2,11,474,1995,0.2
48,2,11,474,1996,0.18
48,2,11,474,1997,0.18
48,2,11,474,1998,0.19
48,2,11,474,1999,0.19
48,2,11,474,2000,0.19
48,2,11,474,2001,0.2
48,2,11,474,2002,0.2
48,2,11,474,2003,0.21
48,2,11,474,2004,0.21
48,2,11,474,2005,0.22
48,2,11,474,2006,0.22
48,2,11,474,2007,0.23
48,2,11,474,2008,0.22
48,2,11,474,2009,0.21
48,2,11,474,2010,0.19
48,2,11,474,2011,0.18
48,2,11,474,2012,0.16
48,2,11,474,2013,0.15
48,2,11,474,2014,0.14
48,2,11,474,2015,0.15
48,2,11,474,2016,0.13
48,2,11,474,2017,0.12
48,2,12,474,1990,1.04
48,2,12,474,1991,1.1
48,2,12,474,1992,1.22
48,2,12,474,1993,1.28
48,2,12,474,1994,1.17
48,2,12,474,1995,1.04
48,2,12,474,1996,0.89
48,2,12,474,1997,0.84
48,2,12,474,1998,0.81
48,2,12,474,1999,0.78
48,2,12,474,2000,0.72
48,2,12,474,2001,0.67
48,2,12,474,2002,0.65
48,2,12,474,2003,0.64
48,2,12,474,2004,0.65
48,2,12,474,2005,0.69
48,2,12,474,2006,0.66
48,2,12,474,2007,0.69
48,2,12,474,2008,0.65
48,2,12,474,2009,0.67
48,2,12,474,2010,0.65
48,2,12,474,2011,0.62
48,2,12,474,2012,0.61
48,2,12,474,2013,0.61
48,2,12,474,2014,0.62
48,2,12,474,2015,0.64
48,2,12,474,2016,0.58
48,2,12,474,2017,0.53
48,2,13,474,1990,1.56
48,2,13,474,1991,1.62
48,2,13,474,1992,1.89
48,2,13,474,1993,2.09
48,2,13,474,1994,2.14
48,2,13,474,1995,2.22
48,2,13,474,1996,2.2
48,2,13,474,1997,2.3
48,2,13,474,1998,2.32
48,2,13,474,1999,2.28
48,2,13,474,2000,2.03
48,2,13,474,2001,1.91
48,2,13,474,2002,1.79
48,2,13,474,2003,1.76
48,2,13,474,2004,1.65
48,2,13,474,2005,1.55
48,2,13,474,2006,1.45
48,2,13,474,2007,1.53
48,2,13,474,2008,1.49
48,2,13,474,2009,1.44
48,2,13,474,2010,1.38
48,2,13,474,2011,1.4
48,2,13,474,2012,1.34
48,2,13,474,2013,1.27
48,2,13,474,2014,1.26
48,2,13,474,2015,1.34
48,2,13,474,2016,1.26
48,2,13,474,2017,1.27
48,2,14,474,1990,2.85
48,2,14,474,1991,2.8
48,2,14,474,1992,2.92
48,2,14,474,1993,3.29
48,2,14,474,1994,3.47
48,2,14,474,1995,3.66
48,2,14,474,1996,3.81
48,2,14,474,1997,4.15
48,2,14,474,1998,4.51
48,2,14,474,1999,4.91
48,2,14,474,2000,5.03
48,2,14,474,2001,5.25
48,2,14,474,2002,5.28
48,2,14,474,2003,5.24
48,2,14,474,2004,4.91
48,2,14,474,2005,4.56
48,2,14,474,2006,4.31
48,2,14,474,2007,4.33
48,2,14,474,2008,3.91
48,2,14,474,2009,3.64
48,2,14,474,2010,3.46
48,2,14,474,2011,3.27
48,2,14,474,2012,3.1
48,2,14,474,2013,3.04
48,2,14,474,2014,2.99
48,2,14,474,2015,3.15
48,2,14,474,2016,2.8
48,2,14,474,2017,2.67
48,2,15,474,1990,4.86
48,2,15,474,1991,5.01
48,2,15,474,1992,5.37
48,2,15,474,1993,5.76
48,2,15,474,1994,5.93
48,2,15,474,1995,6.12
48,2,15,474,1996,6.03
48,2,15,474,1997,6.58
48,2,15,474,1998,7.09
48,2,15,474,1999,7.45
48,2,15,474,2000,7.5
48,2,15,474,2001,8.04
48,2,15,474,2002,8.31
48,2,15,474,2003,8.87
48,2,15,474,2004,9.32
48,2,15,474,2005,9.96
48,2,15,474,2006,10.07
48,2,15,474,2007,10.53
48,2,15,474,2008,10.23
48,2,15,474,2009,9.73
48,2,15,474,2010,8.87
48,2,15,474,2011,7.98
48,2,15,474,2012,7.21
48,2,15,474,2013,6.56
48,2,15,474,2014,6.16
48,2,15,474,2015,6.45
48,2,15,474,2016,5.61
48,2,15,474,2017,5.34
48,2,16,474,1990,10.6
48,2,16,474,1991,10.3
48,2,16,474,1992,10.64
48,2,16,474,1993,10.97
48,2,16,474,1994,10.78
48,2,16,474,1995,10.65
48,2,16,474,1996,10.73
48,2,16,474,1997,11.41
48,2,16,474,1998,12.2
48,2,16,474,1999,12.68
48,2,16,474,2000,12.84
48,2,16,474,2001,12.62
48,2,16,474,2002,13.13
48,2,16,474,2003,13.96
48,2,16,474,2004,14.46
48,2,16,474,2005,15.2
48,2,16,474,2006,16.05
48,2,16,474,2007,17.63
48,2,16,474,2008,17.49
48,2,16,474,2009,18.33
48,2,16,474,2010,19.31
48,2,16,474,2011,19.97
48,2,16,474,2012,19.88
48,2,16,474,2013,19.15
48,2,16,474,2014,18.53
48,2,16,474,2015,18.8
48,2,16,474,2016,15.74
48,2,16,474,2017,13.79
48,2,17,474,1990,19.05
48,2,17,474,1991,18.5
48,2,17,474,1992,18.55
48,2,17,474,1993,18.98
48,2,17,474,1994,18.38
48,2,17,474,1995,18.25
48,2,17,474,1996,17.39
48,2,17,474,1997,17.48
48,2,17,474,1998,18.08
48,2,17,474,1999,18.29
48,2,17,474,2000,18.26
48,2,17,474,2001,18.6
48,2,17,474,2002,18.86
48,2,17,474,2003,20.08
48,2,17,474,2004,20.52
48,2,17,474,2005,21.25
48,2,17,474,2006,21.66
48,2,17,474,2007,23.04
48,2,17,474,2008,23.47
48,2,17,474,2009,24.86
48,2,17,474,2010,25.62
48,2,17,474,2011,27.43
48,2,17,474,2012,28.25
48,2,17,474,2013,28.88
48,2,17,474,2014,29.55
48,2,17,474,2015,31.58
48,2,17,474,2016,30.46
48,2,17,474,2017,29.4
48,2,18,474,1990,29.36
48,2,18,474,1991,29.24
48,2,18,474,1992,29.64
48,2,18,474,1993,29.86
48,2,18,474,1994,29.12
48,2,18,474,1995,29.33
48,2,18,474,1996,28.91
48,2,18,474,1997,28.78
48,2,18,474,1998,29.46
48,2,18,474,1999,30.5
48,2,18,474,2000,29.3
48,2,18,474,2001,29.19
48,2,18,474,2002,29.38
48,2,18,474,2003,29.46
48,2,18,474,2004,29.77
48,2,18,474,2005,30.7
48,2,18,474,2006,31.19
48,2,18,474,2007,32.34
48,2,18,474,2008,31.8
48,2,18,474,2009,32.69
48,2,18,474,2010,33.36
48,2,18,474,2011,33.14
48,2,18,474,2012,33.24
48,2,18,474,2013,33.35
48,2,18,474,2014,34.06
48,2,18,474,2015,35.52
48,2,18,474,2016,34.85
48,2,18,474,2017,34.66
48,2,19,474,1990,23.37
48,2,19,474,1991,25.69
48,2,19,474,1992,29.55
48,2,19,474,1993,33.36
48,2,19,474,1994,35.99
48,2,19,474,1995,36.19
48,2,19,474,1996,35.81
48,2,19,474,1997,35.93
48,2,19,474,1998,36.1
48,2,19,474,1999,37.27
48,2,19,474,2000,37.26
48,2,19,474,2001,37.88
48,2,19,474,2002,39.21
48,2,19,474,2003,40.34
48,2,19,474,2004,40.48
48,2,19,474,2005,41.13
48,2,19,474,2006,39.81
48,2,19,474,2007,40.46
48,2,19,474,2008,38.99
48,2,19,474,2009,40.15
48,2,19,474,2010,40.06
48,2,19,474,2011,40.79
48,2,19,474,2012,39.37
48,2,19,474,2013,38.71
48,2,19,474,2014,38.63
48,2,19,474,2015,40.6
48,2,19,474,2016,37.68
48,2,19,474,2017,36.07
48,2,20,474,1990,39.58
48,2,20,474,1991,35.8
48,2,20,474,1992,33.11
48,2,20,474,1993,29.55
48,2,20,474,1994,26.3
48,2,20,474,1995,27.43
48,2,20,474,1996,31.71
48,2,20,474,1997,37.86
48,2,20,474,1998,44.72
48,2,20,474,1999,50.47
48,2,20,474,2000,51.26
48,2,20,474,2001,52.65
48,2,20,474,2002,53.35
48,2,20,474,2003,54.26
48,2,20,474,2004,54.18
48,2,20,474,2005,54.98
48,2,20,474,2006,53.57
48,2,20,474,2007,54.06
48,2,20,474,2008,53.14
48,2,20,474,2009,52.26
48,2,20,474,2010,50.68
48,2,20,474,2011,49.08
48,2,20,474,2012,46.34
48,2,20,474,2013,43.59
48,2,20,474,2014,42.88
48,2,20,474,2015,44.09
48,2,20,474,2016,42.07
48,2,20,474,2017,40.89
48,2,22,474,1990,200.94
48,2,22,474,1991,201.5
48,2,22,474,1992,208.59
48,2,22,474,1993,214.97
48,2,22,474,1994,214.75
48,2,22,474,1995,221.26
48,2,22,474,1996,223.51
48,2,22,474,1997,229.61
48,2,22,474,1998,236.92
48,2,22,474,1999,247.23
48,2,22,474,2000,248.71
48,2,22,474,2001,255.93
48,2,22,474,2002,263.6
48,2,22,474,2003,275.33
48,2,22,474,2004,278.93
48,2,22,474,2005,285.28
48,2,22,474,2006,286.08
48,2,22,474,2007,296.35
48,2,22,474,2008,294.66
48,2,22,474,2009,299.66
48,2,22,474,2010,303.15
48,2,22,474,2011,305.42
48,2,22,474,2012,301.29
48,2,22,474,2013,295.31
48,2,22,474,2014,294.61
48,2,22,474,2015,304.94
48,2,22,474,2016,287.64
48,2,22,474,2017,279.96
48,2,30,474,1990,38.27
48,2,30,474,1991,39.41
48,2,30,474,1992,41.19
48,2,30,474,1993,43.3
48,2,30,474,1994,43.76
48,2,30,474,1995,45.65
48,2,30,474,1996,42.65
48,2,30,474,1997,38.72
48,2,30,474,1998,34.22
48,2,30,474,1999,32.84
48,2,30,474,2000,35.36
48,2,30,474,2001,42.74
48,2,30,474,2002,50.08
48,2,30,474,2003,58.56
48,2,30,474,2004,63.04
48,2,30,474,2005,62.35
48,2,30,474,2006,61.63
48,2,30,474,2007,61.89
48,2,30,474,2008,60.11
48,2,30,474,2009,59.49
48,2,30,474,2010,59.94
48,2,30,474,2011,59.48
48,2,30,474,2012,58.03
48,2,30,474,2013,56.36
48,2,30,474,2014,55.36
48,2,30,474,2015,56.57
48,2,30,474,2016,51.84
48,2,30,474,2017,50.26
48,2,31,474,1990,21.48
48,2,31,474,1991,22.32
48,2,31,474,1992,24.07
48,2,31,474,1993,25.43
48,2,31,474,1994,26.29
48,2,31,474,1995,28.7
48,2,31,474,1996,31.07
48,2,31,474,1997,32.44
48,2,31,474,1998,33.58
48,2,31,474,1999,35.32
48,2,31,474,2000,34.83
48,2,31,474,2001,31.7
48,2,31,474,2002,28.49
48,2,31,474,2003,25.94
48,2,31,474,2004,23.22
48,2,31,474,2005,25.38
48,2,31,474,2006,29.09
48,2,31,474,2007,34.13
48,2,31,474,2008,38.67
48,2,31,474,2009,42.12
48,2,31,474,2010,43.38
48,2,31,474,2011,43.73
48,2,31,474,2012,43.54
48,2,31,474,2013,42.2
48,2,31,474,2014,42.15
48,2,31,474,2015,42.87
48,2,31,474,2016,40.8
48,2,31,474,2017,39.98
48,2,32,474,1990,7.42
48,2,32,474,1991,8.11
48,2,32,474,1992,8.68
48,2,32,474,1993,9.25
48,2,32,474,1994,9.48
48,2,32,474,1995,10
48,2,32,474,1996,10.17
48,2,32,474,1997,10.8
48,2,32,474,1998,11.33
48,2,32,474,1999,11.8
48,2,32,474,2000,11.61
48,2,32,474,2001,11.96
48,2,32,474,2002,12.3
48,2,32,474,2003,13.3
48,2,32,474,2004,13.65
48,2,32,474,2005,14.26
48,2,32,474,2006,13.02
48,2,32,474,2007,11.8
48,2,32,474,2008,10.46
48,2,32,474,2009,9.78
48,2,32,474,2010,11.34
48,2,32,474,2011,13.81
48,2,32,474,2012,16.14
48,2,32,474,2013,17.86
48,2,32,474,2014,18.97
48,2,32,474,2015,19.31
48,2,32,474,2016,19.39
48,2,32,474,2017,19.99
48,2,235,474,1990,1.09
48,2,235,474,1991,1.2
48,2,235,474,1992,1.34
48,2,235,474,1993,1.46
48,2,235,474,1994,1.56
48,2,235,474,1995,1.68
48,2,235,474,1996,1.82
48,2,235,474,1997,1.98
48,2,235,474,1998,2.14
48,2,235,474,1999,2.28
48,2,235,474,2000,2.35
48,2,235,474,2001,2.35
48,2,235,474,2002,2.41
48,2,235,474,2003,2.53
48,2,235,474,2004,2.7
48,2,235,474,2005,2.9
48,2,235,474,2006,3.18
48,2,235,474,2007,3.54
48,2,235,474,2008,3.88
48,2,235,474,2009,4.17
48,2,235,474,2010,4.76
48,2,235,474,2011,4.41
48,2,235,474,2012,3.94
48,2,235,474,2013,3.48
48,2,235,474,2014,3.2
48,2,235,474,2015,3.76
48,2,235,474,2016,4.32
48,2,235,474,2017,4.89
49,2,8,474,1990,0.01
49,2,8,474,1991,0.01
49,2,8,474,1992,0.01
49,2,8,474,1993,0.01
49,2,8,474,1994,0.01
49,2,8,474,1995,0.01
49,2,8,474,1996,0.01
49,2,8,474,1997,0.01
49,2,8,474,1998,0.01
49,2,8,474,1999,0.01
49,2,8,474,2000,0.01
49,2,8,474,2001,0.01
49,2,8,474,2002,0.01
49,2,8,474,2003,0.01
49,2,8,474,2004,0.01
49,2,8,474,2005,0.01
49,2,8,474,2006,0.01
49,2,8,474,2007,0.01
49,2,8,474,2008,0.01
49,2,8,474,2009,0.01
49,2,8,474,2010,0.01
49,2,8,474,2011,0.01
49,2,8,474,2012,0.01
49,2,8,474,2013,0.01
49,2,8,474,2014,0.01
49,2,8,474,2015,0.01
49,2,8,474,2016,0.01
49,2,8,474,2017,0.01
49,2,9,474,1990,0.01
49,2,9,474,1991,0.01
49,2,9,474,1992,0.01
49,2,9,474,1993,0.01
49,2,9,474,1994,0.01
49,2,9,474,1995,0.01
49,2,9,474,1996,0.01
49,2,9,474,1997,0.01
49,2,9,474,1998,0.01
49,2,9,474,1999,0.01
49,2,9,474,2000,0.01
49,2,9,474,2001,0.01
49,2,9,474,2002,0.01
49,2,9,474,2003,0.01
49,2,9,474,2004,0.01
49,2,9,474,2005,0.01
49,2,9,474,2006,0.01
49,2,9,474,2007,0.01
49,2,9,474,2008,0.01
49,2,9,474,2009,0.01
49,2,9,474,2010,0.01
49,2,9,474,2011,0.01
49,2,9,474,2012,0.01
49,2,9,474,2013,0.01
49,2,9,474,2014,0.01
49,2,9,474,2015,0.02
49,2,9,474,2016,0.02
49,2,9,474,2017,0.02
49,2,10,474,1990,0.01
49,2,10,474,1991,0.01
49,2,10,474,1992,0.01
49,2,10,474,1993,0.01
49,2,10,474,1994,0.01
49,2,10,474,1995,0.01
49,2,10,474,1996,0.01
49,2,10,474,1997,0.01
49,2,10,474,1998,0.01
49,2,10,474,1999,0.01
49,2,10,474,2000,0.01
49,2,10,474,2001,0.01
49,2,10,474,2002,0.01
49,2,10,474,2003,0.01
49,2,10,474,2004,0.01
49,2,10,474,2005,0.01
49,2,10,474,2006,0.01
49,2,10,474,2007,0.01
49,2,10,474,2008,0.01
49,2,10,474,2009,0.01
49,2,10,474,2010,0.01
49,2,10,474,2011,0.01
49,2,10,474,2012,0.01
49,2,10,474,2013,0.01
49,2,10,474,2014,0.01
49,2,10,474,2015,0.01
49,2,10,474,2016,0.01
49,2,10,474,2017,0.01
49,2,11,474,1990,0.04
49,2,11,474,1991,0.04
49,2,11,474,1992,0.04
49,2,11,474,1993,0.04
49,2,11,474,1994,0.04
49,2,11,474,1995,0.04
49,2,11,474,1996,0.04
49,2,11,474,1997,0.04
49,2,11,474,1998,0.04
49,2,11,474,1999,0.04
49,2,11,474,2000,0.04
49,2,11,474,2001,0.04
49,2,11,474,2002,0.04
49,2,11,474,2003,0.04
49,2,11,474,2004,0.04
49,2,11,474,2005,0.04
49,2,11,474,2006,0.04
49,2,11,474,2007,0.04
49,2,11,474,2008,0.04
49,2,11,474,2009,0.04
49,2,11,474,2010,0.04
49,2,11,474,2011,0.04
49,2,11,474,2012,0.04
49,2,11,474,2013,0.04
49,2,11,474,2014,0.05
49,2,11,474,2015,0.05
49,2,11,474,2016,0.05
49,2,11,474,2017,0.05
49,2,12,474,1990,0.13
49,2,12,474,1991,0.14
49,2,12,474,1992,0.14
49,2,12,474,1993,0.14
49,2,12,474,1994,0.14
49,2,12,474,1995,0.14
49,2,12,474,1996,0.14
49,2,12,474,1997,0.15
49,2,12,474,1998,0.16
49,2,12,474,1999,0.15
49,2,12,474,2000,0.14
49,2,12,474,2001,0.14
49,2,12,474,2002,0.14
49,2,12,474,2003,0.15
49,2,12,474,2004,0.15
49,2,12,474,2005,0.15
49,2,12,474,2006,0.15
49,2,12,474,2007,0.16
49,2,12,474,2008,0.16
49,2,12,474,2009,0.15
49,2,12,474,2010,0.14
49,2,12,474,2011,0.14
49,2,12,474,2012,0.14
49,2,12,474,2013,0.14
49,2,12,474,2014,0.14
49,2,12,474,2015,0.14
49,2,12,474,2016,0.14
49,2,12,474,2017,0.14
49,2,13,474,1990,0.19
49,2,13,474,1991,0.2
49,2,13,474,1992,0.2
49,2,13,474,1993,0.2
49,2,13,474,1994,0.2
49,2,13,474,1995,0.19
49,2,13,474,1996,0.2
49,2,13,474,1997,0.21
49,2,13,474,1998,0.22
49,2,13,474,1999,0.21
49,2,13,474,2000,0.2
49,2,13,474,2001,0.2
49,2,13,474,2002,0.2
49,2,13,474,2003,0.21
49,2,13,474,2004,0.21
49,2,13,474,2005,0.22
49,2,13,474,2006,0.23
49,2,13,474,2007,0.24
49,2,13,474,2008,0.24
49,2,13,474,2009,0.23
49,2,13,474,2010,0.22
49,2,13,474,2011,0.23
49,2,13,474,2012,0.23
49,2,13,474,2013,0.23
49,2,13,474,2014,0.24
49,2,13,474,2015,0.26
49,2,13,474,2016,0.26
49,2,13,474,2017,0.25
49,2,14,474,1990,0.27
49,2,14,474,1991,0.27
49,2,14,474,1992,0.27
49,2,14,474,1993,0.28
49,2,14,474,1994,0.29
49,2,14,474,1995,0.3
49,2,14,474,1996,0.33
49,2,14,474,1997,0.36
49,2,14,474,1998,0.37
49,2,14,474,1999,0.37
49,2,14,474,2000,0.35
49,2,14,474,2001,0.35
49,2,14,474,2002,0.36
49,2,14,474,2003,0.37
49,2,14,474,2004,0.37
49,2,14,474,2005,0.39
49,2,14,474,2006,0.4
49,2,14,474,2007,0.41
49,2,14,474,2008,0.42
49,2,14,474,2009,0.41
49,2,14,474,2010,0.41
49,2,14,474,2011,0.41
49,2,14,474,2012,0.42
49,2,14,474,2013,0.41
49,2,14,474,2014,0.41
49,2,14,474,2015,0.43
49,2,14,474,2016,0.42
49,2,14,474,2017,0.42
49,2,15,474,1990,0.55
49,2,15,474,1991,0.54
49,2,15,474,1992,0.54
49,2,15,474,1993,0.53
49,2,15,474,1994,0.52
49,2,15,474,1995,0.5
49,2,15,474,1996,0.52
49,2,15,474,1997,0.55
49,2,15,474,1998,0.58
49,2,15,474,1999,0.61
49,2,15,474,2000,0.63
49,2,15,474,2001,0.65
49,2,15,474,2002,0.68
49,2,15,474,2003,0.7
49,2,15,474,2004,0.72
49,2,15,474,2005,0.72
49,2,15,474,2006,0.75
49,2,15,474,2007,0.77
49,2,15,474,2008,0.76
49,2,15,474,2009,0.74
49,2,15,474,2010,0.75
49,2,15,474,2011,0.75
49,2,15,474,2012,0.76
49,2,15,474,2013,0.73
49,2,15,474,2014,0.74
49,2,15,474,2015,0.83
49,2,15,474,2016,0.82
49,2,15,474,2017,0.82
49,2,16,474,1990,0.84
49,2,16,474,1991,0.84
49,2,16,474,1992,0.82
49,2,16,474,1993,0.82
49,2,16,474,1994,0.8
49,2,16,474,1995,0.77
49,2,16,474,1996,0.8
49,2,16,474,1997,0.86
49,2,16,474,1998,0.85
49,2,16,474,1999,0.84
49,2,16,474,2000,0.8
49,2,16,474,2001,0.77
49,2,16,474,2002,0.78
49,2,16,474,2003,0.83
49,2,16,474,2004,0.92
49,2,16,474,2005,1.03
49,2,16,474,2006,1.1
49,2,16,474,2007,1.18
49,2,16,474,2008,1.18
49,2,16,474,2009,1.16
49,2,16,474,2010,1.18
49,2,16,474,2011,1.19
49,2,16,474,2012,1.21
49,2,16,474,2013,1.18
49,2,16,474,2014,1.14
49,2,16,474,2015,1.25
49,2,16,474,2016,1.24
49,2,16,474,2017,1.24
49,2,17,474,1990,1.46
49,2,17,474,1991,1.52
49,2,17,474,1992,1.53
49,2,17,474,1993,1.58
49,2,17,474,1994,1.61
49,2,17,474,1995,1.57
49,2,17,474,1996,1.67
49,2,17,474,1997,1.75
49,2,17,474,1998,1.7
49,2,17,474,1999,1.68
49,2,17,474,2000,1.64
49,2,17,474,2001,1.58
49,2,17,474,2002,1.63
49,2,17,474,2003,1.65
49,2,17,474,2004,1.72
49,2,17,474,2005,1.77
49,2,17,474,2006,1.78
49,2,17,474,2007,1.82
49,2,17,474,2008,1.89
49,2,17,474,2009,1.95
49,2,17,474,2010,2.12
49,2,17,474,2011,2.22
49,2,17,474,2012,2.3
49,2,17,474,2013,2.24
49,2,17,474,2014,2.19
49,2,17,474,2015,2.48
49,2,17,474,2016,2.48
49,2,17,474,2017,2.52
49,2,18,474,1990,1.85
49,2,18,474,1991,1.98
49,2,18,474,1992,2.02
49,2,18,474,1993,2.13
49,2,18,474,1994,2.15
49,2,18,474,1995,2.17
49,2,18,474,1996,2.33
49,2,18,474,1997,2.49
49,2,18,474,1998,2.49
49,2,18,474,1999,2.61
49,2,18,474,2000,2.6
49,2,18,474,2001,2.59
49,2,18,474,2002,2.64
49,2,18,474,2003,2.62
49,2,18,474,2004,2.7
49,2,18,474,2005,2.8
49,2,18,474,2006,2.8
49,2,18,474,2007,2.85
49,2,18,474,2008,2.86
49,2,18,474,2009,2.76
49,2,18,474,2010,2.72
49,2,18,474,2011,2.59
49,2,18,474,2012,2.48
49,2,18,474,2013,2.47
49,2,18,474,2014,2.45
49,2,18,474,2015,2.8
49,2,18,474,2016,2.82
49,2,18,474,2017,2.99
49,2,19,474,1990,1.36
49,2,19,474,1991,1.46
49,2,19,474,1992,1.61
49,2,19,474,1993,1.83
49,2,19,474,1994,1.96
49,2,19,474,1995,1.99
49,2,19,474,1996,2.26
49,2,19,474,1997,2.48
49,2,19,474,1998,2.48
49,2,19,474,1999,2.51
49,2,19,474,2000,2.54
49,2,19,474,2001,2.55
49,2,19,474,2002,2.66
49,2,19,474,2003,2.74
49,2,19,474,2004,2.94
49,2,19,474,2005,3.12
49,2,19,474,2006,3.3
49,2,19,474,2007,3.41
49,2,19,474,2008,3.46
49,2,19,474,2009,3.36
49,2,19,474,2010,3.45
49,2,19,474,2011,3.36
49,2,19,474,2012,3.37
49,2,19,474,2013,3.25
49,2,19,474,2014,3.03
49,2,19,474,2015,3.24
49,2,19,474,2016,3.11
49,2,19,474,2017,3.2
49,2,20,474,1990,1.48
49,2,20,474,1991,1.43
49,2,20,474,1992,1.33
49,2,20,474,1993,1.3
49,2,20,474,1994,1.32
49,2,20,474,1995,1.39
49,2,20,474,1996,1.6
49,2,20,474,1997,1.91
49,2,20,474,1998,2.09
49,2,20,474,1999,2.25
49,2,20,474,2000,2.31
49,2,20,474,2001,2.43
49,2,20,474,2002,2.59
49,2,20,474,2003,2.68
49,2,20,474,2004,2.84
49,2,20,474,2005,3.09
49,2,20,474,2006,3.23
49,2,20,474,2007,3.35
49,2,20,474,2008,3.46
49,2,20,474,2009,3.49
49,2,20,474,2010,3.56
49,2,20,474,2011,3.54
49,2,20,474,2012,3.52
49,2,20,474,2013,3.41
49,2,20,474,2014,3.3
49,2,20,474,2015,3.52
49,2,20,474,2016,3.41
49,2,20,474,2017,3.59
49,2,22,474,1990,10.64
49,2,22,474,1991,10.97
49,2,22,474,1992,11.09
49,2,22,474,1993,11.55
49,2,22,474,1994,11.68
49,2,22,474,1995,11.64
49,2,22,474,1996,12.52
49,2,22,474,1997,13.44
49,2,22,474,1998,13.51
49,2,22,474,1999,13.78
49,2,22,474,2000,13.83
49,2,22,474,2001,13.94
49,2,22,474,2002,14.56
49,2,22,474,2003,15.01
49,2,22,474,2004,15.9
49,2,22,474,2005,16.85
49,2,22,474,2006,17.51
49,2,22,474,2007,18.12
49,2,22,474,2008,18.47
49,2,22,474,2009,18.32
49,2,22,474,2010,18.81
49,2,22,474,2011,18.77
49,2,22,474,2012,18.91
49,2,22,474,2013,18.81
49,2,22,474,2014,18.74
49,2,22,474,2015,20.5
49,2,22,474,2016,20.36
49,2,22,474,2017,21.05
49,2,30,474,1990,1.3
49,2,30,474,1991,1.31
49,2,30,474,1992,1.35
49,2,30,474,1993,1.41
49,2,30,474,1994,1.39
49,2,30,474,1995,1.32
49,2,30,474,1996,1.33
49,2,30,474,1997,1.29
49,2,30,474,1998,1.19
49,2,30,474,1999,1.2
49,2,30,474,2000,1.29
49,2,30,474,2001,1.41
49,2,30,474,2002,1.64
49,2,30,474,2003,1.86
49,2,30,474,2004,2.08
49,2,30,474,2005,2.24
49,2,30,474,2006,2.39
49,2,30,474,2007,2.49
49,2,30,474,2008,2.53
49,2,30,474,2009,2.5
49,2,30,474,2010,2.59
49,2,30,474,2011,2.6
49,2,30,474,2012,2.65
49,2,30,474,2013,2.81
49,2,30,474,2014,3.01
49,2,30,474,2015,3.25
49,2,30,474,2016,3.27
49,2,30,474,2017,3.37
49,2,31,474,1990,0.77
49,2,31,474,1991,0.8
49,2,31,474,1992,0.8
49,2,31,474,1993,0.81
49,2,31,474,1994,0.81
49,2,31,474,1995,0.81
49,2,31,474,1996,0.84
49,2,31,474,1997,0.88
49,2,31,474,1998,0.85
49,2,31,474,1999,0.82
49,2,31,474,2000,0.79
49,2,31,474,2001,0.74
49,2,31,474,2002,0.69
49,2,31,474,2003,0.67
49,2,31,474,2004,0.71
49,2,31,474,2005,0.79
49,2,31,474,2006,0.87
49,2,31,474,2007,0.98
49,2,31,474,2008,1.08
49,2,31,474,2009,1.15
49,2,31,474,2010,1.22
49,2,31,474,2011,1.29
49,2,31,474,2012,1.35
49,2,31,474,2013,1.44
49,2,31,474,2014,1.54
49,2,31,474,2015,1.67
49,2,31,474,2016,1.71
49,2,31,474,2017,1.8
49,2,32,474,1990,0.29
49,2,32,474,1991,0.31
49,2,32,474,1992,0.32
49,2,32,474,1993,0.34
49,2,32,474,1994,0.33
49,2,32,474,1995,0.32
49,2,32,474,1996,0.33
49,2,32,474,1997,0.33
49,2,32,474,1998,0.33
49,2,32,474,1999,0.33
49,2,32,474,2000,0.33
49,2,32,474,2001,0.34
49,2,32,474,2002,0.35
49,2,32,474,2003,0.36
49,2,32,474,2004,0.35
49,2,32,474,2005,0.33
49,2,32,474,2006,0.31
49,2,32,474,2007,0.28
49,2,32,474,2008,0.26
49,2,32,474,2009,0.26
49,2,32,474,2010,0.29
49,2,32,474,2011,0.31
49,2,32,474,2012,0.34
49,2,32,474,2013,0.39
49,2,32,474,2014,0.43
49,2,32,474,2015,0.47
49,2,32,474,2016,0.5
49,2,32,474,2017,0.54
49,2,235,474,1990,0.09
49,2,235,474,1991,0.09
49,2,235,474,1992,0.09
49,2,235,474,1993,0.1
49,2,235,474,1994,0.11
49,2,235,474,1995,0.11
49,2,235,474,1996,0.12
49,2,235,474,1997,0.13
49,2,235,474,1998,0.13
49,2,235,474,1999,0.13
49,2,235,474,2000,0.13
49,2,235,474,2001,0.12
49,2,235,474,2002,0.12
49,2,235,474,2003,0.11
49,2,235,474,2004,0.11
49,2,235,474,2005,0.11
49,2,235,474,2006,0.11
49,2,235,474,2007,0.11
49,2,235,474,2008,0.1
49,2,235,474,2009,0.09
49,2,235,474,2010,0.08
49,2,235,474,2011,0.07
49,2,235,474,2012,0.06
49,2,235,474,2013,0.06
49,2,235,474,2014,0.06
49,2,235,474,2015,0.06
49,2,235,474,2016,0.06
49,2,235,474,2017,0.07
50,2,8,474,1990,0
50,2,8,474,1991,0
50,2,8,474,1992,0
50,2,8,474,1993,0
50,2,8,474,1994,0
50,2,8,474,1995,0
50,2,8,474,1996,0
50,2,8,474,1997,0
50,2,8,474,1998,0
50,2,8,474,1999,0
50,2,8,474,2000,0
50,2,8,474,2001,0
50,2,8,474,2002,0
50,2,8,474,2003,0
50,2,8,474,2004,0
50,2,8,474,2005,0
50,2,8,474,2006,0
50,2,8,474,2007,0
50,2,8,474,2008,0
50,2,8,474,2009,0
50,2,8,474,2010,0
50,2,8,474,2011,0
50,2,8,474,2012,0
50,2,8,474,2013,0
50,2,8,474,2014,0
50,2,8,474,2015,0
50,2,8,474,2016,0
50,2,8,474,2017,0
50,2,9,474,1990,0
50,2,9,474,1991,0
50,2,9,474,1992,0
50,2,9,474,1993,0
50,2,9,474,1994,0
50,2,9,474,1995,0
50,2,9,474,1996,0
50,2,9,474,1997,0
50,2,9,474,1998,0
50,2,9,474,1999,0
50,2,9,474,2000,0
50,2,9,474,2001,0
50,2,9,474,2002,0
50,2,9,474,2003,0
50,2,9,474,2004,0
50,2,9,474,2005,0
50,2,9,474,2006,0
50,2,9,474,2007,0
50,2,9,474,2008,0
50,2,9,474,2009,0
50,2,9,474,2010,0
50,2,9,474,2011,0
50,2,9,474,2012,0
50,2,9,474,2013,0
50,2,9,474,2014,0
50,2,9,474,2015,0
50,2,9,474,2016,0
50,2,9,474,2017,0
50,2,10,474,1990,0.01
50,2,10,474,1991,0.01
50,2,10,474,1992,0.01
50,2,10,474,1993,0.01
50,2,10,474,1994,0.01
50,2,10,474,1995,0.01
50,2,10,474,1996,0.01
50,2,10,474,1997,0.01
50,2,10,474,1998,0.01
50,2,10,474,1999,0.01
50,2,10,474,2000,0.01
50,2,10,474,2001,0.01
50,2,10,474,2002,0.01
50,2,10,474,2003,0.01
50,2,10,474,2004,0.01
50,2,10,474,2005,0.01
50,2,10,474,2006,0.01
50,2,10,474,2007,0.01
50,2,10,474,2008,0
50,2,10,474,2009,0
50,2,10,474,2010,0
50,2,10,474,2011,0
50,2,10,474,2012,0
50,2,10,474,2013,0
50,2,10,474,2014,0
50,2,10,474,2015,0
50,2,10,474,2016,0
50,2,10,474,2017,0
50,2,11,474,1990,0.01
50,2,11,474,1991,0.01
50,2,11,474,1992,0.01
50,2,11,474,1993,0.01
50,2,11,474,1994,0.01
50,2,11,474,1995,0.01
50,2,11,474,1996,0.01
50,2,11,474,1997,0.01
50,2,11,474,1998,0.01
50,2,11,474,1999,0.01
50,2,11,474,2000,0.01
50,2,11,474,2001,0.01
50,2,11,474,2002,0.01
50,2,11,474,2003,0.01
50,2,11,474,2004,0.01
50,2,11,474,2005,0.01
50,2,11,474,2006,0.01
50,2,11,474,2007,0.01
50,2,11,474,2008,0.01
50,2,11,474,2009,0.01
50,2,11,474,2010,0.01
50,2,11,474,2011,0.01
50,2,11,474,2012,0.01
50,2,11,474,2013,0.01
50,2,11,474,2014,0.01
50,2,11,474,2015,0.01
50,2,11,474,2016,0.01
50,2,11,474,2017,0.01
50,2,12,474,1990,0.03
50,2,12,474,1991,0.03
50,2,12,474,1992,0.03
50,2,12,474,1993,0.03
50,2,12,474,1994,0.03
50,2,12,474,1995,0.03
50,2,12,474,1996,0.04
50,2,12,474,1997,0.04
50,2,12,474,1998,0.04
50,2,12,474,1999,0.04
50,2,12,474,2000,0.04
50,2,12,474,2001,0.04
50,2,12,474,2002,0.04
50,2,12,474,2003,0.04
50,2,12,474,2004,0.04
50,2,12,474,2005,0.04
50,2,12,474,2006,0.04
50,2,12,474,2007,0.03
50,2,12,474,2008,0.03
50,2,12,474,2009,0.03
50,2,12,474,2010,0.03
50,2,12,474,2011,0.03
50,2,12,474,2012,0.03
50,2,12,474,2013,0.03
50,2,12,474,2014,0.03
50,2,12,474,2015,0.03
50,2,12,474,2016,0.03
50,2,12,474,2017,0.03
50,2,13,474,1990,0.06
50,2,13,474,1991,0.07
50,2,13,474,1992,0.07
50,2,13,474,1993,0.07
50,2,13,474,1994,0.07
50,2,13,474,1995,0.08
50,2,13,474,1996,0.08
50,2,13,474,1997,0.09
50,2,13,474,1998,0.08
50,2,13,474,1999,0.08
50,2,13,474,2000,0.08
50,2,13,474,2001,0.08
50,2,13,474,2002,0.09
50,2,13,474,2003,0.08
50,2,13,474,2004,0.08
50,2,13,474,2005,0.08
50,2,13,474,2006,0.08
50,2,13,474,2007,0.07
50,2,13,474,2008,0.07
50,2,13,474,2009,0.07
50,2,13,474,2010,0.06
50,2,13,474,2011,0.06
50,2,13,474,2012,0.06
50,2,13,474,2013,0.07
50,2,13,474,2014,0.07
50,2,13,474,2015,0.07
50,2,13,474,2016,0.07
50,2,13,474,2017,0.07
50,2,14,474,1990,0.11
50,2,14,474,1991,0.09
50,2,14,474,1992,0.1
50,2,14,474,1993,0.1
50,2,14,474,1994,0.12
50,2,14,474,1995,0.13
50,2,14,474,1996,0.14
50,2,14,474,1997,0.15
50,2,14,474,1998,0.16
50,2,14,474,1999,0.17
50,2,14,474,2000,0.17
50,2,14,474,2001,0.18
50,2,14,474,2002,0.18
50,2,14,474,2003,0.18
50,2,14,474,2004,0.17
50,2,14,474,2005,0.17
50,2,14,474,2006,0.17
50,2,14,474,2007,0.16
50,2,14,474,2008,0.16
50,2,14,474,2009,0.16
50,2,14,474,2010,0.15
50,2,14,474,2011,0.14
50,2,14,474,2012,0.14
50,2,14,474,2013,0.13
50,2,14,474,2014,0.12
50,2,14,474,2015,0.12
50,2,14,474,2016,0.12
50,2,14,474,2017,0.12
50,2,15,474,1990,0.23
50,2,15,474,1991,0.22
50,2,15,474,1992,0.22
50,2,15,474,1993,0.22
50,2,15,474,1994,0.22
50,2,15,474,1995,0.2
50,2,15,474,1996,0.2
50,2,15,474,1997,0.21
50,2,15,474,1998,0.22
50,2,15,474,1999,0.25
50,2,15,474,2000,0.28
50,2,15,474,2001,0.31
50,2,15,474,2002,0.32
50,2,15,474,2003,0.33
50,2,15,474,2004,0.33
50,2,15,474,2005,0.33
50,2,15,474,2006,0.33
50,2,15,474,2007,0.33
50,2,15,474,2008,0.33
50,2,15,474,2009,0.32
50,2,15,474,2010,0.31
50,2,15,474,2011,0.31
50,2,15,474,2012,0.31
50,2,15,474,2013,0.29
50,2,15,474,2014,0.29
50,2,15,474,2015,0.28
50,2,15,474,2016,0.27
50,2,15,474,2017,0.26
50,2,16,474,1990,0.39
50,2,16,474,1991,0.39
50,2,16,474,1992,0.41
50,2,16,474,1993,0.43
50,2,16,474,1994,0.45
50,2,16,474,1995,0.47
50,2,16,474,1996,0.49
50,2,16,474,1997,0.49
50,2,16,474,1998,0.48
50,2,16,474,1999,0.48
50,2,16,474,2000,0.44
50,2,16,474,2001,0.42
50,2,16,474,2002,0.43
50,2,16,474,2003,0.45
50,2,16,474,2004,0.48
50,2,16,474,2005,0.53
50,2,16,474,2006,0.57
50,2,16,474,2007,0.57
50,2,16,474,2008,0.58
50,2,16,474,2009,0.58
50,2,16,474,2010,0.57
50,2,16,474,2011,0.56
50,2,16,474,2012,0.57
50,2,16,474,2013,0.57
50,2,16,474,2014,0.58
50,2,16,474,2015,0.57
50,2,16,474,2016,0.56
50,2,16,474,2017,0.56
50,2,17,474,1990,0.63
50,2,17,474,1991,0.64
50,2,17,474,1992,0.66
50,2,17,474,1993,0.66
50,2,17,474,1994,0.68
50,2,17,474,1995,0.7
50,2,17,474,1996,0.73
50,2,17,474,1997,0.76
50,2,17,474,1998,0.78
50,2,17,474,1999,0.8
50,2,17,474,2000,0.83
50,2,17,474,2001,0.84
50,2,17,474,2002,0.82
50,2,17,474,2003,0.79
50,2,17,474,2004,0.74
50,2,17,474,2005,0.68
50,2,17,474,2006,0.63
50,2,17,474,2007,0.63
50,2,17,474,2008,0.65
50,2,17,474,2009,0.68
50,2,17,474,2010,0.75
50,2,17,474,2011,0.8
50,2,17,474,2012,0.82
50,2,17,474,2013,0.86
50,2,17,474,2014,0.89
50,2,17,474,2015,0.87
50,2,17,474,2016,0.85
50,2,17,474,2017,0.86
50,2,18,474,1990,0.73
50,2,18,474,1991,0.79
50,2,18,474,1992,0.85
50,2,18,474,1993,0.91
50,2,18,474,1994,0.97
50,2,18,474,1995,1.02
50,2,18,474,1996,1.07
50,2,18,474,1997,1.11
50,2,18,474,1998,1.13
50,2,18,474,1999,1.14
50,2,18,474,2000,1.16
50,2,18,474,2001,1.17
50,2,18,474,2002,1.21
50,2,18,474,2003,1.25
50,2,18,474,2004,1.28
50,2,18,474,2005,1.32
50,2,18,474,2006,1.3
50,2,18,474,2007,1.25
50,2,18,474,2008,1.18
50,2,18,474,2009,1.08
50,2,18,474,2010,0.97
50,2,18,474,2011,0.91
50,2,18,474,2012,0.94
50,2,18,474,2013,0.99
50,2,18,474,2014,1.07
50,2,18,474,2015,1.17
50,2,18,474,2016,1.25
50,2,18,474,2017,1.28
50,2,19,474,1990,0.71
50,2,19,474,1991,0.74
50,2,19,474,1992,0.79
50,2,19,474,1993,0.86
50,2,19,474,1994,0.98
50,2,19,474,1995,1.06
50,2,19,474,1996,1.16
50,2,19,474,1997,1.26
50,2,19,474,1998,1.35
50,2,19,474,1999,1.41
50,2,19,474,2000,1.47
50,2,19,474,2001,1.48
50,2,19,474,2002,1.51
50,2,19,474,2003,1.54
50,2,19,474,2004,1.57
50,2,19,474,2005,1.58
50,2,19,474,2006,1.56
50,2,19,474,2007,1.62
50,2,19,474,2008,1.67
50,2,19,474,2009,1.71
50,2,19,474,2010,1.74
50,2,19,474,2011,1.73
50,2,19,474,2012,1.72
50,2,19,474,2013,1.64
50,2,19,474,2014,1.52
50,2,19,474,2015,1.43
50,2,19,474,2016,1.36
50,2,19,474,2017,1.38
50,2,20,474,1990,1.12
50,2,20,474,1991,1.09
50,2,20,474,1992,1.03
50,2,20,474,1993,0.93
50,2,20,474,1994,0.89
50,2,20,474,1995,0.92
50,2,20,474,1996,0.96
50,2,20,474,1997,1.03
50,2,20,474,1998,1.12
50,2,20,474,1999,1.28
50,2,20,474,2000,1.37
50,2,20,474,2001,1.42
50,2,20,474,2002,1.49
50,2,20,474,2003,1.6
50,2,20,474,2004,1.69
50,2,20,474,2005,1.79
50,2,20,474,2006,1.91
50,2,20,474,2007,1.96
50,2,20,474,2008,1.99
50,2,20,474,2009,2.05
50,2,20,474,2010,2.05
50,2,20,474,2011,2.06
50,2,20,474,2012,2.15
50,2,20,474,2013,2.22
50,2,20,474,2014,2.26
50,2,20,474,2015,2.33
50,2,20,474,2016,2.31
50,2,20,474,2017,2.25
50,2,22,474,1990,6.1
50,2,22,474,1991,6.27
50,2,22,474,1992,6.45
50,2,22,474,1993,6.49
50,2,22,474,1994,6.73
50,2,22,474,1995,7
50,2,22,474,1996,7.3
50,2,22,474,1997,7.57
50,2,22,474,1998,7.66
50,2,22,474,1999,7.76
50,2,22,474,2000,8.01
50,2,22,474,2001,8.17
50,2,22,474,2002,8.39
50,2,22,474,2003,8.6
50,2,22,474,2004,8.8
50,2,22,474,2005,9.02
50,2,22,474,2006,9.03
50,2,22,474,2007,9.18
50,2,22,474,2008,9.34
50,2,22,474,2009,9.33
50,2,22,474,2010,9.39
50,2,22,474,2011,9.65
50,2,22,474,2012,10.1
50,2,22,474,2013,10.39
50,2,22,474,2014,10.57
50,2,22,474,2015,10.72
50,2,22,474,2016,10.77
50,2,22,474,2017,10.9
50,2,30,474,1990,1.1
50,2,30,474,1991,1.2
50,2,30,474,1992,1.28
50,2,30,474,1993,1.28
50,2,30,474,1994,1.26
50,2,30,474,1995,1.26
50,2,30,474,1996,1.24
50,2,30,474,1997,1.17
50,2,30,474,1998,1.01
50,2,30,474,1999,0.92
50,2,30,474,2000,0.93
50,2,30,474,2001,0.95
50,2,30,474,2002,1
50,2,30,474,2003,1.09
50,2,30,474,2004,1.2
50,2,30,474,2005,1.31
50,2,30,474,2006,1.35
50,2,30,474,2007,1.44
50,2,30,474,2008,1.55
50,2,30,474,2009,1.54
50,2,30,474,2010,1.6
50,2,30,474,2011,1.75
50,2,30,474,2012,1.93
50,2,30,474,2013,2.03
50,2,30,474,2014,2.12
50,2,30,474,2015,2.16
50,2,30,474,2016,2.19
50,2,30,474,2017,2.28
50,2,31,474,1990,0.62
50,2,31,474,1991,0.62
50,2,31,474,1992,0.62
50,2,31,474,1993,0.61
50,2,31,474,1994,0.65
50,2,31,474,1995,0.72
50,2,31,474,1996,0.79
50,2,31,474,1997,0.86
50,2,31,474,1998,0.88
50,2,31,474,1999,0.82
50,2,31,474,2000,0.82
50,2,31,474,2001,0.81
50,2,31,474,2002,0.77
50,2,31,474,2003,0.69
50,2,31,474,2004,0.64
50,2,31,474,2005,0.64
50,2,31,474,2006,0.6
50,2,31,474,2007,0.63
50,2,31,474,2008,0.68
50,2,31,474,2009,0.7
50,2,31,474,2010,0.76
50,2,31,474,2011,0.86
50,2,31,474,2012,0.97
50,2,31,474,2013,1.08
50,2,31,474,2014,1.14
50,2,31,474,2015,1.17
50,2,31,474,2016,1.2
50,2,31,474,2017,1.23
50,2,32,474,1990,0.27
50,2,32,474,1991,0.29
50,2,32,474,1992,0.3
50,2,32,474,1993,0.29
50,2,32,474,1994,0.29
50,2,32,474,1995,0.3
50,2,32,474,1996,0.3
50,2,32,474,1997,0.3
50,2,32,474,1998,0.29
50,2,32,474,1999,0.28
50,2,32,474,2000,0.32
50,2,32,474,2001,0.37
50,2,32,474,2002,0.42
50,2,32,474,2003,0.44
50,2,32,474,2004,0.44
50,2,32,474,2005,0.42
50,2,32,474,2006,0.36
50,2,32,474,2007,0.33
50,2,32,474,2008,0.29
50,2,32,474,2009,0.26
50,2,32,474,2010,0.26
50,2,32,474,2011,0.29
50,2,32,474,2012,0.33
50,2,32,474,2013,0.35
50,2,32,474,2014,0.37
50,2,32,474,2015,0.41
50,2,32,474,2016,0.44
50,2,32,474,2017,0.46
50,2,235,474,1990,0.07
50,2,235,474,1991,0.07
50,2,235,474,1992,0.07
50,2,235,474,1993,0.07
50,2,235,474,1994,0.08
50,2,235,474,1995,0.08
50,2,235,474,1996,0.09
50,2,235,474,1997,0.09
50,2,235,474,1998,0.09
50,2,235,474,1999,0.08
50,2,235,474,2000,0.08
50,2,235,474,2001,0.09
50,2,235,474,2002,0.09
50,2,235,474,2003,0.1
50,2,235,474,2004,0.11
50,2,235,474,2005,0.12
50,2,235,474,2006,0.12
50,2,235,474,2007,0.13
50,2,235,474,2008,0.13
50,2,235,474,2009,0.13
50,2,235,474,2010,0.12
50,2,235,474,2011,0.13
50,2,235,474,2012,0.13
50,2,235,474,2013,0.11
50,2,235,474,2014,0.1
50,2,235,474,2015,0.11
50,2,235,474,2016,0.11
50,2,235,474,2017,0.11
51,2,8,474,1990,0.16
51,2,8,474,1991,0.16
51,2,8,474,1992,0.16
51,2,8,474,1993,0.16
51,2,8,474,1994,0.17
51,2,8,474,1995,0.17
51,2,8,474,1996,0.17
51,2,8,474,1997,0.17
51,2,8,474,1998,0.17
51,2,8,474,1999,0.17
51,2,8,474,2000,0.17
51,2,8,474,2001,0.16
51,2,8,474,2002,0.16
51,2,8,474,2003,0.15
51,2,8,474,2004,0.15
51,2,8,474,2005,0.14
51,2,8,474,2006,0.14
51,2,8,474,2007,0.13
51,2,8,474,2008,0.13
51,2,8,474,2009,0.12
51,2,8,474,2010,0.12
51,2,8,474,2011,0.11
51,2,8,474,2012,0.11
51,2,8,474,2013,0.11
51,2,8,474,2014,0.1
51,2,8,474,2015,0.1
51,2,8,474,2016,0.09
51,2,8,474,2017,0.08
51,2,9,474,1990,0.13
51,2,9,474,1991,0.14
51,2,9,474,1992,0.14
51,2,9,474,1993,0.14
51,2,9,474,1994,0.14
51,2,9,474,1995,0.15
51,2,9,474,1996,0.15
51,2,9,474,1997,0.16
51,2,9,474,1998,0.17
51,2,9,474,1999,0.17
51,2,9,474,2000,0.17
51,2,9,474,2001,0.17
51,2,9,474,2002,0.17
51,2,9,474,2003,0.17
51,2,9,474,2004,0.17
51,2,9,474,2005,0.18
51,2,9,474,2006,0.17
51,2,9,474,2007,0.17
51,2,9,474,2008,0.17
51,2,9,474,2009,0.16
51,2,9,474,2010,0.15
51,2,9,474,2011,0.15
51,2,9,474,2012,0.14
51,2,9,474,2013,0.14
51,2,9,474,2014,0.14
51,2,9,474,2015,0.13
51,2,9,474,2016,0.12
51,2,9,474,2017,0.11
51,2,10,474,1990,0.25
51,2,10,474,1991,0.25
51,2,10,474,1992,0.23
51,2,10,474,1993,0.22
51,2,10,474,1994,0.23
51,2,10,474,1995,0.23
51,2,10,474,1996,0.24
51,2,10,474,1997,0.25
51,2,10,474,1998,0.27
51,2,10,474,1999,0.3
51,2,10,474,2000,0.3
51,2,10,474,2001,0.3
51,2,10,474,2002,0.29
51,2,10,474,2003,0.29
51,2,10,474,2004,0.3
51,2,10,474,2005,0.3
51,2,10,474,2006,0.3
51,2,10,474,2007,0.32
51,2,10,474,2008,0.32
51,2,10,474,2009,0.32
51,2,10,474,2010,0.29
51,2,10,474,2011,0.29
51,2,10,474,2012,0.28
51,2,10,474,2013,0.27
51,2,10,474,2014,0.26
51,2,10,474,2015,0.24
51,2,10,474,2016,0.24
51,2,10,474,2017,0.24
51,2,11,474,1990,0.53
51,2,11,474,1991,0.53
51,2,11,474,1992,0.5
51,2,11,474,1993,0.46
51,2,11,474,1994,0.45
51,2,11,474,1995,0.44
51,2,11,474,1996,0.42
51,2,11,474,1997,0.43
51,2,11,474,1998,0.43
51,2,11,474,1999,0.44
51,2,11,474,2000,0.43
51,2,11,474,2001,0.42
51,2,11,474,2002,0.42
51,2,11,474,2003,0.42
51,2,11,474,2004,0.43
51,2,11,474,2005,0.45
51,2,11,474,2006,0.46
51,2,11,474,2007,0.47
51,2,11,474,2008,0.47
51,2,11,474,2009,0.47
51,2,11,474,2010,0.43
51,2,11,474,2011,0.44
51,2,11,474,2012,0.44
51,2,11,474,2013,0.43
51,2,11,474,2014,0.43
51,2,11,474,2015,0.43
51,2,11,474,2016,0.45
51,2,11,474,2017,0.44
51,2,12,474,1990,1.72
51,2,12,474,1991,1.84
51,2,12,474,1992,1.82
51,2,12,474,1993,1.79
51,2,12,474,1994,1.82
51,2,12,474,1995,1.8
51,2,12,474,1996,1.74
51,2,12,474,1997,1.72
51,2,12,474,1998,1.67
51,2,12,474,1999,1.64
51,2,12,474,2000,1.47
51,2,12,474,2001,1.36
51,2,12,474,2002,1.32
51,2,12,474,2003,1.26
51,2,12,474,2004,1.23
51,2,12,474,2005,1.26
51,2,12,474,2006,1.28
51,2,12,474,2007,1.24
51,2,12,474,2008,1.25
51,2,12,474,2009,1.33
51,2,12,474,2010,1.33
51,2,12,474,2011,1.38
51,2,12,474,2012,1.37
51,2,12,474,2013,1.4
51,2,12,474,2014,1.45
51,2,12,474,2015,1.47
51,2,12,474,2016,1.45
51,2,12,474,2017,1.45
51,2,13,474,1990,3.77
51,2,13,474,1991,4.35
51,2,13,474,1992,4.65
51,2,13,474,1993,4.61
51,2,13,474,1994,4.59
51,2,13,474,1995,4.65
51,2,13,474,1996,4.73
51,2,13,474,1997,4.83
51,2,13,474,1998,4.93
51,2,13,474,1999,5.03
51,2,13,474,2000,4.8
51,2,13,474,2001,4.55
51,2,13,474,2002,4.29
51,2,13,474,2003,4.03
51,2,13,474,2004,3.87
51,2,13,474,2005,3.72
51,2,13,474,2006,3.73
51,2,13,474,2007,3.58
51,2,13,474,2008,3.44
51,2,13,474,2009,3.37
51,2,13,474,2010,3.2
51,2,13,474,2011,3.22
51,2,13,474,2012,3.25
51,2,13,474,2013,3.13
51,2,13,474,2014,3.14
51,2,13,474,2015,3.15
51,2,13,474,2016,3.2
51,2,13,474,2017,3.26
51,2,14,474,1990,5.39
51,2,14,474,1991,5.93
51,2,14,474,1992,6.57
51,2,14,474,1993,7.3
51,2,14,474,1994,8.17
51,2,14,474,1995,9.25
51,2,14,474,1996,10.02
51,2,14,474,1997,11.01
51,2,14,474,1998,11.65
51,2,14,474,1999,12.35
51,2,14,474,2000,12.6
51,2,14,474,2001,12.6
51,2,14,474,2002,12.47
51,2,14,474,2003,12.51
51,2,14,474,2004,12.79
51,2,14,474,2005,12.72
51,2,14,474,2006,12.38
51,2,14,474,2007,11.5
51,2,14,474,2008,10.45
51,2,14,474,2009,9.54
51,2,14,474,2010,8.42
51,2,14,474,2011,7.83
51,2,14,474,2012,7.71
51,2,14,474,2013,7.27
51,2,14,474,2014,6.93
51,2,14,474,2015,6.65
51,2,14,474,2016,6.51
51,2,14,474,2017,6.54
51,2,15,474,1990,11.55
51,2,15,474,1991,11.77
51,2,15,474,1992,11.27
51,2,15,474,1993,11.01
51,2,15,474,1994,10.93
51,2,15,474,1995,10.87
51,2,15,474,1996,11.54
51,2,15,474,1997,13.19
51,2,15,474,1998,14.92
51,2,15,474,1999,16.92
51,2,15,474,2000,18.31
51,2,15,474,2001,19.69
51,2,15,474,2002,20.26
51,2,15,474,2003,21.15
51,2,15,474,2004,22.06
51,2,15,474,2005,22.87
51,2,15,474,2006,23.83
51,2,15,474,2007,24.38
51,2,15,474,2008,24.99
51,2,15,474,2009,25.06
51,2,15,474,2010,23.66
51,2,15,474,2011,22.87
51,2,15,474,2012,22.3
51,2,15,474,2013,20.17
51,2,15,474,2014,18.39
51,2,15,474,2015,16.78
51,2,15,474,2016,15.75
51,2,15,474,2017,15.16
51,2,16,474,1990,21.05
51,2,16,474,1991,21.16
51,2,16,474,1992,20.81
51,2,16,474,1993,20.31
51,2,16,474,1994,20.47
51,2,16,474,1995,20.53
51,2,16,474,1996,21.3
51,2,16,474,1997,21.68
51,2,16,474,1998,21.6
51,2,16,474,1999,22.37
51,2,16,474,2000,21.8
51,2,16,474,2001,23.15
51,2,16,474,2002,25.26
51,2,16,474,2003,28.11
51,2,16,474,2004,31.72
51,2,16,474,2005,36.96
51,2,16,474,2006,41.14
51,2,16,474,2007,44.32
51,2,16,474,2008,46.38
51,2,16,474,2009,48.46
51,2,16,474,2010,48.01
51,2,16,474,2011,49.16
51,2,16,474,2012,50.92
51,2,16,474,2013,50.7
51,2,16,474,2014,48.43
51,2,16,474,2015,46.06
51,2,16,474,2016,42.92
51,2,16,474,2017,40
51,2,17,474,1990,41.12
51,2,17,474,1991,42.71
51,2,17,474,1992,42.57
51,2,17,474,1993,41.82
51,2,17,474,1994,41.46
51,2,17,474,1995,41.11
51,2,17,474,1996,40.77
51,2,17,474,1997,41
51,2,17,474,1998,41.08
51,2,17,474,1999,41.38
51,2,17,474,2000,40.3
51,2,17,474,2001,38.8
51,2,17,474,2002,37.04
51,2,17,474,2003,36.06
51,2,17,474,2004,36.13
51,2,17,474,2005,36.86
51,2,17,474,2006,40.27
51,2,17,474,2007,45.83
51,2,17,474,2008,52.69
51,2,17,474,2009,60.45
51,2,17,474,2010,66.34
51,2,17,474,2011,73.99
51,2,17,474,2012,81.23
51,2,17,474,2013,85.03
51,2,17,474,2014,85.56
51,2,17,474,2015,86.32
51,2,17,474,2016,83.42
51,2,17,474,2017,80.96
51,2,18,474,1990,55.89
51,2,18,474,1991,61.56
51,2,18,474,1992,62.9
51,2,18,474,1993,64.3
51,2,18,474,1994,65.81
51,2,18,474,1995,67.5
51,2,18,474,1996,67.77
51,2,18,474,1997,69.12
51,2,18,474,1998,68.68
51,2,18,474,1999,68.44
51,2,18,474,2000,66.23
51,2,18,474,2001,64.13
51,2,18,474,2002,61.87
51,2,18,474,2003,60.91
51,2,18,474,2004,60.36
51,2,18,474,2005,60.32
51,2,18,474,2006,59.76
51,2,18,474,2007,59.27
51,2,18,474,2008,58.92
51,2,18,474,2009,59.49
51,2,18,474,2010,57.23
51,2,18,474,2011,61.03
51,2,18,474,2012,68.67
51,2,18,474,2013,77.79
51,2,18,474,2014,87.04
51,2,18,474,2015,97.97
51,2,18,474,2016,101.34
51,2,18,474,2017,103.53
51,2,19,474,1990,49.05
51,2,19,474,1991,55.42
51,2,19,474,1992,61.37
51,2,19,474,1993,69.15
51,2,19,474,1994,76.58
51,2,19,474,1995,83.06
51,2,19,474,1996,87.43
51,2,19,474,1997,91.89
51,2,19,474,1998,93.2
51,2,19,474,1999,96.06
51,2,19,474,2000,95.95
51,2,19,474,2001,96.27
51,2,19,474,2002,97.29
51,2,19,474,2003,97.39
51,2,19,474,2004,95.81
51,2,19,474,2005,94.84
51,2,19,474,2006,94.21
51,2,19,474,2007,94.88
51,2,19,474,2008,96.28
51,2,19,474,2009,97.23
51,2,19,474,2010,94.71
51,2,19,474,2011,94.34
51,2,19,474,2012,93.77
51,2,19,474,2013,91.42
51,2,19,474,2014,88.08
51,2,19,474,2015,87.24
51,2,19,474,2016,87.32
51,2,19,474,2017,92.88
51,2,20,474,1990,85.55
51,2,20,474,1991,86.12
51,2,20,474,1992,81.76
51,2,20,474,1993,76.22
51,2,20,474,1994,75.4
51,2,20,474,1995,81.38
51,2,20,474,1996,87.89
51,2,20,474,1997,101.57
51,2,20,474,1998,115.91
51,2,20,474,1999,127.49
51,2,20,474,2000,134.14
51,2,20,474,2001,137.66
51,2,20,474,2002,138.54
51,2,20,474,2003,139.44
51,2,20,474,2004,139.6
51,2,20,474,2005,140.26
51,2,20,474,2006,140.92
51,2,20,474,2007,143.08
51,2,20,474,2008,142.64
51,2,20,474,2009,142.36
51,2,20,474,2010,134.97
51,2,20,474,2011,133.52
51,2,20,474,2012,133.59
51,2,20,474,2013,133.35
51,2,20,474,2014,131.99
51,2,20,474,2015,132.17
51,2,20,474,2016,125
51,2,20,474,2017,119.3
51,2,22,474,1990,404.67
51,2,22,474,1991,430.62
51,2,22,474,1992,440.41
51,2,22,474,1993,449.25
51,2,22,474,1994,467.66
51,2,22,474,1995,490.91
51,2,22,474,1996,509.31
51,2,22,474,1997,535.17
51,2,22,474,1998,553.2
51,2,22,474,1999,577.16
51,2,22,474,2000,588.35
51,2,22,474,2001,597.21
51,2,22,474,2002,605.98
51,2,22,474,2003,624.57
51,2,22,474,2004,640.75
51,2,22,474,2005,662.2
51,2,22,474,2006,680.04
51,2,22,474,2007,705.52
51,2,22,474,2008,727.51
51,2,22,474,2009,752.84
51,2,22,474,2010,751.14
51,2,22,474,2011,771.64
51,2,22,474,2012,806.29
51,2,22,474,2013,827.89
51,2,22,474,2014,840.48
51,2,22,474,2015,865.21
51,2,22,474,2016,850.86
51,2,22,474,2017,848.43
51,2,30,474,1990,75.82
51,2,30,474,1991,82.09
51,2,30,474,1992,86.32
51,2,30,474,1993,88.47
51,2,30,474,1994,91.72
51,2,30,474,1995,91.88
51,2,30,474,1996,90.56
51,2,30,474,1997,86.03
51,2,30,474,1998,80.19
51,2,30,474,1999,79.74
51,2,30,474,2000,84.97
51,2,30,474,2001,93.39
51,2,30,474,2002,104.74
51,2,30,474,2003,121.56
51,2,30,474,2004,134.09
51,2,30,474,2005,144.77
51,2,30,474,2006,151.78
51,2,30,474,2007,156.53
51,2,30,474,2008,159.92
51,2,30,474,2009,164.16
51,2,30,474,2010,161.58
51,2,30,474,2011,163.28
51,2,30,474,2012,167.02
51,2,30,474,2013,167.28
51,2,30,474,2014,165.75
51,2,30,474,2015,165.42
51,2,30,474,2016,158.81
51,2,30,474,2017,155.6
51,2,31,474,1990,37.49
51,2,31,474,1991,40.23
51,2,31,474,1992,41.87
51,2,31,474,1993,44.44
51,2,31,474,1994,48.86
51,2,31,474,1995,54.77
51,2,31,474,1996,59.52
51,2,31,474,1997,65.78
51,2,31,474,1998,70.24
51,2,31,474,1999,74.49
51,2,31,474,2000,73.3
51,2,31,474,2001,69.24
51,2,31,474,2002,64.5
51,2,31,474,2003,61.25
51,2,31,474,2004,60.6
51,2,31,474,2005,64.88
51,2,31,474,2006,69.9
51,2,31,474,2007,80.7
51,2,31,474,2008,91.75
51,2,31,474,2009,100.37
51,2,31,474,2010,106
51,2,31,474,2011,111.32
51,2,31,474,2012,118.68
51,2,31,474,2013,123.93
51,2,31,474,2014,129.23
51,2,31,474,2015,137.88
51,2,31,474,2016,138.46
51,2,31,474,2017,140.43
51,2,32,474,1990,12.82
51,2,32,474,1991,13.76
51,2,32,474,1992,14.68
51,2,32,474,1993,15.74
51,2,32,474,1994,17.47
51,2,32,474,1995,19.16
51,2,32,474,1996,20.77
51,2,32,474,1997,21.73
51,2,32,474,1998,23.06
51,2,32,474,1999,24.58
51,2,32,474,2000,27.02
51,2,32,474,2001,27.89
51,2,32,474,2002,29.07
51,2,32,474,2003,30.56
51,2,32,474,2004,31.3
51,2,32,474,2005,30.94
51,2,32,474,2006,29.13
51,2,32,474,2007,28.27
51,2,32,474,2008,27.28
51,2,32,474,2009,29.63
51,2,32,474,2010,34.33
51,2,32,474,2011,38.54
51,2,32,474,2012,46.2
51,2,32,474,2013,54.3
51,2,32,474,2014,60.55
51,2,32,474,2015,67.71
51,2,32,474,2016,69.02
51,2,32,474,2017,70.15
51,2,235,474,1990,2.37
51,2,235,474,1991,2.6
51,2,235,474,1992,2.8
51,2,235,474,1993,3.1
51,2,235,474,1994,3.38
51,2,235,474,1995,3.96
51,2,235,474,1996,4.29
51,2,235,474,1997,4.62
51,2,235,474,1998,5.03
51,2,235,474,1999,5.57
51,2,235,474,2000,6.4
51,2,235,474,2001,7.44
51,2,235,474,2002,8.29
51,2,235,474,2003,9.29
51,2,235,474,2004,10.15
51,2,235,474,2005,10.73
51,2,235,474,2006,10.64
51,2,235,474,2007,10.83
51,2,235,474,2008,10.43
51,2,235,474,2009,10.31
51,2,235,474,2010,10.37
51,2,235,474,2011,10.17
51,2,235,474,2012,10.62
51,2,235,474,2013,11.16
51,2,235,474,2014,13.03
51,2,235,474,2015,15.47
51,2,235,474,2016,16.76
51,2,235,474,2017,18.28
52,2,8,474,1990,0.12
52,2,8,474,1991,0.12
52,2,8,474,1992,0.11
52,2,8,474,1993,0.11
52,2,8,474,1994,0.12
52,2,8,474,1995,0.11
52,2,8,474,1996,0.11
52,2,8,474,1997,0.11
52,2,8,474,1998,0.11
52,2,8,474,1999,0.1
52,2,8,474,2000,0.09
52,2,8,474,2001,0.09
52,2,8,474,2002,0.09
52,2,8,474,2003,0.09
52,2,8,474,2004,0.09
52,2,8,474,2005,0.09
52,2,8,474,2006,0.09
52,2,8,474,2007,0.08
52,2,8,474,2008,0.08
52,2,8,474,2009,0.07
52,2,8,474,2010,0.06
52,2,8,474,2011,0.06
52,2,8,474,2012,0.06
52,2,8,474,2013,0.06
52,2,8,474,2014,0.06
52,2,8,474,2015,0.06
52,2,8,474,2016,0.06
52,2,8,474,2017,0.06
52,2,9,474,1990,0.13
52,2,9,474,1991,0.13
52,2,9,474,1992,0.13
52,2,9,474,1993,0.12
52,2,9,474,1994,0.12
52,2,9,474,1995,0.11
52,2,9,474,1996,0.11
52,2,9,474,1997,0.11
52,2,9,474,1998,0.11
52,2,9,474,1999,0.11
52,2,9,474,2000,0.11
52,2,9,474,2001,0.11
52,2,9,474,2002,0.1
52,2,9,474,2003,0.1
52,2,9,474,2004,0.09
52,2,9,474,2005,0.08
52,2,9,474,2006,0.08
52,2,9,474,2007,0.08
52,2,9,474,2008,0.08
52,2,9,474,2009,0.09
52,2,9,474,2010,0.08
52,2,9,474,2011,0.08
52,2,9,474,2012,0.07
52,2,9,474,2013,0.07
52,2,9,474,2014,0.06
52,2,9,474,2015,0.06
52,2,9,474,2016,0.06
52,2,9,474,2017,0.05
52,2,10,474,1990,0.18
52,2,10,474,1991,0.16
52,2,10,474,1992,0.15
52,2,10,474,1993,0.16
52,2,10,474,1994,0.18
52,2,10,474,1995,0.2
52,2,10,474,1996,0.22
52,2,10,474,1997,0.22
52,2,10,474,1998,0.2
52,2,10,474,1999,0.17
52,2,10,474,2000,0.15
52,2,10,474,2001,0.16
52,2,10,474,2002,0.16
52,2,10,474,2003,0.15
52,2,10,474,2004,0.14
52,2,10,474,2005,0.15
52,2,10,474,2006,0.14
52,2,10,474,2007,0.13
52,2,10,474,2008,0.12
52,2,10,474,2009,0.12
52,2,10,474,2010,0.12
52,2,10,474,2011,0.11
52,2,10,474,2012,0.11
52,2,10,474,2013,0.12
52,2,10,474,2014,0.13
52,2,10,474,2015,0.12
52,2,10,474,2016,0.11
52,2,10,474,2017,0.1
52,2,11,474,1990,0.37
52,2,11,474,1991,0.34
52,2,11,474,1992,0.31
52,2,11,474,1993,0.3
52,2,11,474,1994,0.28
52,2,11,474,1995,0.27
52,2,11,474,1996,0.26
52,2,11,474,1997,0.27
52,2,11,474,1998,0.29
52,2,11,474,1999,0.3
52,2,11,474,2000,0.31
52,2,11,474,2001,0.33
52,2,11,474,2002,0.33
52,2,11,474,2003,0.3
52,2,11,474,2004,0.27
52,2,11,474,2005,0.26
52,2,11,474,2006,0.26
52,2,11,474,2007,0.26
52,2,11,474,2008,0.26
52,2,11,474,2009,0.25
52,2,11,474,2010,0.24
52,2,11,474,2011,0.23
52,2,11,474,2012,0.23
52,2,11,474,2013,0.22
52,2,11,474,2014,0.2
52,2,11,474,2015,0.19
52,2,11,474,2016,0.18
52,2,11,474,2017,0.18
52,2,12,474,1990,1.23
52,2,12,474,1991,1.21
52,2,12,474,1992,1.23
52,2,12,474,1993,1.33
52,2,12,474,1994,1.3
52,2,12,474,1995,1.27
52,2,12,474,1996,1.28
52,2,12,474,1997,1.24
52,2,12,474,1998,1.09
52,2,12,474,1999,0.94
52,2,12,474,2000,0.9
52,2,12,474,2001,0.84
52,2,12,474,2002,0.82
52,2,12,474,2003,0.92
52,2,12,474,2004,0.94
52,2,12,474,2005,1.01
52,2,12,474,2006,1.03
52,2,12,474,2007,1
52,2,12,474,2008,0.89
52,2,12,474,2009,0.86
52,2,12,474,2010,0.86
52,2,12,474,2011,0.8
52,2,12,474,2012,0.79
52,2,12,474,2013,0.81
52,2,12,474,2014,0.82
52,2,12,474,2015,0.79
52,2,12,474,2016,0.76
52,2,12,474,2017,0.73
52,2,13,474,1990,1.77
52,2,13,474,1991,1.88
52,2,13,474,1992,1.99
52,2,13,474,1993,2.14
52,2,13,474,1994,2.18
52,2,13,474,1995,2.27
52,2,13,474,1996,2.29
52,2,13,474,1997,2.44
52,2,13,474,1998,2.35
52,2,13,474,1999,2.22
52,2,13,474,2000,2.13
52,2,13,474,2001,2.1
52,2,13,474,2002,1.98
52,2,13,474,2003,1.79
52,2,13,474,2004,1.58
52,2,13,474,2005,1.5
52,2,13,474,2006,1.4
52,2,13,474,2007,1.4
52,2,13,474,2008,1.58
52,2,13,474,2009,1.73
52,2,13,474,2010,1.84
52,2,13,474,2011,1.82
52,2,13,474,2012,1.83
52,2,13,474,2013,1.67
52,2,13,474,2014,1.64
52,2,13,474,2015,1.64
52,2,13,474,2016,1.67
52,2,13,474,2017,1.66
52,2,14,474,1990,3.12
52,2,14,474,1991,3.04
52,2,14,474,1992,3.14
52,2,14,474,1993,3.31
52,2,14,474,1994,3.52
52,2,14,474,1995,3.83
52,2,14,474,1996,4.24
52,2,14,474,1997,4.41
52,2,14,474,1998,4.43
52,2,14,474,1999,4.23
52,2,14,474,2000,4.2
52,2,14,474,2001,4.49
52,2,14,474,2002,4.47
52,2,14,474,2003,4.34
52,2,14,474,2004,3.96
52,2,14,474,2005,4.19
52,2,14,474,2006,4.06
52,2,14,474,2007,3.89
52,2,14,474,2008,3.74
52,2,14,474,2009,3.64
52,2,14,474,2010,3.43
52,2,14,474,2011,3.1
52,2,14,474,2012,3.1
52,2,14,474,2013,3.55
52,2,14,474,2014,3.92
52,2,14,474,2015,4.17
52,2,14,474,2016,4.4
52,2,14,474,2017,4.38
52,2,15,474,1990,8.83
52,2,15,474,1991,8.56
52,2,15,474,1992,8.71
52,2,15,474,1993,8.71
52,2,15,474,1994,8.22
52,2,15,474,1995,7.87
52,2,15,474,1996,7.95
52,2,15,474,1997,7.95
52,2,15,474,1998,7.96
52,2,15,474,1999,7.53
52,2,15,474,2000,8.23
52,2,15,474,2001,9.38
52,2,15,474,2002,9.59
52,2,15,474,2003,9.62
52,2,15,474,2004,9.22
52,2,15,474,2005,9.37
52,2,15,474,2006,9.52
52,2,15,474,2007,9.34
52,2,15,474,2008,9.46
52,2,15,474,2009,9.53
52,2,15,474,2010,9.2
52,2,15,474,2011,8.37
52,2,15,474,2012,7.98
52,2,15,474,2013,7.55
52,2,15,474,2014,7.06
52,2,15,474,2015,6.55
52,2,15,474,2016,6.22
52,2,15,474,2017,6.22
52,2,16,474,1990,17.48
52,2,16,474,1991,16.87
52,2,16,474,1992,17.42
52,2,16,474,1993,18.11
52,2,16,474,1994,18.5
52,2,16,474,1995,18.39
52,2,16,474,1996,17.92
52,2,16,474,1997,17.07
52,2,16,474,1998,15.91
52,2,16,474,1999,14.05
52,2,16,474,2000,13.23
52,2,16,474,2001,12.94
52,2,16,474,2002,12.88
52,2,16,474,2003,12.57
52,2,16,474,2004,12.53
52,2,16,474,2005,13.23
52,2,16,474,2006,13.97
52,2,16,474,2007,14.4
52,2,16,474,2008,15.11
52,2,16,474,2009,14.95
52,2,16,474,2010,14.64
52,2,16,474,2011,13.59
52,2,16,474,2012,13.93
52,2,16,474,2013,14.64
52,2,16,474,2014,14.79
52,2,16,474,2015,13.68
52,2,16,474,2016,13.22
52,2,16,474,2017,12.24
52,2,17,474,1990,26.37
52,2,17,474,1991,26.87
52,2,17,474,1992,27.4
52,2,17,474,1993,28.64
52,2,17,474,1994,28.69
52,2,17,474,1995,28.77
52,2,17,474,1996,28.65
52,2,17,474,1997,29.37
52,2,17,474,1998,29.11
52,2,17,474,1999,27.83
52,2,17,474,2000,27.22
52,2,17,474,2001,27.47
52,2,17,474,2002,25.09
52,2,17,474,2003,21.96
52,2,17,474,2004,19.45
52,2,17,474,2005,18.35
52,2,17,474,2006,17.46
52,2,17,474,2007,17.42
52,2,17,474,2008,17.4
52,2,17,474,2009,18.37
52,2,17,474,2010,19.78
52,2,17,474,2011,20.42
52,2,17,474,2012,21.9
52,2,17,474,2013,23.77
52,2,17,474,2014,25
52,2,17,474,2015,25.43
52,2,17,474,2016,25.9
52,2,17,474,2017,25.75
52,2,18,474,1990,45.19
52,2,18,474,1991,45.78
52,2,18,474,1992,46.49
52,2,18,474,1993,46.92
52,2,18,474,1994,46.72
52,2,18,474,1995,46.39
52,2,18,474,1996,47.7
52,2,18,474,1997,47.89
52,2,18,474,1998,46.12
52,2,18,474,1999,42.87
52,2,18,474,2000,42.27
52,2,18,474,2001,42.37
52,2,18,474,2002,42.28
52,2,18,474,2003,40.46
52,2,18,474,2004,38.77
52,2,18,474,2005,38.14
52,2,18,474,2006,35.8
52,2,18,474,2007,33.71
52,2,18,474,2008,29.96
52,2,18,474,2009,28.9
52,2,18,474,2010,27.62
52,2,18,474,2011,26.31
52,2,18,474,2012,26.09
52,2,18,474,2013,26.81
52,2,18,474,2014,28.96
52,2,18,474,2015,31.28
52,2,18,474,2016,34.46
52,2,18,474,2017,35.43
52,2,19,474,1990,33.91
52,2,19,474,1991,35.79
52,2,19,474,1992,39.6
52,2,19,474,1993,46.76
52,2,19,474,1994,51.13
52,2,19,474,1995,52.01
52,2,19,474,1996,54.43
52,2,19,474,1997,55.33
52,2,19,474,1998,53.18
52,2,19,474,1999,53.36
52,2,19,474,2000,52.99
52,2,19,474,2001,54.35
52,2,19,474,2002,55.64
52,2,19,474,2003,55.49
52,2,19,474,2004,54.21
52,2,19,474,2005,56.72
52,2,19,474,2006,56.41
52,2,19,474,2007,55.57
52,2,19,474,2008,53.62
52,2,19,474,2009,54.22
52,2,19,474,2010,53.06
52,2,19,474,2011,50.43
52,2,19,474,2012,47.83
52,2,19,474,2013,44.54
52,2,19,474,2014,42.23
52,2,19,474,2015,40.41
52,2,19,474,2016,39.89
52,2,19,474,2017,40.23
52,2,20,474,1990,50.01
52,2,20,474,1991,48.12
52,2,20,474,1992,45.94
52,2,20,474,1993,39.71
52,2,20,474,1994,34.94
52,2,20,474,1995,36.26
52,2,20,474,1996,41.66
52,2,20,474,1997,47.99
52,2,20,474,1998,56.26
52,2,20,474,1999,63.46
52,2,20,474,2000,65.33
52,2,20,474,2001,70.48
52,2,20,474,2002,73.03
52,2,20,474,2003,72.36
52,2,20,474,2004,69.92
52,2,20,474,2005,71.25
52,2,20,474,2006,71.98
52,2,20,474,2007,71.22
52,2,20,474,2008,70.17
52,2,20,474,2009,70.81
52,2,20,474,2010,70.73
52,2,20,474,2011,70.78
52,2,20,474,2012,73.12
52,2,20,474,2013,73.23
52,2,20,474,2014,74.9
52,2,20,474,2015,75.04
52,2,20,474,2016,72.15
52,2,20,474,2017,68.17
52,2,22,474,1990,230.83
52,2,22,474,1991,233.93
52,2,22,474,1992,241.57
52,2,22,474,1993,248.42
52,2,22,474,1994,252.08
52,2,22,474,1995,257.11
52,2,22,474,1996,268.01
52,2,22,474,1997,276.46
52,2,22,474,1998,275.46
52,2,22,474,1999,272.89
52,2,22,474,2000,275.08
52,2,22,474,2001,288.53
52,2,22,474,2002,296.07
52,2,22,474,2003,293.92
52,2,22,474,2004,286.26
52,2,22,474,2005,297.15
52,2,22,474,2006,299.24
52,2,22,474,2007,300.54
52,2,22,474,2008,299.27
52,2,22,474,2009,307.48
52,2,22,474,2010,313.21
52,2,22,474,2011,314.92
52,2,22,474,2012,322.05
52,2,22,474,2013,326.06
52,2,22,474,2014,337.1
52,2,22,474,2015,343.57
52,2,22,474,2016,347.37
52,2,22,474,2017,344.78
52,2,30,474,1990,27.01
52,2,30,474,1991,29
52,2,30,474,1992,31.78
52,2,30,474,1993,34.13
52,2,30,474,1994,36.53
52,2,30,474,1995,37.94
52,2,30,474,1996,38.07
52,2,30,474,1997,36.79
52,2,30,474,1998,32.03
52,2,30,474,1999,28.52
52,2,30,474,2000,29.94
52,2,30,474,2001,34.6
52,2,30,474,2002,41.16
52,2,30,474,2003,47.76
52,2,30,474,2004,51.1
52,2,30,474,2005,55.72
52,2,30,474,2006,57.53
52,2,30,474,2007,59.32
52,2,30,474,2008,60.66
52,2,30,474,2009,63.79
52,2,30,474,2010,67.09
52,2,30,474,2011,70.27
52,2,30,474,2012,72.3
52,2,30,474,2013,73.5
52,2,30,474,2014,76.53
52,2,30,474,2015,79.15
52,2,30,474,2016,79.87
52,2,30,474,2017,80.08
52,2,31,474,1990,11.19
52,2,31,474,1991,11.85
52,2,31,474,1992,12.75
52,2,31,474,1993,13.38
52,2,31,474,1994,14.69
52,2,31,474,1995,16.08
52,2,31,474,1996,17.46
52,2,31,474,1997,19.12
52,2,31,474,1998,19.99
52,2,31,474,1999,20.68
52,2,31,474,2000,21.02
52,2,31,474,2001,21.22
52,2,31,474,2002,20.27
52,2,31,474,2003,17.3
52,2,31,474,2004,15.1
52,2,31,474,2005,17.73
52,2,31,474,2006,20.34
52,2,31,474,2007,24.07
52,2,31,474,2008,28.4
52,2,31,474,2009,32.49
52,2,31,474,2010,35.49
52,2,31,474,2011,38.4
52,2,31,474,2012,40.62
52,2,31,474,2013,41.6
52,2,31,474,2014,44.81
52,2,31,474,2015,46.86
52,2,31,474,2016,48.57
52,2,31,474,2017,48.63
52,2,32,474,1990,3.39
52,2,32,474,1991,3.65
52,2,32,474,1992,3.84
52,2,32,474,1993,3.95
52,2,32,474,1994,4.33
52,2,32,474,1995,4.64
52,2,32,474,1996,4.92
52,2,32,474,1997,5.34
52,2,32,474,1998,5.52
52,2,32,474,1999,5.68
52,2,32,474,2000,6.09
52,2,32,474,2001,6.63
52,2,32,474,2002,7.09
52,2,32,474,2003,7.57
52,2,32,474,2004,7.65
52,2,32,474,2005,7.97
52,2,32,474,2006,7.69
52,2,32,474,2007,7.12
52,2,32,474,2008,6.06
52,2,32,474,2009,5.81
52,2,32,474,2010,7.07
52,2,32,474,2011,8.35
52,2,32,474,2012,10.32
52,2,32,474,2013,12.4
52,2,32,474,2014,14.48
52,2,32,474,2015,16.18
52,2,32,474,2016,17.5
52,2,32,474,2017,18.09
52,2,235,474,1990,0.52
52,2,235,474,1991,0.56
52,2,235,474,1992,0.59
52,2,235,474,1993,0.62
52,2,235,474,1994,0.64
52,2,235,474,1995,0.7
52,2,235,474,1996,0.75
52,2,235,474,1997,0.78
52,2,235,474,1998,0.8
52,2,235,474,1999,0.83
52,2,235,474,2000,0.87
52,2,235,474,2001,0.96
52,2,235,474,2002,1.08
52,2,235,474,2003,1.16
52,2,235,474,2004,1.24
52,2,235,474,2005,1.39
52,2,235,474,2006,1.49
52,2,235,474,2007,1.52
52,2,235,474,2008,1.68
52,2,235,474,2009,1.85
52,2,235,474,2010,1.9
52,2,235,474,2011,1.79
52,2,235,474,2012,1.78
52,2,235,474,2013,1.53
52,2,235,474,2014,1.5
52,2,235,474,2015,1.96
52,2,235,474,2016,2.36
52,2,235,474,2017,2.77
53,2,8,474,1990,0.05
53,2,8,474,1991,0.04
53,2,8,474,1992,0.05
53,2,8,474,1993,0.05
53,2,8,474,1994,0.05
53,2,8,474,1995,0.05
53,2,8,474,1996,0.05
53,2,8,474,1997,0.05
53,2,8,474,1998,0.04
53,2,8,474,1999,0.04
53,2,8,474,2000,0.04
53,2,8,474,2001,0.03
53,2,8,474,2002,0.03
53,2,8,474,2003,0.03
53,2,8,474,2004,0.03
53,2,8,474,2005,0.03
53,2,8,474,2006,0.03
53,2,8,474,2007,0.03
53,2,8,474,2008,0.03
53,2,8,474,2009,0.03
53,2,8,474,2010,0.03
53,2,8,474,2011,0.02
53,2,8,474,2012,0.02
53,2,8,474,2013,0.02
53,2,8,474,2014,0.02
53,2,8,474,2015,0.02
53,2,8,474,2016,0.02
53,2,8,474,2017,0.02
53,2,9,474,1990,0.05
53,2,9,474,1991,0.04
53,2,9,474,1992,0.05
53,2,9,474,1993,0.05
53,2,9,474,1994,0.05
53,2,9,474,1995,0.05
53,2,9,474,1996,0.05
53,2,9,474,1997,0.05
53,2,9,474,1998,0.04
53,2,9,474,1999,0.04
53,2,9,474,2000,0.04
53,2,9,474,2001,0.04
53,2,9,474,2002,0.03
53,2,9,474,2003,0.03
53,2,9,474,2004,0.03
53,2,9,474,2005,0.03
53,2,9,474,2006,0.03
53,2,9,474,2007,0.03
53,2,9,474,2008,0.03
53,2,9,474,2009,0.03
53,2,9,474,2010,0.03
53,2,9,474,2011,0.02
53,2,9,474,2012,0.02
53,2,9,474,2013,0.02
53,2,9,474,2014,0.02
53,2,9,474,2015,0.02
53,2,9,474,2016,0.02
53,2,9,474,2017,0.02
53,2,10,474,1990,0.06
53,2,10,474,1991,0.05
53,2,10,474,1992,0.05
53,2,10,474,1993,0.05
53,2,10,474,1994,0.05
53,2,10,474,1995,0.05
53,2,10,474,1996,0.05
53,2,10,474,1997,0.05
53,2,10,474,1998,0.04
53,2,10,474,1999,0.04
53,2,10,474,2000,0.04
53,2,10,474,2001,0.04
53,2,10,474,2002,0.04
53,2,10,474,2003,0.04
53,2,10,474,2004,0.04
53,2,10,474,2005,0.04
53,2,10,474,2006,0.04
53,2,10,474,2007,0.04
53,2,10,474,2008,0.03
53,2,10,474,2009,0.03
53,2,10,474,2010,0.03
53,2,10,474,2011,0.03
53,2,10,474,2012,0.03
53,2,10,474,2013,0.03
53,2,10,474,2014,0.03
53,2,10,474,2015,0.03
53,2,10,474,2016,0.03
53,2,10,474,2017,0.03
53,2,11,474,1990,0.13
53,2,11,474,1991,0.12
53,2,11,474,1992,0.13
53,2,11,474,1993,0.13
53,2,11,474,1994,0.12
53,2,11,474,1995,0.12
53,2,11,474,1996,0.11
53,2,11,474,1997,0.11
53,2,11,474,1998,0.09
53,2,11,474,1999,0.09
53,2,11,474,2000,0.08
53,2,11,474,2001,0.07
53,2,11,474,2002,0.07
53,2,11,474,2003,0.06
53,2,11,474,2004,0.06
53,2,11,474,2005,0.06
53,2,11,474,2006,0.06
53,2,11,474,2007,0.06
53,2,11,474,2008,0.06
53,2,11,474,2009,0.05
53,2,11,474,2010,0.05
53,2,11,474,2011,0.05
53,2,11,474,2012,0.05
53,2,11,474,2013,0.05
53,2,11,474,2014,0.05
53,2,11,474,2015,0.05
53,2,11,474,2016,0.05
53,2,11,474,2017,0.05
53,2,12,474,1990,0.61
53,2,12,474,1991,0.55
53,2,12,474,1992,0.62
53,2,12,474,1993,0.65
53,2,12,474,1994,0.67
53,2,12,474,1995,0.7
53,2,12,474,1996,0.72
53,2,12,474,1997,0.74
53,2,12,474,1998,0.6
53,2,12,474,1999,0.62
53,2,12,474,2000,0.6
53,2,12,474,2001,0.57
53,2,12,474,2002,0.54
53,2,12,474,2003,0.55
53,2,12,474,2004,0.55
53,2,12,474,2005,0.58
53,2,12,474,2006,0.57
53,2,12,474,2007,0.54
53,2,12,474,2008,0.55
53,2,12,474,2009,0.54
53,2,12,474,2010,0.51
53,2,12,474,2011,0.5
53,2,12,474,2012,0.5
53,2,12,474,2013,0.49
53,2,12,474,2014,0.5
53,2,12,474,2015,0.49
53,2,12,474,2016,0.46
53,2,12,474,2017,0.44
53,2,13,474,1990,1.09
53,2,13,474,1991,1.05
53,2,13,474,1992,1.23
53,2,13,474,1993,1.3
53,2,13,474,1994,1.39
53,2,13,474,1995,1.51
53,2,13,474,1996,1.59
53,2,13,474,1997,1.65
53,2,13,474,1998,1.35
53,2,13,474,1999,1.37
53,2,13,474,2000,1.29
53,2,13,474,2001,1.24
53,2,13,474,2002,1.2
53,2,13,474,2003,1.21
53,2,13,474,2004,1.21
53,2,13,474,2005,1.25
53,2,13,474,2006,1.23
53,2,13,474,2007,1.19
53,2,13,474,2008,1.22
53,2,13,474,2009,1.18
53,2,13,474,2010,1.1
53,2,13,474,2011,1.05
53,2,13,474,2012,1.07
53,2,13,474,2013,1.04
53,2,13,474,2014,1.04
53,2,13,474,2015,1.07
53,2,13,474,2016,1.06
53,2,13,474,2017,1.05
53,2,14,474,1990,1.78
53,2,14,474,1991,1.58
53,2,14,474,1992,1.72
53,2,14,474,1993,1.83
53,2,14,474,1994,1.91
53,2,14,474,1995,2.03
53,2,14,474,1996,2.2
53,2,14,474,1997,2.39
53,2,14,474,1998,2.13
53,2,14,474,1999,2.29
53,2,14,474,2000,2.35
53,2,14,474,2001,2.27
53,2,14,474,2002,2.15
53,2,14,474,2003,2.15
53,2,14,474,2004,2.11
53,2,14,474,2005,2.13
53,2,14,474,2006,2.05
53,2,14,474,2007,1.96
53,2,14,474,2008,1.96
53,2,14,474,2009,1.91
53,2,14,474,2010,1.83
53,2,14,474,2011,1.81
53,2,14,474,2012,1.85
53,2,14,474,2013,1.83
53,2,14,474,2014,1.85
53,2,14,474,2015,1.85
53,2,14,474,2016,1.8
53,2,14,474,2017,1.78
53,2,15,474,1990,4.22
53,2,15,474,1991,3.86
53,2,15,474,1992,4.14
53,2,15,474,1993,4.12
53,2,15,474,1994,4.1
53,2,15,474,1995,4.1
53,2,15,474,1996,4.18
53,2,15,474,1997,4.19
53,2,15,474,1998,4.01
53,2,15,474,1999,4.08
53,2,15,474,2000,4.2
53,2,15,474,2001,4.5
53,2,15,474,2002,4.74
53,2,15,474,2003,5.05
53,2,15,474,2004,5.56
53,2,15,474,2005,6.1
53,2,15,474,2006,6.03
53,2,15,474,2007,5.85
53,2,15,474,2008,5.83
53,2,15,474,2009,5.67
53,2,15,474,2010,5.41
53,2,15,474,2011,5.33
53,2,15,474,2012,5.33
53,2,15,474,2013,5.13
53,2,15,474,2014,5.08
53,2,15,474,2015,4.99
53,2,15,474,2016,4.8
53,2,15,474,2017,4.66
53,2,16,474,1990,7.48
53,2,16,474,1991,6.67
53,2,16,474,1992,7.12
53,2,16,474,1993,7.2
53,2,16,474,1994,7.3
53,2,16,474,1995,7.36
53,2,16,474,1996,7.33
53,2,16,474,1997,7.16
53,2,16,474,1998,6.36
53,2,16,474,1999,6.39
53,2,16,474,2000,6.21
53,2,16,474,2001,6.27
53,2,16,474,2002,6.2
53,2,16,474,2003,6.75
53,2,16,474,2004,7.05
53,2,16,474,2005,7.62
53,2,16,474,2006,8.2
53,2,16,474,2007,8.75
53,2,16,474,2008,9.18
53,2,16,474,2009,9.83
53,2,16,474,2010,10.12
53,2,16,474,2011,10.15
53,2,16,474,2012,10.06
53,2,16,474,2013,9.57
53,2,16,474,2014,9.28
53,2,16,474,2015,8.99
53,2,16,474,2016,8.51
53,2,16,474,2017,8.16
53,2,17,474,1990,13.34
53,2,17,474,1991,12.19
53,2,17,474,1992,13.29
53,2,17,474,1993,13.41
53,2,17,474,1994,13.19
53,2,17,474,1995,12.92
53,2,17,474,1996,12.92
53,2,17,474,1997,12.82
53,2,17,474,1998,11.88
53,2,17,474,1999,12.3
53,2,17,474,2000,12.15
53,2,17,474,2001,11.83
53,2,17,474,2002,11.41
53,2,17,474,2003,11.17
53,2,17,474,2004,10.92
53,2,17,474,2005,11.06
53,2,17,474,2006,10.87
53,2,17,474,2007,10.63
53,2,17,474,2008,11.22
53,2,17,474,2009,11.67
53,2,17,474,2010,12.04
53,2,17,474,2011,13.58
53,2,17,474,2012,15.36
53,2,17,474,2013,16.18
53,2,17,474,2014,17.66
53,2,17,474,2015,18.76
53,2,17,474,2016,18.12
53,2,17,474,2017,17.28
53,2,18,474,1990,14.72
53,2,18,474,1991,14.2
53,2,18,474,1992,15.98
53,2,18,474,1993,16.82
53,2,18,474,1994,17.3
53,2,18,474,1995,17.5
53,2,18,474,1996,17.88
53,2,18,474,1997,18.23
53,2,18,474,1998,17.7
53,2,18,474,1999,18.06
53,2,18,474,2000,17.95
53,2,18,474,2001,17.91
53,2,18,474,2002,17.92
53,2,18,474,2003,18.49
53,2,18,474,2004,18.78
53,2,18,474,2005,19.33
53,2,18,474,2006,18.83
53,2,18,474,2007,18.01
53,2,18,474,2008,16.97
53,2,18,474,2009,16.82
53,2,18,474,2010,16.73
53,2,18,474,2011,17.28
53,2,18,474,2012,17.76
53,2,18,474,2013,18.83
53,2,18,474,2014,19.79
53,2,18,474,2015,20.76
53,2,18,474,2016,22.19
53,2,18,474,2017,23.98
53,2,19,474,1990,16.97
53,2,19,474,1991,16.69
53,2,19,474,1992,18.55
53,2,19,474,1993,18.83
53,2,19,474,1994,19.27
53,2,19,474,1995,20.13
53,2,19,474,1996,21.44
53,2,19,474,1997,23.33
53,2,19,474,1998,23.41
53,2,19,474,1999,25.09
53,2,19,474,2000,25.87
53,2,19,474,2001,26.67
53,2,19,474,2002,27.59
53,2,19,474,2003,28.65
53,2,19,474,2004,28.8
53,2,19,474,2005,29.28
53,2,19,474,2006,28.53
53,2,19,474,2007,27.65
53,2,19,474,2008,26.83
53,2,19,474,2009,26.88
53,2,19,474,2010,26.48
53,2,19,474,2011,26.75
53,2,19,474,2012,26.07
53,2,19,474,2013,24.5
53,2,19,474,2014,24.22
53,2,19,474,2015,23.68
53,2,19,474,2016,22.9
53,2,19,474,2017,22.48
53,2,20,474,1990,13.89
53,2,20,474,1991,12.84
53,2,20,474,1992,14.9
53,2,20,474,1993,17
53,2,20,474,1994,19.72
53,2,20,474,1995,21.72
53,2,20,474,1996,22.99
53,2,20,474,1997,24.3
53,2,20,474,1998,24.24
53,2,20,474,1999,27.15
53,2,20,474,2000,29.08
53,2,20,474,2001,31.48
53,2,20,474,2002,34.07
53,2,20,474,2003,36.5
53,2,20,474,2004,37.65
53,2,20,474,2005,39.27
53,2,20,474,2006,39.55
53,2,20,474,2007,39.3
53,2,20,474,2008,38.9
53,2,20,474,2009,38.98
53,2,20,474,2010,38.96
53,2,20,474,2011,40.46
53,2,20,474,2012,41.53
53,2,20,474,2013,42.08
53,2,20,474,2014,44.37
53,2,20,474,2015,45.22
53,2,20,474,2016,43.93
53,2,20,474,2017,42.22
53,2,22,474,1990,105.71
53,2,22,474,1991,98.21
53,2,22,474,1992,106.99
53,2,22,474,1993,109.6
53,2,22,474,1994,112
53,2,22,474,1995,113.38
53,2,22,474,1996,115.52
53,2,22,474,1997,120.18
53,2,22,474,1998,117.17
53,2,22,474,1999,125.78
53,2,22,474,2000,130.48
53,2,22,474,2001,135.75
53,2,22,474,2002,141.28
53,2,22,474,2003,149.19
53,2,22,474,2004,155.04
53,2,22,474,2005,164.2
53,2,22,474,2006,168.36
53,2,22,474,2007,171.04
53,2,22,474,2008,174.7
53,2,22,474,2009,180.88
53,2,22,474,2010,186.12
53,2,22,474,2011,198.01
53,2,22,474,2012,205.7
53,2,22,474,2013,208.88
53,2,22,474,2014,218.62
53,2,22,474,2015,224.22
53,2,22,474,2016,222.71
53,2,22,474,2017,221.11
53,2,30,474,1990,17.05
53,2,30,474,1991,14.3
53,2,30,474,1992,14.22
53,2,30,474,1993,13.44
53,2,30,474,1994,12.66
53,2,30,474,1995,11.94
53,2,30,474,1996,11.86
53,2,30,474,1997,13.3
53,2,30,474,1998,14.72
53,2,30,474,1999,17.6
53,2,30,474,2000,20.17
53,2,30,474,2001,22.21
53,2,30,474,2002,23.71
53,2,30,474,2003,25.21
53,2,30,474,2004,27.13
53,2,30,474,2005,29.95
53,2,30,474,2006,32.68
53,2,30,474,2007,35.24
53,2,30,474,2008,37.82
53,2,30,474,2009,40.43
53,2,30,474,2010,42.87
53,2,30,474,2011,46.6
53,2,30,474,2012,48.81
53,2,30,474,2013,49.63
53,2,30,474,2014,50.99
53,2,30,474,2015,50.5
53,2,30,474,2016,48.94
53,2,30,474,2017,48.05
53,2,31,474,1990,11.88
53,2,31,474,1991,11.48
53,2,31,474,1992,11.86
53,2,31,474,1993,11.18
53,2,31,474,1994,10.23
53,2,31,474,1995,9.04
53,2,31,474,1996,8.04
53,2,31,474,1997,7.59
53,2,31,474,1998,6.78
53,2,31,474,1999,6.75
53,2,31,474,2000,6.66
53,2,31,474,2001,7.01
53,2,31,474,2002,8.07
53,2,31,474,2003,9.83
53,2,31,474,2004,11.74
53,2,31,474,2005,14.01
53,2,31,474,2006,15.97
53,2,31,474,2007,17.49
53,2,31,474,2008,18.89
53,2,31,474,2009,20.74
53,2,31,474,2010,22.89
53,2,31,474,2011,26.11
53,2,31,474,2012,28.19
53,2,31,474,2013,29.85
53,2,31,474,2014,32.52
53,2,31,474,2015,34.84
53,2,31,474,2016,35.75
53,2,31,474,2017,36.02
53,2,32,474,1990,2.12
53,2,32,474,1991,2.26
53,2,32,474,1992,2.73
53,2,32,474,1993,3.15
53,2,32,474,1994,3.57
53,2,32,474,1995,3.72
53,2,32,474,1996,3.65
53,2,32,474,1997,3.64
53,2,32,474,1998,3.17
53,2,32,474,1999,3.12
53,2,32,474,2000,2.91
53,2,32,474,2001,2.76
53,2,32,474,2002,2.65
53,2,32,474,2003,2.6
53,2,32,474,2004,2.54
53,2,32,474,2005,2.63
53,2,32,474,2006,2.88
53,2,32,474,2007,3.48
53,2,32,474,2008,4.36
53,2,32,474,2009,5.3
53,2,32,474,2010,6.23
53,2,32,474,2011,7.33
53,2,32,474,2012,7.97
53,2,32,474,2013,8.36
53,2,32,474,2014,9.64
53,2,32,474,2015,11.1
53,2,32,474,2016,12.1
53,2,32,474,2017,12.74
53,2,235,474,1990,0.29
53,2,235,474,1991,0.29
53,2,235,474,1992,0.34
53,2,235,474,1993,0.38
53,2,235,474,1994,0.41
53,2,235,474,1995,0.44
53,2,235,474,1996,0.47
53,2,235,474,1997,0.57
53,2,235,474,1998,0.62
53,2,235,474,1999,0.75
53,2,235,474,2000,0.82
53,2,235,474,2001,0.86
53,2,235,474,2002,0.86
53,2,235,474,2003,0.85
53,2,235,474,2004,0.83
53,2,235,474,2005,0.82
53,2,235,474,2006,0.81
53,2,235,474,2007,0.8
53,2,235,474,2008,0.8
53,2,235,474,2009,0.79
53,2,235,474,2010,0.81
53,2,235,474,2011,0.92
53,2,235,474,2012,1.08
53,2,235,474,2013,1.28
53,2,235,474,2014,1.55
53,2,235,474,2015,1.84
53,2,235,474,2016,2.01
53,2,235,474,2017,2.12
54,2,8,474,1990,0.02
54,2,8,474,1991,0.02
54,2,8,474,1992,0.02
54,2,8,474,1993,0.02
54,2,8,474,1994,0.02
54,2,8,474,1995,0.02
54,2,8,474,1996,0.02
54,2,8,474,1997,0.02
54,2,8,474,1998,0.02
54,2,8,474,1999,0.02
54,2,8,474,2000,0.02
54,2,8,474,2001,0.02
54,2,8,474,2002,0.02
54,2,8,474,2003,0.02
54,2,8,474,2004,0.02
54,2,8,474,2005,0.02
54,2,8,474,2006,0.02
54,2,8,474,2007,0.02
54,2,8,474,2008,0.02
54,2,8,474,2009,0.02
54,2,8,474,2010,0.02
54,2,8,474,2011,0.02
54,2,8,474,2012,0.02
54,2,8,474,2013,0.02
54,2,8,474,2014,0.01
54,2,8,474,2015,0.01
54,2,8,474,2016,0.01
54,2,8,474,2017,0.01
54,2,9,474,1990,0.02
54,2,9,474,1991,0.02
54,2,9,474,1992,0.02
54,2,9,474,1993,0.02
54,2,9,474,1994,0.02
54,2,9,474,1995,0.03
54,2,9,474,1996,0.03
54,2,9,474,1997,0.03
54,2,9,474,1998,0.03
54,2,9,474,1999,0.03
54,2,9,474,2000,0.03
54,2,9,474,2001,0.03
54,2,9,474,2002,0.03
54,2,9,474,2003,0.03
54,2,9,474,2004,0.03
54,2,9,474,2005,0.03
54,2,9,474,2006,0.03
54,2,9,474,2007,0.03
54,2,9,474,2008,0.03
54,2,9,474,2009,0.03
54,2,9,474,2010,0.03
54,2,9,474,2011,0.03
54,2,9,474,2012,0.03
54,2,9,474,2013,0.03
54,2,9,474,2014,0.03
54,2,9,474,2015,0.03
54,2,9,474,2016,0.03
54,2,9,474,2017,0.03
54,2,10,474,1990,0.04
54,2,10,474,1991,0.04
54,2,10,474,1992,0.04
54,2,10,474,1993,0.04
54,2,10,474,1994,0.04
54,2,10,474,1995,0.04
54,2,10,474,1996,0.03
54,2,10,474,1997,0.04
54,2,10,474,1998,0.04
54,2,10,474,1999,0.04
54,2,10,474,2000,0.04
54,2,10,474,2001,0.05
54,2,10,474,2002,0.04
54,2,10,474,2003,0.04
54,2,10,474,2004,0.04
54,2,10,474,2005,0.04
54,2,10,474,2006,0.04
54,2,10,474,2007,0.04
54,2,10,474,2008,0.04
54,2,10,474,2009,0.04
54,2,10,474,2010,0.04
54,2,10,474,2011,0.04
54,2,10,474,2012,0.04
54,2,10,474,2013,0.04
54,2,10,474,2014,0.04
54,2,10,474,2015,0.04
54,2,10,474,2016,0.04
54,2,10,474,2017,0.04
54,2,11,474,1990,0.08
54,2,11,474,1991,0.08
54,2,11,474,1992,0.07
54,2,11,474,1993,0.07
54,2,11,474,1994,0.07
54,2,11,474,1995,0.07
54,2,11,474,1996,0.07
54,2,11,474,1997,0.07
54,2,11,474,1998,0.07
54,2,11,474,1999,0.06
54,2,11,474,2000,0.05
54,2,11,474,2001,0.05
54,2,11,474,2002,0.05
54,2,11,474,2003,0.05
54,2,11,474,2004,0.05
54,2,11,474,2005,0.06
54,2,11,474,2006,0.06
54,2,11,474,2007,0.07
54,2,11,474,2008,0.06
54,2,11,474,2009,0.06
54,2,11,474,2010,0.06
54,2,11,474,2011,0.06
54,2,11,474,2012,0.06
54,2,11,474,2013,0.06
54,2,11,474,2014,0.06
54,2,11,474,2015,0.06
54,2,11,474,2016,0.07
54,2,11,474,2017,0.07
54,2,12,474,1990,0.2
54,2,12,474,1991,0.19
54,2,12,474,1992,0.18
54,2,12,474,1993,0.18
54,2,12,474,1994,0.17
54,2,12,474,1995,0.16
54,2,12,474,1996,0.15
54,2,12,474,1997,0.16
54,2,12,474,1998,0.15
54,2,12,474,1999,0.14
54,2,12,474,2000,0.13
54,2,12,474,2001,0.13
54,2,12,474,2002,0.12
54,2,12,474,2003,0.12
54,2,12,474,2004,0.12
54,2,12,474,2005,0.12
54,2,12,474,2006,0.12
54,2,12,474,2007,0.12
54,2,12,474,2008,0.11
54,2,12,474,2009,0.12
54,2,12,474,2010,0.13
54,2,12,474,2011,0.13
54,2,12,474,2012,0.13
54,2,12,474,2013,0.14
54,2,12,474,2014,0.14
54,2,12,474,2015,0.13
54,2,12,474,2016,0.13
54,2,12,474,2017,0.14
54,2,13,474,1990,0.44
54,2,13,474,1991,0.47
54,2,13,474,1992,0.47
54,2,13,474,1993,0.48
54,2,13,474,1994,0.48
54,2,13,474,1995,0.49
54,2,13,474,1996,0.48
54,2,13,474,1997,0.51
54,2,13,474,1998,0.51
54,2,13,474,1999,0.49
54,2,13,474,2000,0.46
54,2,13,474,2001,0.47
54,2,13,474,2002,0.44
54,2,13,474,2003,0.43
54,2,13,474,2004,0.44
54,2,13,474,2005,0.44
54,2,13,474,2006,0.44
54,2,13,474,2007,0.46
54,2,13,474,2008,0.44
54,2,13,474,2009,0.43
54,2,13,474,2010,0.4
54,2,13,474,2011,0.39
54,2,13,474,2012,0.39
54,2,13,474,2013,0.39
54,2,13,474,2014,0.37
54,2,13,474,2015,0.39
54,2,13,474,2016,0.41
54,2,13,474,2017,0.43
54,2,14,474,1990,0.7
54,2,14,474,1991,0.73
54,2,14,474,1992,0.72
54,2,14,474,1993,0.72
54,2,14,474,1994,0.74
54,2,14,474,1995,0.79
54,2,14,474,1996,0.84
54,2,14,474,1997,0.93
54,2,14,474,1998,0.96
54,2,14,474,1999,1.01
54,2,14,474,2000,0.98
54,2,14,474,2001,1.01
54,2,14,474,2002,0.99
54,2,14,474,2003,1.01
54,2,14,474,2004,1.03
54,2,14,474,2005,1.02
54,2,14,474,2006,0.98
54,2,14,474,2007,1
54,2,14,474,2008,0.92
54,2,14,474,2009,0.9
54,2,14,474,2010,0.85
54,2,14,474,2011,0.85
54,2,14,474,2012,0.83
54,2,14,474,2013,0.82
54,2,14,474,2014,0.78
54,2,14,474,2015,0.76
54,2,14,474,2016,0.73
54,2,14,474,2017,0.73
54,2,15,474,1990,1.24
54,2,15,474,1991,1.27
54,2,15,474,1992,1.23
54,2,15,474,1993,1.2
54,2,15,474,1994,1.2
54,2,15,474,1995,1.26
54,2,15,474,1996,1.22
54,2,15,474,1997,1.34
54,2,15,474,1998,1.39
54,2,15,474,1999,1.44
54,2,15,474,2000,1.44
54,2,15,474,2001,1.54
54,2,15,474,2002,1.58
54,2,15,474,2003,1.67
54,2,15,474,2004,1.75
54,2,15,474,2005,1.85
54,2,15,474,2006,1.9
54,2,15,474,2007,1.9
54,2,15,474,2008,1.86
54,2,15,474,2009,1.94
54,2,15,474,2010,1.9
54,2,15,474,2011,1.91
54,2,15,474,2012,1.78
54,2,15,474,2013,1.68
54,2,15,474,2014,1.62
54,2,15,474,2015,1.7
54,2,15,474,2016,1.67
54,2,15,474,2017,1.63
54,2,16,474,1990,2.6
54,2,16,474,1991,2.56
54,2,16,474,1992,2.47
54,2,16,474,1993,2.42
54,2,16,474,1994,2.32
54,2,16,474,1995,2.37
54,2,16,474,1996,2.37
54,2,16,474,1997,2.58
54,2,16,474,1998,2.6
54,2,16,474,1999,2.6
54,2,16,474,2000,2.5
54,2,16,474,2001,2.63
54,2,16,474,2002,2.74
54,2,16,474,2003,2.92
54,2,16,474,2004,3.06
54,2,16,474,2005,3.19
54,2,16,474,2006,3.41
54,2,16,474,2007,3.74
54,2,16,474,2008,3.79
54,2,16,474,2009,3.93
54,2,16,474,2010,3.81
54,2,16,474,2011,3.91
54,2,16,474,2012,4
54,2,16,474,2013,4.02
54,2,16,474,2014,3.93
54,2,16,474,2015,3.86
54,2,16,474,2016,3.51
54,2,16,474,2017,3.32
54,2,17,474,1990,4.5
54,2,17,474,1991,4.58
54,2,17,474,1992,4.51
54,2,17,474,1993,4.51
54,2,17,474,1994,4.49
54,2,17,474,1995,4.58
54,2,17,474,1996,4.32
54,2,17,474,1997,4.29
54,2,17,474,1998,4.19
54,2,17,474,1999,4.12
54,2,17,474,2000,3.99
54,2,17,474,2001,4.12
54,2,17,474,2002,4.08
54,2,17,474,2003,4.07
54,2,17,474,2004,4.07
54,2,17,474,2005,4.21
54,2,17,474,2006,4.21
54,2,17,474,2007,4.37
54,2,17,474,2008,4.53
54,2,17,474,2009,4.89
54,2,17,474,2010,5.03
54,2,17,474,2011,5.35
54,2,17,474,2012,5.73
54,2,17,474,2013,5.99
54,2,17,474,2014,6.21
54,2,17,474,2015,6.49
54,2,17,474,2016,6.24
54,2,17,474,2017,6.1
54,2,18,474,1990,7.43
54,2,18,474,1991,7.53
54,2,18,474,1992,7.32
54,2,18,474,1993,7.08
54,2,18,474,1994,6.88
54,2,18,474,1995,7.12
54,2,18,474,1996,6.96
54,2,18,474,1997,7.13
54,2,18,474,1998,7.06
54,2,18,474,1999,6.84
54,2,18,474,2000,6.52
54,2,18,474,2001,6.5
54,2,18,474,2002,6.32
54,2,18,474,2003,6.27
54,2,18,474,2004,6.25
54,2,18,474,2005,6.27
54,2,18,474,2006,6.32
54,2,18,474,2007,6.57
54,2,18,474,2008,6.54
54,2,18,474,2009,6.73
54,2,18,474,2010,6.79
54,2,18,474,2011,7
54,2,18,474,2012,7.21
54,2,18,474,2013,7.56
54,2,18,474,2014,7.74
54,2,18,474,2015,8.35
54,2,18,474,2016,8.76
54,2,18,474,2017,9.11
54,2,19,474,1990,5.94
54,2,19,474,1991,6.96
54,2,19,474,1992,8.21
54,2,19,474,1993,9.66
54,2,19,474,1994,10.62
54,2,19,474,1995,11.22
54,2,19,474,1996,11.06
54,2,19,474,1997,11.54
54,2,19,474,1998,11.41
54,2,19,474,1999,11.39
54,2,19,474,2000,11.24
54,2,19,474,2001,11.46
54,2,19,474,2002,11.2
54,2,19,474,2003,11.18
54,2,19,474,2004,10.99
54,2,19,474,2005,10.84
54,2,19,474,2006,10.52
54,2,19,474,2007,10.32
54,2,19,474,2008,10.11
54,2,19,474,2009,10.31
54,2,19,474,2010,10.09
54,2,19,474,2011,10.05
54,2,19,474,2012,10.12
54,2,19,474,2013,10.3
54,2,19,474,2014,10.33
54,2,19,474,2015,10.53
54,2,19,474,2016,10.4
54,2,19,474,2017,10.66
54,2,20,474,1990,10.7
54,2,20,474,1991,10.09
54,2,20,474,1992,8.94
54,2,20,474,1993,7.76
54,2,20,474,1994,7.16
54,2,20,474,1995,7.89
54,2,20,474,1996,9.24
54,2,20,474,1997,11.63
54,2,20,474,1998,13.71
54,2,20,474,1999,15.03
54,2,20,474,2000,14.85
54,2,20,474,2001,14.87
54,2,20,474,2002,14.31
54,2,20,474,2003,14.24
54,2,20,474,2004,14.14
54,2,20,474,2005,14.3
54,2,20,474,2006,14.46
54,2,20,474,2007,14.85
54,2,20,474,2008,14.76
54,2,20,474,2009,15.18
54,2,20,474,2010,15.13
54,2,20,474,2011,15.07
54,2,20,474,2012,14.76
54,2,20,474,2013,14.61
54,2,20,474,2014,14.51
54,2,20,474,2015,14.67
54,2,20,474,2016,14.14
54,2,20,474,2017,14.21
54,2,22,474,1990,52.71
54,2,22,474,1991,53.72
54,2,22,474,1992,53.52
54,2,22,474,1993,53.85
54,2,22,474,1994,54.45
54,2,22,474,1995,57.21
54,2,22,474,1996,57.12
54,2,22,474,1997,60.18
54,2,22,474,1998,60.78
54,2,22,474,1999,61.41
54,2,22,474,2000,60.99
54,2,22,474,2001,62.75
54,2,22,474,2002,62.71
54,2,22,474,2003,64.47
54,2,22,474,2004,65.86
54,2,22,474,2005,67.9
54,2,22,474,2006,69.41
54,2,22,474,2007,72.08
54,2,22,474,2008,72.86
54,2,22,474,2009,76.59
54,2,22,474,2010,77.56
54,2,22,474,2011,79.53
54,2,22,474,2012,80.99
54,2,22,474,2013,82.36
54,2,22,474,2014,82.75
54,2,22,474,2015,85.11
54,2,22,474,2016,83.52
54,2,22,474,2017,83.7
54,2,30,474,1990,11.95
54,2,30,474,1991,12.17
54,2,30,474,1992,12.16
54,2,30,474,1993,12.22
54,2,30,474,1994,12.28
54,2,30,474,1995,12.42
54,2,30,474,1996,11.2
54,2,30,474,1997,10.2
54,2,30,474,1998,8.73
54,2,30,474,1999,8.05
54,2,30,474,2000,8.51
54,2,30,474,2001,9.9
54,2,30,474,2002,11.48
54,2,30,474,2003,13.58
54,2,30,474,2004,14.94
54,2,30,474,2005,15.5
54,2,30,474,2006,15.63
54,2,30,474,2007,15.77
54,2,30,474,2008,15.48
54,2,30,474,2009,16.14
54,2,30,474,2010,16.37
54,2,30,474,2011,16.65
54,2,30,474,2012,16.81
54,2,30,474,2013,17
54,2,30,474,2014,16.74
54,2,30,474,2015,16.88
54,2,30,474,2016,16.04
54,2,30,474,2017,15.68
54,2,31,474,1990,5.2
54,2,31,474,1991,5.2
54,2,31,474,1992,5.19
54,2,31,474,1993,5.37
54,2,31,474,1994,5.69
54,2,31,474,1995,6.27
54,2,31,474,1996,6.56
54,2,31,474,1997,6.92
54,2,31,474,1998,6.88
54,2,31,474,1999,6.9
54,2,31,474,2000,6.81
54,2,31,474,2001,6.42
54,2,31,474,2002,5.66
54,2,31,474,2003,5.05
54,2,31,474,2004,5.01
54,2,31,474,2005,5.98
54,2,31,474,2006,7.46
54,2,31,474,2007,9.28
54,2,31,474,2008,10.89
54,2,31,474,2009,12.43
54,2,31,474,2010,12.94
54,2,31,474,2011,13.4
54,2,31,474,2012,13.57
54,2,31,474,2013,13.5
54,2,31,474,2014,13.57
54,2,31,474,2015,14.18
54,2,31,474,2016,14.14
54,2,31,474,2017,14.22
54,2,32,474,1990,1.44
54,2,32,474,1991,1.56
54,2,32,474,1992,1.67
54,2,32,474,1993,1.8
54,2,32,474,1994,1.94
54,2,32,474,1995,2.11
54,2,32,474,1996,2.17
54,2,32,474,1997,2.34
54,2,32,474,1998,2.53
54,2,32,474,1999,2.7
54,2,32,474,2000,2.84
54,2,32,474,2001,2.97
54,2,32,474,2002,3.02
54,2,32,474,2003,3.13
54,2,32,474,2004,3.22
54,2,32,474,2005,3.3
54,2,32,474,2006,3.05
54,2,32,474,2007,2.75
54,2,32,474,2008,2.46
54,2,32,474,2009,2.58
54,2,32,474,2010,3.09
54,2,32,474,2011,3.84
54,2,32,474,2012,4.72
54,2,32,474,2013,5.47
54,2,32,474,2014,5.86
54,2,32,474,2015,6.07
54,2,32,474,2016,6.09
54,2,32,474,2017,6.09
54,2,235,474,1990,0.21
54,2,235,474,1991,0.24
54,2,235,474,1992,0.27
54,2,235,474,1993,0.3
54,2,235,474,1994,0.33
54,2,235,474,1995,0.38
54,2,235,474,1996,0.41
54,2,235,474,1997,0.46
54,2,235,474,1998,0.51
54,2,235,474,1999,0.54
54,2,235,474,2000,0.57
54,2,235,474,2001,0.59
54,2,235,474,2002,0.61
54,2,235,474,2003,0.65
54,2,235,474,2004,0.69
54,2,235,474,2005,0.74
54,2,235,474,2006,0.76
54,2,235,474,2007,0.79
54,2,235,474,2008,0.83
54,2,235,474,2009,0.87
54,2,235,474,2010,0.88
54,2,235,474,2011,0.84
54,2,235,474,2012,0.79
54,2,235,474,2013,0.75
54,2,235,474,2014,0.81
54,2,235,474,2015,0.95
54,2,235,474,2016,1.1
54,2,235,474,2017,1.24
55,2,8,474,1990,0.01
55,2,8,474,1991,0.01
55,2,8,474,1992,0.01
55,2,8,474,1993,0.01
55,2,8,474,1994,0.01
55,2,8,474,1995,0.01
55,2,8,474,1996,0.01
55,2,8,474,1997,0.01
55,2,8,474,1998,0.01
55,2,8,474,1999,0.01
55,2,8,474,2000,0.01
55,2,8,474,2001,0.01
55,2,8,474,2002,0.01
55,2,8,474,2003,0.01
55,2,8,474,2004,0.01
55,2,8,474,2005,0.01
55,2,8,474,2006,0.01
55,2,8,474,2007,0.01
55,2,8,474,2008,0.01
55,2,8,474,2009,0.01
55,2,8,474,2010,0
55,2,8,474,2011,0
55,2,8,474,2012,0.01
55,2,8,474,2013,0.01
55,2,8,474,2014,0.01
55,2,8,474,2015,0
55,2,8,474,2016,0
55,2,8,474,2017,0
55,2,9,474,1990,0.01
55,2,9,474,1991,0.01
55,2,9,474,1992,0.01
55,2,9,474,1993,0.01
55,2,9,474,1994,0.01
55,2,9,474,1995,0.01
55,2,9,474,1996,0.01
55,2,9,474,1997,0.01
55,2,9,474,1998,0.01
55,2,9,474,1999,0.01
55,2,9,474,2000,0.01
55,2,9,474,2001,0.01
55,2,9,474,2002,0.01
55,2,9,474,2003,0.01
55,2,9,474,2004,0.01
55,2,9,474,2005,0.01
55,2,9,474,2006,0.01
55,2,9,474,2007,0.01
55,2,9,474,2008,0.01
55,2,9,474,2009,0.01
55,2,9,474,2010,0
55,2,9,474,2011,0.01
55,2,9,474,2012,0.01
55,2,9,474,2013,0.01
55,2,9,474,2014,0.01
55,2,9,474,2015,0.01
55,2,9,474,2016,0.01
55,2,9,474,2017,0
55,2,10,474,1990,0.01
55,2,10,474,1991,0.01
55,2,10,474,1992,0.01
55,2,10,474,1993,0.01
55,2,10,474,1994,0.01
55,2,10,474,1995,0.01
55,2,10,474,1996,0.01
55,2,10,474,1997,0.01
55,2,10,474,1998,0.01
55,2,10,474,1999,0.01
55,2,10,474,2000,0.01
55,2,10,474,2001,0.01
55,2,10,474,2002,0.01
55,2,10,474,2003,0.01
55,2,10,474,2004,0.01
55,2,10,474,2005,0.01
55,2,10,474,2006,0.01
55,2,10,474,2007,0.01
55,2,10,474,2008,0.01
55,2,10,474,2009,0.01
55,2,10,474,2010,0.01
55,2,10,474,2011,0.01
55,2,10,474,2012,0.01
55,2,10,474,2013,0.01
55,2,10,474,2014,0.01
55,2,10,474,2015,0.01
55,2,10,474,2016,0.01
55,2,10,474,2017,0.01
55,2,11,474,1990,0.05
55,2,11,474,1991,0.04
55,2,11,474,1992,0.05
55,2,11,474,1993,0.05
55,2,11,474,1994,0.05
55,2,11,474,1995,0.05
55,2,11,474,1996,0.05
55,2,11,474,1997,0.04
55,2,11,474,1998,0.04
55,2,11,474,1999,0.04
55,2,11,474,2000,0.04
55,2,11,474,2001,0.04
55,2,11,474,2002,0.04
55,2,11,474,2003,0.04
55,2,11,474,2004,0.04
55,2,11,474,2005,0.04
55,2,11,474,2006,0.03
55,2,11,474,2007,0.03
55,2,11,474,2008,0.04
55,2,11,474,2009,0.04
55,2,11,474,2010,0.03
55,2,11,474,2011,0.03
55,2,11,474,2012,0.03
55,2,11,474,2013,0.03
55,2,11,474,2014,0.03
55,2,11,474,2015,0.03
55,2,11,474,2016,0.02
55,2,11,474,2017,0.02
55,2,12,474,1990,0.13
55,2,12,474,1991,0.14
55,2,12,474,1992,0.14
55,2,12,474,1993,0.14
55,2,12,474,1994,0.14
55,2,12,474,1995,0.13
55,2,12,474,1996,0.14
55,2,12,474,1997,0.13
55,2,12,474,1998,0.12
55,2,12,474,1999,0.11
55,2,12,474,2000,0.11
55,2,12,474,2001,0.11
55,2,12,474,2002,0.11
55,2,12,474,2003,0.11
55,2,12,474,2004,0.11
55,2,12,474,2005,0.09
55,2,12,474,2006,0.08
55,2,12,474,2007,0.08
55,2,12,474,2008,0.08
55,2,12,474,2009,0.09
55,2,12,474,2010,0.09
55,2,12,474,2011,0.09
55,2,12,474,2012,0.09
55,2,12,474,2013,0.09
55,2,12,474,2014,0.08
55,2,12,474,2015,0.08
55,2,12,474,2016,0.08
55,2,12,474,2017,0.08
55,2,13,474,1990,0.2
55,2,13,474,1991,0.23
55,2,13,474,1992,0.24
55,2,13,474,1993,0.26
55,2,13,474,1994,0.27
55,2,13,474,1995,0.25
55,2,13,474,1996,0.25
55,2,13,474,1997,0.25
55,2,13,474,1998,0.26
55,2,13,474,1999,0.25
55,2,13,474,2000,0.22
55,2,13,474,2001,0.21
55,2,13,474,2002,0.21
55,2,13,474,2003,0.23
55,2,13,474,2004,0.22
55,2,13,474,2005,0.2
55,2,13,474,2006,0.18
55,2,13,474,2007,0.18
55,2,13,474,2008,0.18
55,2,13,474,2009,0.19
55,2,13,474,2010,0.19
55,2,13,474,2011,0.19
55,2,13,474,2012,0.18
55,2,13,474,2013,0.15
55,2,13,474,2014,0.14
55,2,13,474,2015,0.15
55,2,13,474,2016,0.14
55,2,13,474,2017,0.15
55,2,14,474,1990,0.32
55,2,14,474,1991,0.33
55,2,14,474,1992,0.34
55,2,14,474,1993,0.33
55,2,14,474,1994,0.33
55,2,14,474,1995,0.35
55,2,14,474,1996,0.4
55,2,14,474,1997,0.38
55,2,14,474,1998,0.39
55,2,14,474,1999,0.41
55,2,14,474,2000,0.4
55,2,14,474,2001,0.39
55,2,14,474,2002,0.38
55,2,14,474,2003,0.38
55,2,14,474,2004,0.4
55,2,14,474,2005,0.36
55,2,14,474,2006,0.31
55,2,14,474,2007,0.32
55,2,14,474,2008,0.32
55,2,14,474,2009,0.32
55,2,14,474,2010,0.33
55,2,14,474,2011,0.34
55,2,14,474,2012,0.33
55,2,14,474,2013,0.3
55,2,14,474,2014,0.28
55,2,14,474,2015,0.28
55,2,14,474,2016,0.26
55,2,14,474,2017,0.26
55,2,15,474,1990,0.67
55,2,15,474,1991,0.73
55,2,15,474,1992,0.7
55,2,15,474,1993,0.71
55,2,15,474,1994,0.72
55,2,15,474,1995,0.7
55,2,15,474,1996,0.7
55,2,15,474,1997,0.65
55,2,15,474,1998,0.67
55,2,15,474,1999,0.72
55,2,15,474,2000,0.74
55,2,15,474,2001,0.81
55,2,15,474,2002,0.8
55,2,15,474,2003,0.86
55,2,15,474,2004,0.94
55,2,15,474,2005,0.94
55,2,15,474,2006,0.89
55,2,15,474,2007,0.88
55,2,15,474,2008,0.89
55,2,15,474,2009,0.87
55,2,15,474,2010,0.84
55,2,15,474,2011,0.83
55,2,15,474,2012,0.84
55,2,15,474,2013,0.78
55,2,15,474,2014,0.73
55,2,15,474,2015,0.75
55,2,15,474,2016,0.72
55,2,15,474,2017,0.72
55,2,16,474,1990,1.25
55,2,16,474,1991,1.27
55,2,16,474,1992,1.22
55,2,16,474,1993,1.22
55,2,16,474,1994,1.18
55,2,16,474,1995,1.1
55,2,16,474,1996,1.16
55,2,16,474,1997,1.11
55,2,16,474,1998,1.09
55,2,16,474,1999,1.09
55,2,16,474,2000,1.05
55,2,16,474,2001,1.07
55,2,16,474,2002,1.03
55,2,16,474,2003,1.1
55,2,16,474,2004,1.15
55,2,16,474,2005,1.2
55,2,16,474,2006,1.24
55,2,16,474,2007,1.32
55,2,16,474,2008,1.39
55,2,16,474,2009,1.44
55,2,16,474,2010,1.48
55,2,16,474,2011,1.45
55,2,16,474,2012,1.5
55,2,16,474,2013,1.44
55,2,16,474,2014,1.32
55,2,16,474,2015,1.32
55,2,16,474,2016,1.24
55,2,16,474,2017,1.22
55,2,17,474,1990,2.07
55,2,17,474,1991,2.22
55,2,17,474,1992,2.3
55,2,17,474,1993,2.36
55,2,17,474,1994,2.29
55,2,17,474,1995,2.19
55,2,17,474,1996,2.19
55,2,17,474,1997,2.04
55,2,17,474,1998,1.96
55,2,17,474,1999,1.95
55,2,17,474,2000,1.85
55,2,17,474,2001,1.81
55,2,17,474,2002,1.7
55,2,17,474,2003,1.78
55,2,17,474,2004,1.79
55,2,17,474,2005,1.79
55,2,17,474,2006,1.66
55,2,17,474,2007,1.64
55,2,17,474,2008,1.63
55,2,17,474,2009,1.65
55,2,17,474,2010,1.76
55,2,17,474,2011,1.99
55,2,17,474,2012,2.17
55,2,17,474,2013,2.18
55,2,17,474,2014,2.09
55,2,17,474,2015,2.12
55,2,17,474,2016,2.04
55,2,17,474,2017,2.04
55,2,18,474,1990,3.08
55,2,18,474,1991,3.33
55,2,18,474,1992,3.3
55,2,18,474,1993,3.31
55,2,18,474,1994,3.49
55,2,18,474,1995,3.48
55,2,18,474,1996,3.66
55,2,18,474,1997,3.54
55,2,18,474,1998,3.61
55,2,18,474,1999,3.64
55,2,18,474,2000,3.45
55,2,18,474,2001,3.34
55,2,18,474,2002,3.2
55,2,18,474,2003,3.23
55,2,18,474,2004,3.07
55,2,18,474,2005,2.94
55,2,18,474,2006,2.75
55,2,18,474,2007,2.73
55,2,18,474,2008,2.75
55,2,18,474,2009,2.8
55,2,18,474,2010,2.8
55,2,18,474,2011,2.68
55,2,18,474,2012,2.71
55,2,18,474,2013,2.63
55,2,18,474,2014,2.5
55,2,18,474,2015,2.65
55,2,18,474,2016,2.79
55,2,18,474,2017,2.88
55,2,19,474,1990,2.7
55,2,19,474,1991,3.13
55,2,19,474,1992,3.48
55,2,19,474,1993,3.96
55,2,19,474,1994,4.59
55,2,19,474,1995,4.64
55,2,19,474,1996,5.02
55,2,19,474,1997,5.15
55,2,19,474,1998,5.29
55,2,19,474,1999,5.46
55,2,19,474,2000,5.24
55,2,19,474,2001,5.37
55,2,19,474,2002,5.41
55,2,19,474,2003,5.69
55,2,19,474,2004,5.6
55,2,19,474,2005,5.5
55,2,19,474,2006,5.14
55,2,19,474,2007,5.08
55,2,19,474,2008,4.87
55,2,19,474,2009,4.76
55,2,19,474,2010,4.58
55,2,19,474,2011,4.41
55,2,19,474,2012,4.57
55,2,19,474,2013,4.61
55,2,19,474,2014,4.3
55,2,19,474,2015,4.22
55,2,19,474,2016,3.91
55,2,19,474,2017,3.91
55,2,20,474,1990,6.61
55,2,20,474,1991,6.25
55,2,20,474,1992,5.53
55,2,20,474,1993,4.91
55,2,20,474,1994,4.45
55,2,20,474,1995,4.06
55,2,20,474,1996,4.72
55,2,20,474,1997,5.6
55,2,20,474,1998,6.32
55,2,20,474,1999,6.92
55,2,20,474,2000,7.06
55,2,20,474,2001,7.4
55,2,20,474,2002,7.68
55,2,20,474,2003,8.08
55,2,20,474,2004,8.18
55,2,20,474,2005,8.26
55,2,20,474,2006,8.08
55,2,20,474,2007,8.24
55,2,20,474,2008,8.44
55,2,20,474,2009,8.57
55,2,20,474,2010,8.55
55,2,20,474,2011,8.18
55,2,20,474,2012,8.11
55,2,20,474,2013,7.66
55,2,20,474,2014,7.21
55,2,20,474,2015,7.34
55,2,20,474,2016,7.08
55,2,20,474,2017,6.99
55,2,22,474,1990,26.81
55,2,22,474,1991,28.3
55,2,22,474,1992,28.71
55,2,22,474,1993,29.59
55,2,22,474,1994,30.25
55,2,22,474,1995,29.82
55,2,22,474,1996,31.73
55,2,22,474,1997,32.37
55,2,22,474,1998,32.35
55,2,22,474,1999,32.79
55,2,22,474,2000,32.47
55,2,22,474,2001,33.76
55,2,22,474,2002,34.79
55,2,22,474,2003,36.97
55,2,22,474,2004,37.97
55,2,22,474,2005,39.07
55,2,22,474,2006,38.73
55,2,22,474,2007,40.2
55,2,22,474,2008,41.79
55,2,22,474,2009,43.27
55,2,22,474,2010,44.09
55,2,22,474,2011,44.07
55,2,22,474,2012,45.89
55,2,22,474,2013,45.92
55,2,22,474,2014,44.22
55,2,22,474,2015,45.26
55,2,22,474,2016,44.44
55,2,22,474,2017,44.76
55,2,30,474,1990,5.81
55,2,30,474,1991,6.24
55,2,30,474,1992,6.5
55,2,30,474,1993,6.97
55,2,30,474,1994,7.01
55,2,30,474,1995,6.84
55,2,30,474,1996,6.84
55,2,30,474,1997,6.27
55,2,30,474,1998,5.32
55,2,30,474,1999,4.57
55,2,30,474,2000,4.47
55,2,30,474,2001,5.52
55,2,30,474,2002,6.73
55,2,30,474,2003,8.04
55,2,30,474,2004,9.3
55,2,30,474,2005,9.94
55,2,30,474,2006,10.1
55,2,30,474,2007,10.43
55,2,30,474,2008,10.74
55,2,30,474,2009,11.07
55,2,30,474,2010,11.15
55,2,30,474,2011,11.09
55,2,30,474,2012,11.33
55,2,30,474,2013,11.23
55,2,30,474,2014,10.75
55,2,30,474,2015,10.9
55,2,30,474,2016,10.43
55,2,30,474,2017,10.33
55,2,31,474,1990,3.07
55,2,31,474,1991,3.42
55,2,31,474,1992,3.82
55,2,31,474,1993,4.2
55,2,31,474,1994,4.46
55,2,31,474,1995,4.65
55,2,31,474,1996,5.08
55,2,31,474,1997,5.41
55,2,31,474,1998,5.45
55,2,31,474,1999,5.6
55,2,31,474,2000,5.63
55,2,31,474,2001,5.31
55,2,31,474,2002,4.88
55,2,31,474,2003,4.43
55,2,31,474,2004,3.98
55,2,31,474,2005,4.28
55,2,31,474,2006,4.9
55,2,31,474,2007,6.06
55,2,31,474,2008,7.38
55,2,31,474,2009,8.49
55,2,31,474,2010,9.06
55,2,31,474,2011,9.3
55,2,31,474,2012,9.91
55,2,31,474,2013,10.21
55,2,31,474,2014,9.87
55,2,31,474,2015,9.96
55,2,31,474,2016,9.97
55,2,31,474,2017,10.05
55,2,32,474,1990,0.74
55,2,32,474,1991,0.86
55,2,32,474,1992,0.94
55,2,32,474,1993,1.02
55,2,32,474,1994,1.1
55,2,32,474,1995,1.16
55,2,32,474,1996,1.29
55,2,32,474,1997,1.54
55,2,32,474,1998,1.57
55,2,32,474,1999,1.72
55,2,32,474,2000,1.86
55,2,32,474,2001,2.01
55,2,32,474,2002,2.19
55,2,32,474,2003,2.52
55,2,32,474,2004,2.68
55,2,32,474,2005,2.93
55,2,32,474,2006,2.72
55,2,32,474,2007,2.5
55,2,32,474,2008,2.27
55,2,32,474,2009,2.11
55,2,32,474,2010,2.31
55,2,32,474,2011,2.64
55,2,32,474,2012,3.31
55,2,32,474,2013,3.85
55,2,32,474,2014,4.2
55,2,32,474,2015,4.61
55,2,32,474,2016,4.77
55,2,32,474,2017,4.98
55,2,235,474,1990,0.08
55,2,235,474,1991,0.1
55,2,235,474,1992,0.11
55,2,235,474,1993,0.13
55,2,235,474,1994,0.14
55,2,235,474,1995,0.17
55,2,235,474,1996,0.2
55,2,235,474,1997,0.24
55,2,235,474,1998,0.25
55,2,235,474,1999,0.28
55,2,235,474,2000,0.31
55,2,235,474,2001,0.34
55,2,235,474,2002,0.4
55,2,235,474,2003,0.45
55,2,235,474,2004,0.5
55,2,235,474,2005,0.59
55,2,235,474,2006,0.63
55,2,235,474,2007,0.69
55,2,235,474,2008,0.79
55,2,235,474,2009,0.86
55,2,235,474,2010,0.92
55,2,235,474,2011,0.84
55,2,235,474,2012,0.79
55,2,235,474,2013,0.73
55,2,235,474,2014,0.71
55,2,235,474,2015,0.85
55,2,235,474,2016,0.96
55,2,235,474,2017,1.13
57,2,8,474,1990,0.04
57,2,8,474,1991,0.04
57,2,8,474,1992,0.04
57,2,8,474,1993,0.04
57,2,8,474,1994,0.04
57,2,8,474,1995,0.04
57,2,8,474,1996,0.04
57,2,8,474,1997,0.04
57,2,8,474,1998,0.04
57,2,8,474,1999,0.04
57,2,8,474,2000,0.04
57,2,8,474,2001,0.04
57,2,8,474,2002,0.04
57,2,8,474,2003,0.04
57,2,8,474,2004,0.04
57,2,8,474,2005,0.04
57,2,8,474,2006,0.04
57,2,8,474,2007,0.03
57,2,8,474,2008,0.03
57,2,8,474,2009,0.03
57,2,8,474,2010,0.03
57,2,8,474,2011,0.03
57,2,8,474,2012,0.03
57,2,8,474,2013,0.02
57,2,8,474,2014,0.02
57,2,8,474,2015,0.02
57,2,8,474,2016,0.02
57,2,8,474,2017,0.02
57,2,9,474,1990,0.04
57,2,9,474,1991,0.04
57,2,9,474,1992,0.04
57,2,9,474,1993,0.04
57,2,9,474,1994,0.04
57,2,9,474,1995,0.04
57,2,9,474,1996,0.04
57,2,9,474,1997,0.03
57,2,9,474,1998,0.03
57,2,9,474,1999,0.03
57,2,9,474,2000,0.03
57,2,9,474,2001,0.03
57,2,9,474,2002,0.04
57,2,9,474,2003,0.04
57,2,9,474,2004,0.04
57,2,9,474,2005,0.04
57,2,9,474,2006,0.04
57,2,9,474,2007,0.04
57,2,9,474,2008,0.04
57,2,9,474,2009,0.04
57,2,9,474,2010,0.04
57,2,9,474,2011,0.04
57,2,9,474,2012,0.03
57,2,9,474,2013,0.03
57,2,9,474,2014,0.03
57,2,9,474,2015,0.03
57,2,9,474,2016,0.02
57,2,9,474,2017,0.02
57,2,10,474,1990,0.06
57,2,10,474,1991,0.06
57,2,10,474,1992,0.06
57,2,10,474,1993,0.06
57,2,10,474,1994,0.05
57,2,10,474,1995,0.06
57,2,10,474,1996,0.05
57,2,10,474,1997,0.05
57,2,10,474,1998,0.04
57,2,10,474,1999,0.04
57,2,10,474,2000,0.04
57,2,10,474,2001,0.04
57,2,10,474,2002,0.04
57,2,10,474,2003,0.03
57,2,10,474,2004,0.04
57,2,10,474,2005,0.04
57,2,10,474,2006,0.04
57,2,10,474,2007,0.04
57,2,10,474,2008,0.04
57,2,10,474,2009,0.04
57,2,10,474,2010,0.04
57,2,10,474,2011,0.04
57,2,10,474,2012,0.04
57,2,10,474,2013,0.04
57,2,10,474,2014,0.04
57,2,10,474,2015,0.04
57,2,10,474,2016,0.03
57,2,10,474,2017,0.03
57,2,11,474,1990,0.12
57,2,11,474,1991,0.12
57,2,11,474,1992,0.12
57,2,11,474,1993,0.13
57,2,11,474,1994,0.12
57,2,11,474,1995,0.13
57,2,11,474,1996,0.11
57,2,11,474,1997,0.1
57,2,11,474,1998,0.09
57,2,11,474,1999,0.09
57,2,11,474,2000,0.09
57,2,11,474,2001,0.07
57,2,11,474,2002,0.07
57,2,11,474,2003,0.07
57,2,11,474,2004,0.07
57,2,11,474,2005,0.08
57,2,11,474,2006,0.06
57,2,11,474,2007,0.05
57,2,11,474,2008,0.05
57,2,11,474,2009,0.06
57,2,11,474,2010,0.06
57,2,11,474,2011,0.06
57,2,11,474,2012,0.05
57,2,11,474,2013,0.05
57,2,11,474,2014,0.04
57,2,11,474,2015,0.04
57,2,11,474,2016,0.04
57,2,11,474,2017,0.04
57,2,12,474,1990,0.25
57,2,12,474,1991,0.26
57,2,12,474,1992,0.28
57,2,12,474,1993,0.31
57,2,12,474,1994,0.32
57,2,12,474,1995,0.35
57,2,12,474,1996,0.35
57,2,12,474,1997,0.36
57,2,12,474,1998,0.36
57,2,12,474,1999,0.37
57,2,12,474,2000,0.33
57,2,12,474,2001,0.34
57,2,12,474,2002,0.35
57,2,12,474,2003,0.35
57,2,12,474,2004,0.34
57,2,12,474,2005,0.32
57,2,12,474,2006,0.31
57,2,12,474,2007,0.28
57,2,12,474,2008,0.28
57,2,12,474,2009,0.29
57,2,12,474,2010,0.29
57,2,12,474,2011,0.29
57,2,12,474,2012,0.26
57,2,12,474,2013,0.25
57,2,12,474,2014,0.23
57,2,12,474,2015,0.22
57,2,12,474,2016,0.23
57,2,12,474,2017,0.24
57,2,13,474,1990,0.46
57,2,13,474,1991,0.5
57,2,13,474,1992,0.57
57,2,13,474,1993,0.64
57,2,13,474,1994,0.65
57,2,13,474,1995,0.67
57,2,13,474,1996,0.68
57,2,13,474,1997,0.72
57,2,13,474,1998,0.76
57,2,13,474,1999,0.81
57,2,13,474,2000,0.77
57,2,13,474,2001,0.83
57,2,13,474,2002,0.92
57,2,13,474,2003,0.9
57,2,13,474,2004,0.84
57,2,13,474,2005,0.8
57,2,13,474,2006,0.72
57,2,13,474,2007,0.64
57,2,13,474,2008,0.6
57,2,13,474,2009,0.61
57,2,13,474,2010,0.62
57,2,13,474,2011,0.62
57,2,13,474,2012,0.54
57,2,13,474,2013,0.52
57,2,13,474,2014,0.52
57,2,13,474,2015,0.47
57,2,13,474,2016,0.47
57,2,13,474,2017,0.47
57,2,14,474,1990,0.75
57,2,14,474,1991,0.67
57,2,14,474,1992,0.7
57,2,14,474,1993,0.84
57,2,14,474,1994,0.96
57,2,14,474,1995,1.09
57,2,14,474,1996,1.17
57,2,14,474,1997,1.23
57,2,14,474,1998,1.27
57,2,14,474,1999,1.28
57,2,14,474,2000,1.23
57,2,14,474,2001,1.3
57,2,14,474,2002,1.45
57,2,14,474,2003,1.45
57,2,14,474,2004,1.41
57,2,14,474,2005,1.4
57,2,14,474,2006,1.27
57,2,14,474,2007,1.17
57,2,14,474,2008,1.15
57,2,14,474,2009,1.12
57,2,14,474,2010,1.09
57,2,14,474,2011,1
57,2,14,474,2012,0.86
57,2,14,474,2013,0.8
57,2,14,474,2014,0.74
57,2,14,474,2015,0.68
57,2,14,474,2016,0.69
57,2,14,474,2017,0.7
57,2,15,474,1990,1.93
57,2,15,474,1991,1.93
57,2,15,474,1992,1.93
57,2,15,474,1993,1.9
57,2,15,474,1994,1.73
57,2,15,474,1995,1.67
57,2,15,474,1996,1.49
57,2,15,474,1997,1.49
57,2,15,474,1998,1.63
57,2,15,474,1999,1.87
57,2,15,474,2000,1.89
57,2,15,474,2001,2.18
57,2,15,474,2002,2.43
57,2,15,474,2003,2.46
57,2,15,474,2004,2.32
57,2,15,474,2005,2.32
57,2,15,474,2006,2.18
57,2,15,474,2007,2.1
57,2,15,474,2008,2.22
57,2,15,474,2009,2.32
57,2,15,474,2010,2.31
57,2,15,474,2011,2.26
57,2,15,474,2012,1.92
57,2,15,474,2013,1.77
57,2,15,474,2014,1.7
57,2,15,474,2015,1.54
57,2,15,474,2016,1.48
57,2,15,474,2017,1.45
57,2,16,474,1990,3.25
57,2,16,474,1991,3.32
57,2,16,474,1992,3.53
57,2,16,474,1993,3.8
57,2,16,474,1994,4.02
57,2,16,474,1995,4.28
57,2,16,474,1996,4.09
57,2,16,474,1997,3.91
57,2,16,474,1998,3.57
57,2,16,474,1999,3.19
57,2,16,474,2000,2.76
57,2,16,474,2001,2.68
57,2,16,474,2002,2.86
57,2,16,474,2003,2.94
57,2,16,474,2004,3.06
57,2,16,474,2005,3.36
57,2,16,474,2006,3.4
57,2,16,474,2007,3.2
57,2,16,474,2008,3.11
57,2,16,474,2009,3.24
57,2,16,474,2010,3.37
57,2,16,474,2011,3.29
57,2,16,474,2012,2.87
57,2,16,474,2013,2.77
57,2,16,474,2014,2.67
57,2,16,474,2015,2.59
57,2,16,474,2016,2.66
57,2,16,474,2017,2.71
57,2,17,474,1990,6.49
57,2,17,474,1991,6.6
57,2,17,474,1992,6.76
57,2,17,474,1993,7.14
57,2,17,474,1994,6.93
57,2,17,474,1995,7.07
57,2,17,474,1996,6.69
57,2,17,474,1997,6.78
57,2,17,474,1998,6.82
57,2,17,474,1999,7.13
57,2,17,474,2000,6.83
57,2,17,474,2001,6.71
57,2,17,474,2002,6.61
57,2,17,474,2003,5.96
57,2,17,474,2004,4.99
57,2,17,474,2005,4.53
57,2,17,474,2006,3.71
57,2,17,474,2007,3.41
57,2,17,474,2008,3.6
57,2,17,474,2009,4.26
57,2,17,474,2010,4.73
57,2,17,474,2011,5.12
57,2,17,474,2012,4.61
57,2,17,474,2013,4.36
57,2,17,474,2014,4.18
57,2,17,474,2015,4.08
57,2,17,474,2016,4.18
57,2,17,474,2017,4.35
57,2,18,474,1990,9.26
57,2,18,474,1991,10.11
57,2,18,474,1992,11.03
57,2,18,474,1993,11.76
57,2,18,474,1994,12.01
57,2,18,474,1995,12.46
57,2,18,474,1996,12.08
57,2,18,474,1997,11.76
57,2,18,474,1998,11.55
57,2,18,474,1999,11.11
57,2,18,474,2000,10.35
57,2,18,474,2001,10.22
57,2,18,474,2002,10.57
57,2,18,474,2003,10.25
57,2,18,474,2004,10.1
57,2,18,474,2005,10.23
57,2,18,474,2006,9.21
57,2,18,474,2007,8.07
57,2,18,474,2008,7.09
57,2,18,474,2009,6.48
57,2,18,474,2010,5.82
57,2,18,474,2011,5.11
57,2,18,474,2012,4.65
57,2,18,474,2013,4.9
57,2,18,474,2014,5.24
57,2,18,474,2015,5.7
57,2,18,474,2016,6.25
57,2,18,474,2017,6.56
57,2,19,474,1990,9.69
57,2,19,474,1991,10.23
57,2,19,474,1992,11.23
57,2,19,474,1993,13.74
57,2,19,474,1994,14.88
57,2,19,474,1995,16.7
57,2,19,474,1996,17.69
57,2,19,474,1997,19.36
57,2,19,474,1998,19.95
57,2,19,474,1999,20.95
57,2,19,474,2000,20.16
57,2,19,474,2001,20.97
57,2,19,474,2002,21.68
57,2,19,474,2003,20.58
57,2,19,474,2004,18.19
57,2,19,474,2005,17.07
57,2,19,474,2006,15.37
57,2,19,474,2007,14.12
57,2,19,474,2008,14.17
57,2,19,474,2009,14.88
57,2,19,474,2010,14.9
57,2,19,474,2011,14.08
57,2,19,474,2012,11.91
57,2,19,474,2013,10.42
57,2,19,474,2014,8.89
57,2,19,474,2015,7.88
57,2,19,474,2016,7.31
57,2,19,474,2017,7.52
57,2,20,474,1990,16
57,2,20,474,1991,15.11
57,2,20,474,1992,14.44
57,2,20,474,1993,13.75
57,2,20,474,1994,13.45
57,2,20,474,1995,13.06
57,2,20,474,1996,13.4
57,2,20,474,1997,14.16
57,2,20,474,1998,15.98
57,2,20,474,1999,17.54
57,2,20,474,2000,18.34
57,2,20,474,2001,19.81
57,2,20,474,2002,21.9
57,2,20,474,2003,19.7
57,2,20,474,2004,20.11
57,2,20,474,2005,20.37
57,2,20,474,2006,19.31
57,2,20,474,2007,17.9
57,2,20,474,2008,17.9
57,2,20,474,2009,17.62
57,2,20,474,2010,17
57,2,20,474,2011,16.19
57,2,20,474,2012,15.64
57,2,20,474,2013,16.05
57,2,20,474,2014,15.75
57,2,20,474,2015,15.78
57,2,20,474,2016,15.67
57,2,20,474,2017,15.02
57,2,22,474,1990,77.67
57,2,22,474,1991,80.15
57,2,22,474,1992,82.52
57,2,22,474,1993,88.28
57,2,22,474,1994,89.4
57,2,22,474,1995,92.11
57,2,22,474,1996,91.21
57,2,22,474,1997,92.33
57,2,22,474,1998,92.81
57,2,22,474,1999,94.92
57,2,22,474,2000,90.73
57,2,22,474,2001,94.28
57,2,22,474,2002,99.32
57,2,22,474,2003,95.04
57,2,22,474,2004,92.56
57,2,22,474,2005,92.91
57,2,22,474,2006,88.16
57,2,22,474,2007,83.53
57,2,22,474,2008,83
57,2,22,474,2009,86.77
57,2,22,474,2010,87.81
57,2,22,474,2011,85.69
57,2,22,474,2012,80.56
57,2,22,474,2013,80.6
57,2,22,474,2014,77.79
57,2,22,474,2015,77.35
57,2,22,474,2016,79.02
57,2,22,474,2017,80.56
57,2,30,474,1990,16.15
57,2,30,474,1991,17.23
57,2,30,474,1992,17.4
57,2,30,474,1993,18.87
57,2,30,474,1994,18.71
57,2,30,474,1995,18.95
57,2,30,474,1996,17.1
57,2,30,474,1997,16
57,2,30,474,1998,14.21
57,2,30,474,1999,14.04
57,2,30,474,2000,12.54
57,2,30,474,2001,13.48
57,2,30,474,2002,14.85
57,2,30,474,2003,16.28
57,2,30,474,2004,17.51
57,2,30,474,2005,19.28
57,2,30,474,2006,19.6
57,2,30,474,2007,19.98
57,2,30,474,2008,19.68
57,2,30,474,2009,21.11
57,2,30,474,2010,21.74
57,2,30,474,2011,21.08
57,2,30,474,2012,19.87
57,2,30,474,2013,20.3
57,2,30,474,2014,18.54
57,2,30,474,2015,17.95
57,2,30,474,2016,18.29
57,2,30,474,2017,19.28
57,2,31,474,1990,8.42
57,2,31,474,1991,8.75
57,2,31,474,1992,8.85
57,2,31,474,1993,9.18
57,2,31,474,1994,9.25
57,2,31,474,1995,9.19
57,2,31,474,1996,9.72
57,2,31,474,1997,9.63
57,2,31,474,1998,9.82
57,2,31,474,1999,9.73
57,2,31,474,2000,9.17
57,2,31,474,2001,8.84
57,2,31,474,2002,8.59
57,2,31,474,2003,7.38
57,2,31,474,2004,7.48
57,2,31,474,2005,7.38
57,2,31,474,2006,7.51
57,2,31,474,2007,7.39
57,2,31,474,2008,8.3
57,2,31,474,2009,9.72
57,2,31,474,2010,10.96
57,2,31,474,2011,11.54
57,2,31,474,2012,12.37
57,2,31,474,2013,12.81
57,2,31,474,2014,13.25
57,2,31,474,2015,13.89
57,2,31,474,2016,14.64
57,2,31,474,2017,14.66
57,2,32,474,1990,3.45
57,2,32,474,1991,3.79
57,2,32,474,1992,4.12
57,2,32,474,1993,4.61
57,2,32,474,1994,4.79
57,2,32,474,1995,4.92
57,2,32,474,1996,4.97
57,2,32,474,1997,5.09
57,2,32,474,1998,5.02
57,2,32,474,1999,5.03
57,2,32,474,2000,4.61
57,2,32,474,2001,5.07
57,2,32,474,2002,5.16
57,2,32,474,2003,4.98
57,2,32,474,2004,4.54
57,2,32,474,2005,4.32
57,2,32,474,2006,3.98
57,2,32,474,2007,3.72
57,2,32,474,2008,3.34
57,2,32,474,2009,3.53
57,2,32,474,2010,3.43
57,2,32,474,2011,3.63
57,2,32,474,2012,3.72
57,2,32,474,2013,4.39
57,2,32,474,2014,4.81
57,2,32,474,2015,5.34
57,2,32,474,2016,5.85
57,2,32,474,2017,6.3
57,2,235,474,1990,1.34
57,2,235,474,1991,1.39
57,2,235,474,1992,1.42
57,2,235,474,1993,1.47
57,2,235,474,1994,1.48
57,2,235,474,1995,1.46
57,2,235,474,1996,1.53
57,2,235,474,1997,1.63
57,2,235,474,1998,1.68
57,2,235,474,1999,1.65
57,2,235,474,2000,1.54
57,2,235,474,2001,1.68
57,2,235,474,2002,1.75
57,2,235,474,2003,1.62
57,2,235,474,2004,1.47
57,2,235,474,2005,1.34
57,2,235,474,2006,1.41
57,2,235,474,2007,1.38
57,2,235,474,2008,1.41
57,2,235,474,2009,1.42
57,2,235,474,2010,1.39
57,2,235,474,2011,1.31
57,2,235,474,2012,1.19
57,2,235,474,2013,1.12
57,2,235,474,2014,1.14
57,2,235,474,2015,1.11
57,2,235,474,2016,1.18
57,2,235,474,2017,1.18
58,2,8,474,1990,0.01
58,2,8,474,1991,0.01
58,2,8,474,1992,0.01
58,2,8,474,1993,0.01
58,2,8,474,1994,0.01
58,2,8,474,1995,0.01
58,2,8,474,1996,0.01
58,2,8,474,1997,0.01
58,2,8,474,1998,0.01
58,2,8,474,1999,0.01
58,2,8,474,2000,0.01
58,2,8,474,2001,0.01
58,2,8,474,2002,0.01
58,2,8,474,2003,0.01
58,2,8,474,2004,0.01
58,2,8,474,2005,0.01
58,2,8,474,2006,0.01
58,2,8,474,2007,0
58,2,8,474,2008,0.01
58,2,8,474,2009,0.01
58,2,8,474,2010,0
58,2,8,474,2011,0
58,2,8,474,2012,0
58,2,8,474,2013,0
58,2,8,474,2014,0
58,2,8,474,2015,0
58,2,8,474,2016,0
58,2,8,474,2017,0
58,2,9,474,1990,0.01
58,2,9,474,1991,0.01
58,2,9,474,1992,0.01
58,2,9,474,1993,0.01
58,2,9,474,1994,0.01
58,2,9,474,1995,0.01
58,2,9,474,1996,0.01
58,2,9,474,1997,0.01
58,2,9,474,1998,0.01
58,2,9,474,1999,0.01
58,2,9,474,2000,0.01
58,2,9,474,2001,0.01
58,2,9,474,2002,0.01
58,2,9,474,2003,0.01
58,2,9,474,2004,0.01
58,2,9,474,2005,0.01
58,2,9,474,2006,0.01
58,2,9,474,2007,0.01
58,2,9,474,2008,0.01
58,2,9,474,2009,0
58,2,9,474,2010,0
58,2,9,474,2011,0
58,2,9,474,2012,0
58,2,9,474,2013,0
58,2,9,474,2014,0
58,2,9,474,2015,0
58,2,9,474,2016,0
58,2,9,474,2017,0
58,2,10,474,1990,0.02
58,2,10,474,1991,0.01
58,2,10,474,1992,0.01
58,2,10,474,1993,0.01
58,2,10,474,1994,0.01
58,2,10,474,1995,0.01
58,2,10,474,1996,0.01
58,2,10,474,1997,0.01
58,2,10,474,1998,0.01
58,2,10,474,1999,0.01
58,2,10,474,2000,0.01
58,2,10,474,2001,0
58,2,10,474,2002,0.01
58,2,10,474,2003,0
58,2,10,474,2004,0
58,2,10,474,2005,0
58,2,10,474,2006,0
58,2,10,474,2007,0
58,2,10,474,2008,0
58,2,10,474,2009,0
58,2,10,474,2010,0
58,2,10,474,2011,0
58,2,10,474,2012,0
58,2,10,474,2013,0
58,2,10,474,2014,0
58,2,10,474,2015,0
58,2,10,474,2016,0
58,2,10,474,2017,0
58,2,11,474,1990,0.03
58,2,11,474,1991,0.03
58,2,11,474,1992,0.02
58,2,11,474,1993,0.02
58,2,11,474,1994,0.02
58,2,11,474,1995,0.02
58,2,11,474,1996,0.02
58,2,11,474,1997,0.01
58,2,11,474,1998,0.01
58,2,11,474,1999,0.01
58,2,11,474,2000,0.01
58,2,11,474,2001,0.01
58,2,11,474,2002,0.01
58,2,11,474,2003,0.01
58,2,11,474,2004,0.01
58,2,11,474,2005,0.01
58,2,11,474,2006,0.01
58,2,11,474,2007,0.01
58,2,11,474,2008,0.01
58,2,11,474,2009,0.01
58,2,11,474,2010,0.01
58,2,11,474,2011,0.01
58,2,11,474,2012,0.01
58,2,11,474,2013,0.01
58,2,11,474,2014,0.01
58,2,11,474,2015,0.01
58,2,11,474,2016,0.01
58,2,11,474,2017,0.01
58,2,12,474,1990,0.06
58,2,12,474,1991,0.06
58,2,12,474,1992,0.06
58,2,12,474,1993,0.06
58,2,12,474,1994,0.07
58,2,12,474,1995,0.06
58,2,12,474,1996,0.06
58,2,12,474,1997,0.05
58,2,12,474,1998,0.05
58,2,12,474,1999,0.04
58,2,12,474,2000,0.04
58,2,12,474,2001,0.04
58,2,12,474,2002,0.03
58,2,12,474,2003,0.03
58,2,12,474,2004,0.03
58,2,12,474,2005,0.02
58,2,12,474,2006,0.02
58,2,12,474,2007,0.02
58,2,12,474,2008,0.02
58,2,12,474,2009,0.02
58,2,12,474,2010,0.02
58,2,12,474,2011,0.02
58,2,12,474,2012,0.02
58,2,12,474,2013,0.02
58,2,12,474,2014,0.02
58,2,12,474,2015,0.02
58,2,12,474,2016,0.02
58,2,12,474,2017,0.02
58,2,13,474,1990,0.14
58,2,13,474,1991,0.16
58,2,13,474,1992,0.17
58,2,13,474,1993,0.19
58,2,13,474,1994,0.2
58,2,13,474,1995,0.2
58,2,13,474,1996,0.17
58,2,13,474,1997,0.16
58,2,13,474,1998,0.17
58,2,13,474,1999,0.16
58,2,13,474,2000,0.16
58,2,13,474,2001,0.15
58,2,13,474,2002,0.15
58,2,13,474,2003,0.15
58,2,13,474,2004,0.14
58,2,13,474,2005,0.12
58,2,13,474,2006,0.11
58,2,13,474,2007,0.1
58,2,13,474,2008,0.09
58,2,13,474,2009,0.09
58,2,13,474,2010,0.08
58,2,13,474,2011,0.09
58,2,13,474,2012,0.08
58,2,13,474,2013,0.07
58,2,13,474,2014,0.06
58,2,13,474,2015,0.07
58,2,13,474,2016,0.07
58,2,13,474,2017,0.06
58,2,14,474,1990,0.23
58,2,14,474,1991,0.23
58,2,14,474,1992,0.22
58,2,14,474,1993,0.26
58,2,14,474,1994,0.3
58,2,14,474,1995,0.3
58,2,14,474,1996,0.28
58,2,14,474,1997,0.27
58,2,14,474,1998,0.27
58,2,14,474,1999,0.28
58,2,14,474,2000,0.29
58,2,14,474,2001,0.29
58,2,14,474,2002,0.26
58,2,14,474,2003,0.23
58,2,14,474,2004,0.22
58,2,14,474,2005,0.22
58,2,14,474,2006,0.21
58,2,14,474,2007,0.21
58,2,14,474,2008,0.19
58,2,14,474,2009,0.17
58,2,14,474,2010,0.16
58,2,14,474,2011,0.16
58,2,14,474,2012,0.15
58,2,14,474,2013,0.13
58,2,14,474,2014,0.12
58,2,14,474,2015,0.12
58,2,14,474,2016,0.12
58,2,14,474,2017,0.12
58,2,15,474,1990,0.51
58,2,15,474,1991,0.55
58,2,15,474,1992,0.55
58,2,15,474,1993,0.56
58,2,15,474,1994,0.55
58,2,15,474,1995,0.48
58,2,15,474,1996,0.42
58,2,15,474,1997,0.4
58,2,15,474,1998,0.44
58,2,15,474,1999,0.46
58,2,15,474,2000,0.49
58,2,15,474,2001,0.51
58,2,15,474,2002,0.49
58,2,15,474,2003,0.48
58,2,15,474,2004,0.45
58,2,15,474,2005,0.45
58,2,15,474,2006,0.45
58,2,15,474,2007,0.42
58,2,15,474,2008,0.41
58,2,15,474,2009,0.38
58,2,15,474,2010,0.35
58,2,15,474,2011,0.33
58,2,15,474,2012,0.3
58,2,15,474,2013,0.31
58,2,15,474,2014,0.3
58,2,15,474,2015,0.28
58,2,15,474,2016,0.27
58,2,15,474,2017,0.26
58,2,16,474,1990,0.85
58,2,16,474,1991,0.87
58,2,16,474,1992,0.87
58,2,16,474,1993,0.98
58,2,16,474,1994,1.11
58,2,16,474,1995,1.07
58,2,16,474,1996,0.96
58,2,16,474,1997,0.96
58,2,16,474,1998,0.93
58,2,16,474,1999,0.84
58,2,16,474,2000,0.85
58,2,16,474,2001,0.82
58,2,16,474,2002,0.76
58,2,16,474,2003,0.78
58,2,16,474,2004,0.8
58,2,16,474,2005,0.83
58,2,16,474,2006,0.86
58,2,16,474,2007,0.81
58,2,16,474,2008,0.78
58,2,16,474,2009,0.73
58,2,16,474,2010,0.66
58,2,16,474,2011,0.66
58,2,16,474,2012,0.67
58,2,16,474,2013,0.7
58,2,16,474,2014,0.66
58,2,16,474,2015,0.62
58,2,16,474,2016,0.61
58,2,16,474,2017,0.61
58,2,17,474,1990,1.72
58,2,17,474,1991,1.82
58,2,17,474,1992,1.75
58,2,17,474,1993,1.85
58,2,17,474,1994,1.85
58,2,17,474,1995,1.68
58,2,17,474,1996,1.5
58,2,17,474,1997,1.48
58,2,17,474,1998,1.51
58,2,17,474,1999,1.47
58,2,17,474,2000,1.47
58,2,17,474,2001,1.43
58,2,17,474,2002,1.41
58,2,17,474,2003,1.43
58,2,17,474,2004,1.29
58,2,17,474,2005,1.24
58,2,17,474,2006,1.24
58,2,17,474,2007,1.13
58,2,17,474,2008,1.18
58,2,17,474,2009,1.24
58,2,17,474,2010,1.24
58,2,17,474,2011,1.22
58,2,17,474,2012,1.2
58,2,17,474,2013,1.23
58,2,17,474,2014,1.14
58,2,17,474,2015,1.13
58,2,17,474,2016,1.14
58,2,17,474,2017,1.11
58,2,18,474,1990,2.48
58,2,18,474,1991,2.63
58,2,18,474,1992,2.58
58,2,18,474,1993,2.75
58,2,18,474,1994,2.87
58,2,18,474,1995,2.71
58,2,18,474,1996,2.55
58,2,18,474,1997,2.43
58,2,18,474,1998,2.34
58,2,18,474,1999,2.13
58,2,18,474,2000,2.07
58,2,18,474,2001,2.01
58,2,18,474,2002,1.83
58,2,18,474,2003,1.9
58,2,18,474,2004,1.91
58,2,18,474,2005,1.95
58,2,18,474,2006,1.97
58,2,18,474,2007,1.91
58,2,18,474,2008,1.81
58,2,18,474,2009,1.69
58,2,18,474,2010,1.55
58,2,18,474,2011,1.49
58,2,18,474,2012,1.4
58,2,18,474,2013,1.48
58,2,18,474,2014,1.55
58,2,18,474,2015,1.59
58,2,18,474,2016,1.66
58,2,18,474,2017,1.67
58,2,19,474,1990,2.7
58,2,19,474,1991,2.79
58,2,19,474,1992,3
58,2,19,474,1993,3.56
58,2,19,474,1994,3.96
58,2,19,474,1995,4.13
58,2,19,474,1996,3.96
58,2,19,474,1997,4
58,2,19,474,1998,3.99
58,2,19,474,1999,3.8
58,2,19,474,2000,3.87
58,2,19,474,2001,3.68
58,2,19,474,2002,3.25
58,2,19,474,2003,3.56
58,2,19,474,2004,3.31
58,2,19,474,2005,3.1
58,2,19,474,2006,3.01
58,2,19,474,2007,2.99
58,2,19,474,2008,3.16
58,2,19,474,2009,3.25
58,2,19,474,2010,3.29
58,2,19,474,2011,3.3
58,2,19,474,2012,3.22
58,2,19,474,2013,3.12
58,2,19,474,2014,2.86
58,2,19,474,2015,2.53
58,2,19,474,2016,2.4
58,2,19,474,2017,2.26
58,2,20,474,1990,4.85
58,2,20,474,1991,4.67
58,2,20,474,1992,4.22
58,2,20,474,1993,3.94
58,2,20,474,1994,3.85
58,2,20,474,1995,3.77
58,2,20,474,1996,3.67
58,2,20,474,1997,4.06
58,2,20,474,1998,4.5
58,2,20,474,1999,4.71
58,2,20,474,2000,4.98
58,2,20,474,2001,4.76
58,2,20,474,2002,4.6
58,2,20,474,2003,5.2
58,2,20,474,2004,5.23
58,2,20,474,2005,5.25
58,2,20,474,2006,5.3
58,2,20,474,2007,5.15
58,2,20,474,2008,5.45
58,2,20,474,2009,5.26
58,2,20,474,2010,5.04
58,2,20,474,2011,4.72
58,2,20,474,2012,4.51
58,2,20,474,2013,4.63
58,2,20,474,2014,4.65
58,2,20,474,2015,4.58
58,2,20,474,2016,4.61
58,2,20,474,2017,4.68
58,2,22,474,1990,22.18
58,2,22,474,1991,22.82
58,2,22,474,1992,22.46
58,2,22,474,1993,23.77
58,2,22,474,1994,24.38
58,2,22,474,1995,24.35
58,2,22,474,1996,23.14
58,2,22,474,1997,23.05
58,2,22,474,1998,23.6
58,2,22,474,1999,23.33
58,2,22,474,2000,23.74
58,2,22,474,2001,23.06
58,2,22,474,2002,21.66
58,2,22,474,2003,24.19
58,2,22,474,2004,24.36
58,2,22,474,2005,24.55
58,2,22,474,2006,25.12
58,2,22,474,2007,24.95
58,2,22,474,2008,25.84
58,2,22,474,2009,25.84
58,2,22,474,2010,25.87
58,2,22,474,2011,25.74
58,2,22,474,2012,25.63
58,2,22,474,2013,26.75
58,2,22,474,2014,26.04
58,2,22,474,2015,25.67
58,2,22,474,2016,25.83
58,2,22,474,2017,26.04
58,2,30,474,1990,5.29
58,2,30,474,1991,5.51
58,2,30,474,1992,5.4
58,2,30,474,1993,5.75
58,2,30,474,1994,5.6
58,2,30,474,1995,5.79
58,2,30,474,1996,5.23
58,2,30,474,1997,4.77
58,2,30,474,1998,4.65
58,2,30,474,1999,4.57
58,2,30,474,2000,4.31
58,2,30,474,2001,4.2
58,2,30,474,2002,4.13
58,2,30,474,2003,5.29
58,2,30,474,2004,5.81
58,2,30,474,2005,6.24
58,2,30,474,2006,6.75
58,2,30,474,2007,6.91
58,2,30,474,2008,7.15
58,2,30,474,2009,7.14
58,2,30,474,2010,7.29
58,2,30,474,2011,7.34
58,2,30,474,2012,7.28
58,2,30,474,2013,7.56
58,2,30,474,2014,6.96
58,2,30,474,2015,6.58
58,2,30,474,2016,6.48
58,2,30,474,2017,6.51
58,2,31,474,1990,2.49
58,2,31,474,1991,2.6
58,2,31,474,1992,2.66
58,2,31,474,1993,2.77
58,2,31,474,1994,2.81
58,2,31,474,1995,2.88
58,2,31,474,1996,3.04
58,2,31,474,1997,3.1
58,2,31,474,1998,3.32
58,2,31,474,1999,3.39
58,2,31,474,2000,3.56
58,2,31,474,2001,3.38
58,2,31,474,2002,2.93
58,2,31,474,2003,3.01
58,2,31,474,2004,2.97
58,2,31,474,2005,2.82
58,2,31,474,2006,2.89
58,2,31,474,2007,3.16
58,2,31,474,2008,3.61
58,2,31,474,2009,3.97
58,2,31,474,2010,4.3
58,2,31,474,2011,4.46
58,2,31,474,2012,4.66
58,2,31,474,2013,5.03
58,2,31,474,2014,5.01
58,2,31,474,2015,5.19
58,2,31,474,2016,5.28
58,2,31,474,2017,5.32
58,2,32,474,1990,0.7
58,2,32,474,1991,0.77
58,2,32,474,1992,0.81
58,2,32,474,1993,0.91
58,2,32,474,1994,0.99
58,2,32,474,1995,1.06
58,2,32,474,1996,1.09
58,2,32,474,1997,1.13
58,2,32,474,1998,1.17
58,2,32,474,1999,1.22
58,2,32,474,2000,1.37
58,2,32,474,2001,1.48
58,2,32,474,2002,1.49
58,2,32,474,2003,1.76
58,2,32,474,2004,1.82
58,2,32,474,2005,1.9
58,2,32,474,2006,1.85
58,2,32,474,2007,1.67
58,2,32,474,2008,1.5
58,2,32,474,2009,1.42
58,2,32,474,2010,1.37
58,2,32,474,2011,1.43
58,2,32,474,2012,1.66
58,2,32,474,2013,1.98
58,2,32,474,2014,2.23
58,2,32,474,2015,2.48
58,2,32,474,2016,2.67
58,2,32,474,2017,2.84
58,2,235,474,1990,0.1
58,2,235,474,1991,0.11
58,2,235,474,1992,0.12
58,2,235,474,1993,0.14
58,2,235,474,1994,0.16
58,2,235,474,1995,0.18
58,2,235,474,1996,0.19
58,2,235,474,1997,0.2
58,2,235,474,1998,0.22
58,2,235,474,1999,0.24
58,2,235,474,2000,0.27
58,2,235,474,2001,0.29
58,2,235,474,2002,0.29
58,2,235,474,2003,0.34
58,2,235,474,2004,0.36
58,2,235,474,2005,0.39
58,2,235,474,2006,0.43
58,2,235,474,2007,0.45
58,2,235,474,2008,0.47
58,2,235,474,2009,0.46
58,2,235,474,2010,0.49
58,2,235,474,2011,0.49
58,2,235,474,2012,0.48
58,2,235,474,2013,0.46
58,2,235,474,2014,0.47
58,2,235,474,2015,0.48
58,2,235,474,2016,0.49
58,2,235,474,2017,0.55
59,2,8,474,1990,0.01
59,2,8,474,1991,0.01
59,2,8,474,1992,0.01
59,2,8,474,1993,0.01
59,2,8,474,1994,0.01
59,2,8,474,1995,0.01
59,2,8,474,1996,0.01
59,2,8,474,1997,0.01
59,2,8,474,1998,0.01
59,2,8,474,1999,0.01
59,2,8,474,2000,0.01
59,2,8,474,2001,0.01
59,2,8,474,2002,0.01
59,2,8,474,2003,0.01
59,2,8,474,2004,0.01
59,2,8,474,2005,0.01
59,2,8,474,2006,0.01
59,2,8,474,2007,0.01
59,2,8,474,2008,0.01
59,2,8,474,2009,0.01
59,2,8,474,2010,0.01
59,2,8,474,2011,0.01
59,2,8,474,2012,0.01
59,2,8,474,2013,0
59,2,8,474,2014,0
59,2,8,474,2015,0
59,2,8,474,2016,0
59,2,8,474,2017,0
59,2,9,474,1990,0.01
59,2,9,474,1991,0.01
59,2,9,474,1992,0.01
59,2,9,474,1993,0.01
59,2,9,474,1994,0.01
59,2,9,474,1995,0.01
59,2,9,474,1996,0.01
59,2,9,474,1997,0.01
59,2,9,474,1998,0.01
59,2,9,474,1999,0.01
59,2,9,474,2000,0.01
59,2,9,474,2001,0.01
59,2,9,474,2002,0.01
59,2,9,474,2003,0.01
59,2,9,474,2004,0.01
59,2,9,474,2005,0.01
59,2,9,474,2006,0.01
59,2,9,474,2007,0.01
59,2,9,474,2008,0.01
59,2,9,474,2009,0.01
59,2,9,474,2010,0.01
59,2,9,474,2011,0.01
59,2,9,474,2012,0.01
59,2,9,474,2013,0.01
59,2,9,474,2014,0.01
59,2,9,474,2015,0.01
59,2,9,474,2016,0.01
59,2,9,474,2017,0.01
59,2,10,474,1990,0.04
59,2,10,474,1991,0.03
59,2,10,474,1992,0.04
59,2,10,474,1993,0.04
59,2,10,474,1994,0.04
59,2,10,474,1995,0.04
59,2,10,474,1996,0.04
59,2,10,474,1997,0.03
59,2,10,474,1998,0.04
59,2,10,474,1999,0.04
59,2,10,474,2000,0.03
59,2,10,474,2001,0.03
59,2,10,474,2002,0.03
59,2,10,474,2003,0.03
59,2,10,474,2004,0.03
59,2,10,474,2005,0.03
59,2,10,474,2006,0.03
59,2,10,474,2007,0.03
59,2,10,474,2008,0.03
59,2,10,474,2009,0.03
59,2,10,474,2010,0.03
59,2,10,474,2011,0.02
59,2,10,474,2012,0.02
59,2,10,474,2013,0.02
59,2,10,474,2014,0.02
59,2,10,474,2015,0.02
59,2,10,474,2016,0.02
59,2,10,474,2017,0.02
59,2,11,474,1990,0.07
59,2,11,474,1991,0.07
59,2,11,474,1992,0.07
59,2,11,474,1993,0.09
59,2,11,474,1994,0.09
59,2,11,474,1995,0.08
59,2,11,474,1996,0.07
59,2,11,474,1997,0.07
59,2,11,474,1998,0.07
59,2,11,474,1999,0.07
59,2,11,474,2000,0.07
59,2,11,474,2001,0.07
59,2,11,474,2002,0.07
59,2,11,474,2003,0.07
59,2,11,474,2004,0.07
59,2,11,474,2005,0.07
59,2,11,474,2006,0.07
59,2,11,474,2007,0.06
59,2,11,474,2008,0.06
59,2,11,474,2009,0.05
59,2,11,474,2010,0.05
59,2,11,474,2011,0.05
59,2,11,474,2012,0.04
59,2,11,474,2013,0.05
59,2,11,474,2014,0.05
59,2,11,474,2015,0.05
59,2,11,474,2016,0.05
59,2,11,474,2017,0.05
59,2,12,474,1990,0.11
59,2,12,474,1991,0.11
59,2,12,474,1992,0.12
59,2,12,474,1993,0.14
59,2,12,474,1994,0.15
59,2,12,474,1995,0.14
59,2,12,474,1996,0.11
59,2,12,474,1997,0.1
59,2,12,474,1998,0.1
59,2,12,474,1999,0.09
59,2,12,474,2000,0.08
59,2,12,474,2001,0.08
59,2,12,474,2002,0.07
59,2,12,474,2003,0.07
59,2,12,474,2004,0.07
59,2,12,474,2005,0.07
59,2,12,474,2006,0.07
59,2,12,474,2007,0.07
59,2,12,474,2008,0.06
59,2,12,474,2009,0.06
59,2,12,474,2010,0.05
59,2,12,474,2011,0.05
59,2,12,474,2012,0.04
59,2,12,474,2013,0.04
59,2,12,474,2014,0.04
59,2,12,474,2015,0.04
59,2,12,474,2016,0.04
59,2,12,474,2017,0.04
59,2,13,474,1990,0.26
59,2,13,474,1991,0.27
59,2,13,474,1992,0.29
59,2,13,474,1993,0.35
59,2,13,474,1994,0.4
59,2,13,474,1995,0.37
59,2,13,474,1996,0.3
59,2,13,474,1997,0.27
59,2,13,474,1998,0.29
59,2,13,474,1999,0.3
59,2,13,474,2000,0.28
59,2,13,474,2001,0.29
59,2,13,474,2002,0.28
59,2,13,474,2003,0.28
59,2,13,474,2004,0.26
59,2,13,474,2005,0.25
59,2,13,474,2006,0.27
59,2,13,474,2007,0.23
59,2,13,474,2008,0.21
59,2,13,474,2009,0.2
59,2,13,474,2010,0.19
59,2,13,474,2011,0.18
59,2,13,474,2012,0.18
59,2,13,474,2013,0.19
59,2,13,474,2014,0.18
59,2,13,474,2015,0.16
59,2,13,474,2016,0.15
59,2,13,474,2017,0.15
59,2,14,474,1990,0.5
59,2,14,474,1991,0.48
59,2,14,474,1992,0.47
59,2,14,474,1993,0.56
59,2,14,474,1994,0.63
59,2,14,474,1995,0.6
59,2,14,474,1996,0.5
59,2,14,474,1997,0.45
59,2,14,474,1998,0.44
59,2,14,474,1999,0.41
59,2,14,474,2000,0.38
59,2,14,474,2001,0.39
59,2,14,474,2002,0.38
59,2,14,474,2003,0.38
59,2,14,474,2004,0.38
59,2,14,474,2005,0.38
59,2,14,474,2006,0.42
59,2,14,474,2007,0.4
59,2,14,474,2008,0.35
59,2,14,474,2009,0.32
59,2,14,474,2010,0.29
59,2,14,474,2011,0.28
59,2,14,474,2012,0.26
59,2,14,474,2013,0.25
59,2,14,474,2014,0.22
59,2,14,474,2015,0.22
59,2,14,474,2016,0.23
59,2,14,474,2017,0.22
59,2,15,474,1990,0.91
59,2,15,474,1991,0.93
59,2,15,474,1992,1.01
59,2,15,474,1993,1.15
59,2,15,474,1994,1.21
59,2,15,474,1995,1.1
59,2,15,474,1996,0.9
59,2,15,474,1997,0.79
59,2,15,474,1998,0.82
59,2,15,474,1999,0.82
59,2,15,474,2000,0.81
59,2,15,474,2001,0.89
59,2,15,474,2002,0.88
59,2,15,474,2003,0.88
59,2,15,474,2004,0.83
59,2,15,474,2005,0.83
59,2,15,474,2006,0.92
59,2,15,474,2007,0.88
59,2,15,474,2008,0.8
59,2,15,474,2009,0.76
59,2,15,474,2010,0.72
59,2,15,474,2011,0.7
59,2,15,474,2012,0.68
59,2,15,474,2013,0.68
59,2,15,474,2014,0.64
59,2,15,474,2015,0.63
59,2,15,474,2016,0.6
59,2,15,474,2017,0.56
59,2,16,474,1990,1.46
59,2,16,474,1991,1.41
59,2,16,474,1992,1.5
59,2,16,474,1993,1.74
59,2,16,474,1994,1.95
59,2,16,474,1995,1.92
59,2,16,474,1996,1.61
59,2,16,474,1997,1.5
59,2,16,474,1998,1.53
59,2,16,474,1999,1.39
59,2,16,474,2000,1.28
59,2,16,474,2001,1.28
59,2,16,474,2002,1.18
59,2,16,474,2003,1.15
59,2,16,474,2004,1.15
59,2,16,474,2005,1.23
59,2,16,474,2006,1.4
59,2,16,474,2007,1.35
59,2,16,474,2008,1.23
59,2,16,474,2009,1.15
59,2,16,474,2010,1.15
59,2,16,474,2011,1.14
59,2,16,474,2012,1.08
59,2,16,474,2013,1.11
59,2,16,474,2014,1.09
59,2,16,474,2015,1.06
59,2,16,474,2016,1.04
59,2,16,474,2017,1.05
59,2,17,474,1990,2.95
59,2,17,474,1991,2.89
59,2,17,474,1992,2.89
59,2,17,474,1993,3.12
59,2,17,474,1994,3.17
59,2,17,474,1995,2.89
59,2,17,474,1996,2.56
59,2,17,474,1997,2.44
59,2,17,474,1998,2.48
59,2,17,474,1999,2.56
59,2,17,474,2000,2.56
59,2,17,474,2001,2.63
59,2,17,474,2002,2.61
59,2,17,474,2003,2.55
59,2,17,474,2004,2.41
59,2,17,474,2005,2.31
59,2,17,474,2006,2.34
59,2,17,474,2007,2.08
59,2,17,474,2008,1.98
59,2,17,474,2009,2.01
59,2,17,474,2010,2.14
59,2,17,474,2011,2.2
59,2,17,474,2012,2.21
59,2,17,474,2013,2.2
59,2,17,474,2014,2.03
59,2,17,474,2015,2.05
59,2,17,474,2016,2.05
59,2,17,474,2017,1.98
59,2,18,474,1990,4.41
59,2,18,474,1991,4.74
59,2,18,474,1992,5.05
59,2,18,474,1993,5.53
59,2,18,474,1994,5.78
59,2,18,474,1995,5.43
59,2,18,474,1996,4.82
59,2,18,474,1997,4.62
59,2,18,474,1998,4.76
59,2,18,474,1999,4.47
59,2,18,474,2000,4.24
59,2,18,474,2001,4.31
59,2,18,474,2002,4.16
59,2,18,474,2003,4.16
59,2,18,474,2004,3.97
59,2,18,474,2005,3.91
59,2,18,474,2006,4.22
59,2,18,474,2007,4.14
59,2,18,474,2008,3.84
59,2,18,474,2009,3.61
59,2,18,474,2010,3.57
59,2,18,474,2011,3.48
59,2,18,474,2012,3.26
59,2,18,474,2013,3.24
59,2,18,474,2014,3.13
59,2,18,474,2015,3.25
59,2,18,474,2016,3.25
59,2,18,474,2017,3.27
59,2,19,474,1990,4.71
59,2,19,474,1991,4.78
59,2,19,474,1992,5.24
59,2,19,474,1993,6.38
59,2,19,474,1994,7.35
59,2,19,474,1995,7.75
59,2,19,474,1996,7.51
59,2,19,474,1997,7.63
59,2,19,474,1998,7.96
59,2,19,474,1999,7.68
59,2,19,474,2000,7.34
59,2,19,474,2001,7.45
59,2,19,474,2002,7.12
59,2,19,474,2003,6.92
59,2,19,474,2004,6.64
59,2,19,474,2005,6.44
59,2,19,474,2006,6.91
59,2,19,474,2007,6.46
59,2,19,474,2008,6.32
59,2,19,474,2009,6.38
59,2,19,474,2010,6.81
59,2,19,474,2011,7.03
59,2,19,474,2012,7.09
59,2,19,474,2013,7.16
59,2,19,474,2014,6.61
59,2,19,474,2015,6.38
59,2,19,474,2016,5.87
59,2,19,474,2017,5.31
59,2,20,474,1990,8.2
59,2,20,474,1991,7.85
59,2,20,474,1992,7.32
59,2,20,474,1993,7.11
59,2,20,474,1994,6.66
59,2,20,474,1995,6.59
59,2,20,474,1996,6.68
59,2,20,474,1997,7.15
59,2,20,474,1998,8.19
59,2,20,474,1999,8.93
59,2,20,474,2000,9.44
59,2,20,474,2001,10.1
59,2,20,474,2002,10.42
59,2,20,474,2003,10.86
59,2,20,474,2004,10.89
59,2,20,474,2005,10.65
59,2,20,474,2006,11.5
59,2,20,474,2007,10.8
59,2,20,474,2008,10.21
59,2,20,474,2009,9.5
59,2,20,474,2010,9.36
59,2,20,474,2011,9.4
59,2,20,474,2012,9.49
59,2,20,474,2013,9.99
59,2,20,474,2014,9.96
59,2,20,474,2015,10.23
59,2,20,474,2016,10.2
59,2,20,474,2017,10.21
59,2,22,474,1990,37.62
59,2,22,474,1991,37.92
59,2,22,474,1992,39.16
59,2,22,474,1993,42.79
59,2,22,474,1994,44.37
59,2,22,474,1995,43.91
59,2,22,474,1996,41.32
59,2,22,474,1997,40.81
59,2,22,474,1998,42.67
59,2,22,474,1999,42.24
59,2,22,474,2000,41.89
59,2,22,474,2001,42.99
59,2,22,474,2002,43.42
59,2,22,474,2003,45.14
59,2,22,474,2004,45.15
59,2,22,474,2005,45.74
59,2,22,474,2006,50.41
59,2,22,474,2007,49.3
59,2,22,474,2008,47.92
59,2,22,474,2009,47.82
59,2,22,474,2010,49.16
59,2,22,474,2011,49.55
59,2,22,474,2012,50.15
59,2,22,474,2013,51.85
59,2,22,474,2014,50.62
59,2,22,474,2015,51.01
59,2,22,474,2016,50.39
59,2,22,474,2017,49.52
59,2,30,474,1990,8.03
59,2,30,474,1991,8.44
59,2,30,474,1992,8.78
59,2,30,474,1993,9.46
59,2,30,474,1994,9.34
59,2,30,474,1995,9.13
59,2,30,474,1996,8.41
59,2,30,474,1997,7.73
59,2,30,474,1998,7.57
59,2,30,474,1999,6.95
59,2,30,474,2000,6.93
59,2,30,474,2001,7.25
59,2,30,474,2002,7.98
59,2,30,474,2003,9.32
59,2,30,474,2004,10.02
59,2,30,474,2005,11.36
59,2,30,474,2006,13.7
59,2,30,474,2007,14
59,2,30,474,2008,13.44
59,2,30,474,2009,13.22
59,2,30,474,2010,13.11
59,2,30,474,2011,12.76
59,2,30,474,2012,12.26
59,2,30,474,2013,12.32
59,2,30,474,2014,11.78
59,2,30,474,2015,11.51
59,2,30,474,2016,11.43
59,2,30,474,2017,11.22
59,2,31,474,1990,4.69
59,2,31,474,1991,4.59
59,2,31,474,1992,4.88
59,2,31,474,1993,5.35
59,2,31,474,1994,5.58
59,2,31,474,1995,5.66
59,2,31,474,1996,5.46
59,2,31,474,1997,5.44
59,2,31,474,1998,5.55
59,2,31,474,1999,5.44
59,2,31,474,2000,5.2
59,2,31,474,2001,4.86
59,2,31,474,2002,4.71
59,2,31,474,2003,4.71
59,2,31,474,2004,4.63
59,2,31,474,2005,4.46
59,2,31,474,2006,4.8
59,2,31,474,2007,5.2
59,2,31,474,2008,5.91
59,2,31,474,2009,7
59,2,31,474,2010,8.01
59,2,31,474,2011,8.44
59,2,31,474,2012,9.14
59,2,31,474,2013,9.64
59,2,31,474,2014,9.64
59,2,31,474,2015,9.88
59,2,31,474,2016,9.82
59,2,31,474,2017,9.68
59,2,32,474,1990,1.13
59,2,32,474,1991,1.17
59,2,32,474,1992,1.32
59,2,32,474,1993,1.56
59,2,32,474,1994,1.78
59,2,32,474,1995,1.93
59,2,32,474,1996,2.04
59,2,32,474,1997,2.19
59,2,32,474,1998,2.41
59,2,32,474,1999,2.56
59,2,32,474,2000,2.63
59,2,32,474,2001,2.67
59,2,32,474,2002,2.76
59,2,32,474,2003,2.89
59,2,32,474,2004,2.88
59,2,32,474,2005,2.76
59,2,32,474,2006,2.69
59,2,32,474,2007,2.53
59,2,32,474,2008,2.42
59,2,32,474,2009,2.43
59,2,32,474,2010,2.56
59,2,32,474,2011,2.73
59,2,32,474,2012,3.24
59,2,32,474,2013,3.77
59,2,32,474,2014,4.12
59,2,32,474,2015,4.47
59,2,32,474,2016,4.68
59,2,32,474,2017,4.79
59,2,235,474,1990,0.14
59,2,235,474,1991,0.14
59,2,235,474,1992,0.16
59,2,235,474,1993,0.19
59,2,235,474,1994,0.22
59,2,235,474,1995,0.26
59,2,235,474,1996,0.31
59,2,235,474,1997,0.37
59,2,235,474,1998,0.45
59,2,235,474,1999,0.53
59,2,235,474,2000,0.6
59,2,235,474,2001,0.67
59,2,235,474,2002,0.75
59,2,235,474,2003,0.84
59,2,235,474,2004,0.9
59,2,235,474,2005,0.98
59,2,235,474,2006,1.03
59,2,235,474,2007,1.04
59,2,235,474,2008,1.06
59,2,235,474,2009,1.08
59,2,235,474,2010,1.11
59,2,235,474,2011,1.06
59,2,235,474,2012,1.14
59,2,235,474,2013,1.16
59,2,235,474,2014,1.11
59,2,235,474,2015,1.05
59,2,235,474,2016,0.98
59,2,235,474,2017,0.96
60,2,8,474,1990,0.01
60,2,8,474,1991,0.01
60,2,8,474,1992,0.01
60,2,8,474,1993,0.01
60,2,8,474,1994,0.01
60,2,8,474,1995,0.01
60,2,8,474,1996,0.01
60,2,8,474,1997,0.01
60,2,8,474,1998,0.01
60,2,8,474,1999,0.01
60,2,8,474,2000,0.01
60,2,8,474,2001,0.01
60,2,8,474,2002,0.01
60,2,8,474,2003,0.01
60,2,8,474,2004,0.01
60,2,8,474,2005,0.01
60,2,8,474,2006,0.01
60,2,8,474,2007,0.01
60,2,8,474,2008,0.01
60,2,8,474,2009,0.01
60,2,8,474,2010,0.01
60,2,8,474,2011,0.01
60,2,8,474,2012,0.01
60,2,8,474,2013,0.01
60,2,8,474,2014,0.01
60,2,8,474,2015,0.01
60,2,8,474,2016,0.01
60,2,8,474,2017,0.01
60,2,9,474,1990,0.01
60,2,9,474,1991,0.01
60,2,9,474,1992,0.01
60,2,9,474,1993,0.01
60,2,9,474,1994,0.01
60,2,9,474,1995,0.01
60,2,9,474,1996,0.01
60,2,9,474,1997,0.01
60,2,9,474,1998,0.01
60,2,9,474,1999,0.01
60,2,9,474,2000,0.01
60,2,9,474,2001,0.01
60,2,9,474,2002,0.01
60,2,9,474,2003,0.01
60,2,9,474,2004,0.01
60,2,9,474,2005,0.01
60,2,9,474,2006,0.01
60,2,9,474,2007,0.01
60,2,9,474,2008,0.01
60,2,9,474,2009,0.01
60,2,9,474,2010,0.01
60,2,9,474,2011,0.01
60,2,9,474,2012,0.01
60,2,9,474,2013,0.01
60,2,9,474,2014,0.01
60,2,9,474,2015,0.01
60,2,9,474,2016,0.01
60,2,9,474,2017,0.01
60,2,10,474,1990,0.03
60,2,10,474,1991,0.03
60,2,10,474,1992,0.03
60,2,10,474,1993,0.03
60,2,10,474,1994,0.03
60,2,10,474,1995,0.03
60,2,10,474,1996,0.03
60,2,10,474,1997,0.02
60,2,10,474,1998,0.02
60,2,10,474,1999,0.02
60,2,10,474,2000,0.02
60,2,10,474,2001,0.02
60,2,10,474,2002,0.02
60,2,10,474,2003,0.02
60,2,10,474,2004,0.02
60,2,10,474,2005,0.02
60,2,10,474,2006,0.02
60,2,10,474,2007,0.02
60,2,10,474,2008,0.02
60,2,10,474,2009,0.01
60,2,10,474,2010,0.01
60,2,10,474,2011,0.01
60,2,10,474,2012,0.01
60,2,10,474,2013,0.01
60,2,10,474,2014,0.01
60,2,10,474,2015,0.01
60,2,10,474,2016,0.01
60,2,10,474,2017,0.01
60,2,11,474,1990,0.08
60,2,11,474,1991,0.09
60,2,11,474,1992,0.09
60,2,11,474,1993,0.1
60,2,11,474,1994,0.11
60,2,11,474,1995,0.11
60,2,11,474,1996,0.1
60,2,11,474,1997,0.1
60,2,11,474,1998,0.09
60,2,11,474,1999,0.08
60,2,11,474,2000,0.08
60,2,11,474,2001,0.08
60,2,11,474,2002,0.08
60,2,11,474,2003,0.07
60,2,11,474,2004,0.07
60,2,11,474,2005,0.08
60,2,11,474,2006,0.09
60,2,11,474,2007,0.08
60,2,11,474,2008,0.07
60,2,11,474,2009,0.06
60,2,11,474,2010,0.06
60,2,11,474,2011,0.06
60,2,11,474,2012,0.05
60,2,11,474,2013,0.05
60,2,11,474,2014,0.05
60,2,11,474,2015,0.05
60,2,11,474,2016,0.05
60,2,11,474,2017,0.05
60,2,12,474,1990,0.13
60,2,12,474,1991,0.13
60,2,12,474,1992,0.13
60,2,12,474,1993,0.14
60,2,12,474,1994,0.15
60,2,12,474,1995,0.15
60,2,12,474,1996,0.15
60,2,12,474,1997,0.13
60,2,12,474,1998,0.13
60,2,12,474,1999,0.12
60,2,12,474,2000,0.11
60,2,12,474,2001,0.11
60,2,12,474,2002,0.1
60,2,12,474,2003,0.09
60,2,12,474,2004,0.09
60,2,12,474,2005,0.1
60,2,12,474,2006,0.11
60,2,12,474,2007,0.11
60,2,12,474,2008,0.1
60,2,12,474,2009,0.07
60,2,12,474,2010,0.07
60,2,12,474,2011,0.07
60,2,12,474,2012,0.07
60,2,12,474,2013,0.06
60,2,12,474,2014,0.05
60,2,12,474,2015,0.05
60,2,12,474,2016,0.05
60,2,12,474,2017,0.05
60,2,13,474,1990,0.33
60,2,13,474,1991,0.35
60,2,13,474,1992,0.35
60,2,13,474,1993,0.37
60,2,13,474,1994,0.4
60,2,13,474,1995,0.4
60,2,13,474,1996,0.38
60,2,13,474,1997,0.33
60,2,13,474,1998,0.33
60,2,13,474,1999,0.32
60,2,13,474,2000,0.33
60,2,13,474,2001,0.36
60,2,13,474,2002,0.35
60,2,13,474,2003,0.35
60,2,13,474,2004,0.33
60,2,13,474,2005,0.33
60,2,13,474,2006,0.34
60,2,13,474,2007,0.35
60,2,13,474,2008,0.33
60,2,13,474,2009,0.27
60,2,13,474,2010,0.24
60,2,13,474,2011,0.24
60,2,13,474,2012,0.24
60,2,13,474,2013,0.23
60,2,13,474,2014,0.21
60,2,13,474,2015,0.2
60,2,13,474,2016,0.17
60,2,13,474,2017,0.16
60,2,14,474,1990,0.6
60,2,14,474,1991,0.62
60,2,14,474,1992,0.61
60,2,14,474,1993,0.66
60,2,14,474,1994,0.71
60,2,14,474,1995,0.72
60,2,14,474,1996,0.69
60,2,14,474,1997,0.63
60,2,14,474,1998,0.63
60,2,14,474,1999,0.6
60,2,14,474,2000,0.59
60,2,14,474,2001,0.62
60,2,14,474,2002,0.58
60,2,14,474,2003,0.59
60,2,14,474,2004,0.6
60,2,14,474,2005,0.67
60,2,14,474,2006,0.73
60,2,14,474,2007,0.77
60,2,14,474,2008,0.72
60,2,14,474,2009,0.62
60,2,14,474,2010,0.59
60,2,14,474,2011,0.57
60,2,14,474,2012,0.53
60,2,14,474,2013,0.5
60,2,14,474,2014,0.44
60,2,14,474,2015,0.43
60,2,14,474,2016,0.43
60,2,14,474,2017,0.42
60,2,15,474,1990,0.99
60,2,15,474,1991,1.03
60,2,15,474,1992,1.03
60,2,15,474,1993,1.2
60,2,15,474,1994,1.29
60,2,15,474,1995,1.22
60,2,15,474,1996,1.14
60,2,15,474,1997,1.01
60,2,15,474,1998,0.98
60,2,15,474,1999,0.95
60,2,15,474,2000,1
60,2,15,474,2001,1.03
60,2,15,474,2002,1.03
60,2,15,474,2003,1.09
60,2,15,474,2004,1.08
60,2,15,474,2005,1.11
60,2,15,474,2006,1.13
60,2,15,474,2007,1.21
60,2,15,474,2008,1.22
60,2,15,474,2009,1.07
60,2,15,474,2010,1.04
60,2,15,474,2011,1.07
60,2,15,474,2012,1.07
60,2,15,474,2013,1.05
60,2,15,474,2014,0.94
60,2,15,474,2015,0.89
60,2,15,474,2016,0.86
60,2,15,474,2017,0.82
60,2,16,474,1990,1.82
60,2,16,474,1991,1.92
60,2,16,474,1992,1.93
60,2,16,474,1993,2.09
60,2,16,474,1994,2.21
60,2,16,474,1995,2.2
60,2,16,474,1996,2.04
60,2,16,474,1997,1.86
60,2,16,474,1998,1.94
60,2,16,474,1999,1.8
60,2,16,474,2000,1.72
60,2,16,474,2001,1.76
60,2,16,474,2002,1.64
60,2,16,474,2003,1.67
60,2,16,474,2004,1.66
60,2,16,474,2005,1.83
60,2,16,474,2006,1.92
60,2,16,474,2007,2.08
60,2,16,474,2008,2.09
60,2,16,474,2009,1.82
60,2,16,474,2010,1.75
60,2,16,474,2011,1.68
60,2,16,474,2012,1.64
60,2,16,474,2013,1.66
60,2,16,474,2014,1.6
60,2,16,474,2015,1.61
60,2,16,474,2016,1.66
60,2,16,474,2017,1.68
60,2,17,474,1990,3.17
60,2,17,474,1991,3.26
60,2,17,474,1992,3.18
60,2,17,474,1993,3.47
60,2,17,474,1994,3.6
60,2,17,474,1995,3.58
60,2,17,474,1996,3.28
60,2,17,474,1997,3.03
60,2,17,474,1998,3.1
60,2,17,474,1999,2.97
60,2,17,474,2000,2.98
60,2,17,474,2001,3.05
60,2,17,474,2002,2.96
60,2,17,474,2003,3.06
60,2,17,474,2004,2.88
60,2,17,474,2005,2.76
60,2,17,474,2006,2.85
60,2,17,474,2007,2.76
60,2,17,474,2008,2.59
60,2,17,474,2009,2.38
60,2,17,474,2010,2.47
60,2,17,474,2011,2.46
60,2,17,474,2012,2.45
60,2,17,474,2013,2.58
60,2,17,474,2014,2.47
60,2,17,474,2015,2.49
60,2,17,474,2016,2.49
60,2,17,474,2017,2.47
60,2,18,474,1990,4.61
60,2,18,474,1991,5.01
60,2,18,474,1992,5.08
60,2,18,474,1993,5.55
60,2,18,474,1994,5.95
60,2,18,474,1995,6
60,2,18,474,1996,5.79
60,2,18,474,1997,5.37
60,2,18,474,1998,5.41
60,2,18,474,1999,5.08
60,2,18,474,2000,4.98
60,2,18,474,2001,5
60,2,18,474,2002,4.68
60,2,18,474,2003,4.71
60,2,18,474,2004,4.61
60,2,18,474,2005,4.64
60,2,18,474,2006,4.57
60,2,18,474,2007,4.47
60,2,18,474,2008,4.4
60,2,18,474,2009,3.98
60,2,18,474,2010,3.78
60,2,18,474,2011,3.7
60,2,18,474,2012,3.43
60,2,18,474,2013,3.37
60,2,18,474,2014,3.34
60,2,18,474,2015,3.52
60,2,18,474,2016,3.55
60,2,18,474,2017,3.64
60,2,19,474,1990,4.63
60,2,19,474,1991,5.2
60,2,19,474,1992,5.64
60,2,19,474,1993,6.9
60,2,19,474,1994,8.08
60,2,19,474,1995,8.81
60,2,19,474,1996,9.12
60,2,19,474,1997,9.17
60,2,19,474,1998,9.55
60,2,19,474,1999,9.48
60,2,19,474,2000,9.46
60,2,19,474,2001,9.52
60,2,19,474,2002,8.92
60,2,19,474,2003,9.06
60,2,19,474,2004,8.82
60,2,19,474,2005,8.9
60,2,19,474,2006,8.79
60,2,19,474,2007,8.73
60,2,19,474,2008,8.29
60,2,19,474,2009,7.43
60,2,19,474,2010,7.27
60,2,19,474,2011,7.15
60,2,19,474,2012,7.04
60,2,19,474,2013,7.13
60,2,19,474,2014,6.69
60,2,19,474,2015,6.33
60,2,19,474,2016,6.09
60,2,19,474,2017,5.86
60,2,20,474,1990,7.4
60,2,20,474,1991,7.29
60,2,20,474,1992,6.86
60,2,20,474,1993,6.95
60,2,20,474,1994,7.2
60,2,20,474,1995,7.3
60,2,20,474,1996,7.8
60,2,20,474,1997,8.15
60,2,20,474,1998,9.39
60,2,20,474,1999,10.1
60,2,20,474,2000,10.89
60,2,20,474,2001,11.91
60,2,20,474,2002,11.99
60,2,20,474,2003,12.43
60,2,20,474,2004,13.06
60,2,20,474,2005,13.55
60,2,20,474,2006,13.69
60,2,20,474,2007,13.62
60,2,20,474,2008,13.06
60,2,20,474,2009,12.02
60,2,20,474,2010,12.21
60,2,20,474,2011,12.12
60,2,20,474,2012,12.02
60,2,20,474,2013,12.11
60,2,20,474,2014,11.52
60,2,20,474,2015,11.41
60,2,20,474,2016,11.03
60,2,20,474,2017,10.87
60,2,22,474,1990,38.11
60,2,22,474,1991,39.6
60,2,22,474,1992,40.18
60,2,22,474,1993,44.1
60,2,22,474,1994,47.67
60,2,22,474,1995,49.05
60,2,22,474,1996,48.87
60,2,22,474,1997,48.12
60,2,22,474,1998,50.42
60,2,22,474,1999,50.17
60,2,22,474,2000,50.87
60,2,22,474,2001,53.29
60,2,22,474,2002,51.93
60,2,22,474,2003,54.09
60,2,22,474,2004,55.33
60,2,22,474,2005,58.19
60,2,22,474,2006,59.5
60,2,22,474,2007,60.57
60,2,22,474,2008,59.87
60,2,22,474,2009,56.6
60,2,22,474,2010,58.51
60,2,22,474,2011,59
60,2,22,474,2012,59.35
60,2,22,474,2013,60.92
60,2,22,474,2014,59.48
60,2,22,474,2015,60.32
60,2,22,474,2016,59.78
60,2,22,474,2017,59.59
60,2,30,474,1990,7.93
60,2,30,474,1991,8.24
60,2,30,474,1992,8.33
60,2,30,474,1993,8.96
60,2,30,474,1994,9.5
60,2,30,474,1995,9.6
60,2,30,474,1996,9.24
60,2,30,474,1997,9.01
60,2,30,474,1998,8.72
60,2,30,474,1999,8.33
60,2,30,474,2000,8.38
60,2,30,474,2001,9.16
60,2,30,474,2002,9.55
60,2,30,474,2003,11.04
60,2,30,474,2004,12.32
60,2,30,474,2005,14.01
60,2,30,474,2006,15
60,2,30,474,2007,15.55
60,2,30,474,2008,15.38
60,2,30,474,2009,14.83
60,2,30,474,2010,15.58
60,2,30,474,2011,15.57
60,2,30,474,2012,15.63
60,2,30,474,2013,15.95
60,2,30,474,2014,15.65
60,2,30,474,2015,15.86
60,2,30,474,2016,15.88
60,2,30,474,2017,15.84
60,2,31,474,1990,4.86
60,2,31,474,1991,4.8
60,2,31,474,1992,5.08
60,2,31,474,1993,5.51
60,2,31,474,1994,6
60,2,31,474,1995,6.23
60,2,31,474,1996,6.24
60,2,31,474,1997,6.3
60,2,31,474,1998,6.94
60,2,31,474,1999,7.05
60,2,31,474,2000,6.91
60,2,31,474,2001,6.86
60,2,31,474,2002,6.27
60,2,31,474,2003,6.16
60,2,31,474,2004,6.05
60,2,31,474,2005,6.36
60,2,31,474,2006,6.7
60,2,31,474,2007,7.4
60,2,31,474,2008,8.34
60,2,31,474,2009,8.91
60,2,31,474,2010,10.11
60,2,31,474,2011,10.7
60,2,31,474,2012,11.22
60,2,31,474,2013,11.78
60,2,31,474,2014,11.79
60,2,31,474,2015,12.29
60,2,31,474,2016,12.09
60,2,31,474,2017,12.07
60,2,32,474,1990,1.29
60,2,32,474,1991,1.39
60,2,32,474,1992,1.58
60,2,32,474,1993,1.85
60,2,32,474,1994,2.09
60,2,32,474,1995,2.29
60,2,32,474,1996,2.42
60,2,32,474,1997,2.49
60,2,32,474,1998,2.57
60,2,32,474,1999,2.58
60,2,32,474,2000,2.67
60,2,32,474,2001,2.94
60,2,32,474,2002,2.83
60,2,32,474,2003,2.77
60,2,32,474,2004,2.72
60,2,32,474,2005,2.73
60,2,32,474,2006,2.48
60,2,32,474,2007,2.37
60,2,32,474,2008,2.23
60,2,32,474,2009,2.13
60,2,32,474,2010,2.31
60,2,32,474,2011,2.6
60,2,32,474,2012,2.97
60,2,32,474,2013,3.49
60,2,32,474,2014,3.85
60,2,32,474,2015,4.31
60,2,32,474,2016,4.55
60,2,32,474,2017,4.77
60,2,235,474,1990,0.21
60,2,235,474,1991,0.23
60,2,235,474,1992,0.25
60,2,235,474,1993,0.29
60,2,235,474,1994,0.33
60,2,235,474,1995,0.38
60,2,235,474,1996,0.44
60,2,235,474,1997,0.5
60,2,235,474,1998,0.59
60,2,235,474,1999,0.65
60,2,235,474,2000,0.73
60,2,235,474,2001,0.85
60,2,235,474,2002,0.91
60,2,235,474,2003,0.96
60,2,235,474,2004,1
60,2,235,474,2005,1.07
60,2,235,474,2006,1.05
60,2,235,474,2007,1.04
60,2,235,474,2008,1.03
60,2,235,474,2009,0.99
60,2,235,474,2010,0.99
60,2,235,474,2011,0.96
60,2,235,474,2012,0.95
60,2,235,474,2013,0.92
60,2,235,474,2014,0.86
60,2,235,474,2015,0.85
60,2,235,474,2016,0.87
60,2,235,474,2017,0.87
61,2,8,474,1990,0.04
61,2,8,474,1991,0.05
61,2,8,474,1992,0.05
61,2,8,474,1993,0.05
61,2,8,474,1994,0.04
61,2,8,474,1995,0.04
61,2,8,474,1996,0.04
61,2,8,474,1997,0.03
61,2,8,474,1998,0.03
61,2,8,474,1999,0.03
61,2,8,474,2000,0.03
61,2,8,474,2001,0.04
61,2,8,474,2002,0.04
61,2,8,474,2003,0.04
61,2,8,474,2004,0.04
61,2,8,474,2005,0.04
61,2,8,474,2006,0.04
61,2,8,474,2007,0.03
61,2,8,474,2008,0.03
61,2,8,474,2009,0.03
61,2,8,474,2010,0.02
61,2,8,474,2011,0.02
61,2,8,474,2012,0.02
61,2,8,474,2013,0.02
61,2,8,474,2014,0.02
61,2,8,474,2015,0.02
61,2,8,474,2016,0.02
61,2,8,474,2017,0.01
61,2,9,474,1990,0.02
61,2,9,474,1991,0.02
61,2,9,474,1992,0.02
61,2,9,474,1993,0.02
61,2,9,474,1994,0.02
61,2,9,474,1995,0.02
61,2,9,474,1996,0.02
61,2,9,474,1997,0.02
61,2,9,474,1998,0.02
61,2,9,474,1999,0.02
61,2,9,474,2000,0.02
61,2,9,474,2001,0.02
61,2,9,474,2002,0.02
61,2,9,474,2003,0.02
61,2,9,474,2004,0.02
61,2,9,474,2005,0.02
61,2,9,474,2006,0.02
61,2,9,474,2007,0.02
61,2,9,474,2008,0.02
61,2,9,474,2009,0.02
61,2,9,474,2010,0.02
61,2,9,474,2011,0.02
61,2,9,474,2012,0.02
61,2,9,474,2013,0.01
61,2,9,474,2014,0.01
61,2,9,474,2015,0.01
61,2,9,474,2016,0.01
61,2,9,474,2017,0.01
61,2,10,474,1990,0.02
61,2,10,474,1991,0.02
61,2,10,474,1992,0.02
61,2,10,474,1993,0.02
61,2,10,474,1994,0.02
61,2,10,474,1995,0.02
61,2,10,474,1996,0.02
61,2,10,474,1997,0.01
61,2,10,474,1998,0.01
61,2,10,474,1999,0.01
61,2,10,474,2000,0.01
61,2,10,474,2001,0.01
61,2,10,474,2002,0.01
61,2,10,474,2003,0.01
61,2,10,474,2004,0.01
61,2,10,474,2005,0.01
61,2,10,474,2006,0.01
61,2,10,474,2007,0.01
61,2,10,474,2008,0.01
61,2,10,474,2009,0.02
61,2,10,474,2010,0.02
61,2,10,474,2011,0.02
61,2,10,474,2012,0.02
61,2,10,474,2013,0.02
61,2,10,474,2014,0.02
61,2,10,474,2015,0.02
61,2,10,474,2016,0.02
61,2,10,474,2017,0.01
61,2,11,474,1990,0.03
61,2,11,474,1991,0.04
61,2,11,474,1992,0.03
61,2,11,474,1993,0.03
61,2,11,474,1994,0.03
61,2,11,474,1995,0.03
61,2,11,474,1996,0.03
61,2,11,474,1997,0.03
61,2,11,474,1998,0.02
61,2,11,474,1999,0.02
61,2,11,474,2000,0.02
61,2,11,474,2001,0.02
61,2,11,474,2002,0.02
61,2,11,474,2003,0.02
61,2,11,474,2004,0.02
61,2,11,474,2005,0.02
61,2,11,474,2006,0.02
61,2,11,474,2007,0.02
61,2,11,474,2008,0.02
61,2,11,474,2009,0.02
61,2,11,474,2010,0.02
61,2,11,474,2011,0.02
61,2,11,474,2012,0.02
61,2,11,474,2013,0.01
61,2,11,474,2014,0.02
61,2,11,474,2015,0.02
61,2,11,474,2016,0.01
61,2,11,474,2017,0.01
61,2,12,474,1990,0.18
61,2,12,474,1991,0.2
61,2,12,474,1992,0.19
61,2,12,474,1993,0.2
61,2,12,474,1994,0.22
61,2,12,474,1995,0.21
61,2,12,474,1996,0.21
61,2,12,474,1997,0.16
61,2,12,474,1998,0.15
61,2,12,474,1999,0.13
61,2,12,474,2000,0.13
61,2,12,474,2001,0.13
61,2,12,474,2002,0.13
61,2,12,474,2003,0.13
61,2,12,474,2004,0.12
61,2,12,474,2005,0.12
61,2,12,474,2006,0.13
61,2,12,474,2007,0.12
61,2,12,474,2008,0.11
61,2,12,474,2009,0.11
61,2,12,474,2010,0.1
61,2,12,474,2011,0.1
61,2,12,474,2012,0.09
61,2,12,474,2013,0.08
61,2,12,474,2014,0.09
61,2,12,474,2015,0.09
61,2,12,474,2016,0.08
61,2,12,474,2017,0.08
61,2,13,474,1990,0.26
61,2,13,474,1991,0.33
61,2,13,474,1992,0.33
61,2,13,474,1993,0.36
61,2,13,474,1994,0.41
61,2,13,474,1995,0.4
61,2,13,474,1996,0.37
61,2,13,474,1997,0.29
61,2,13,474,1998,0.27
61,2,13,474,1999,0.26
61,2,13,474,2000,0.27
61,2,13,474,2001,0.28
61,2,13,474,2002,0.29
61,2,13,474,2003,0.29
61,2,13,474,2004,0.27
61,2,13,474,2005,0.28
61,2,13,474,2006,0.28
61,2,13,474,2007,0.25
61,2,13,474,2008,0.23
61,2,13,474,2009,0.21
61,2,13,474,2010,0.18
61,2,13,474,2011,0.17
61,2,13,474,2012,0.16
61,2,13,474,2013,0.15
61,2,13,474,2014,0.16
61,2,13,474,2015,0.17
61,2,13,474,2016,0.16
61,2,13,474,2017,0.15
61,2,14,474,1990,0.59
61,2,14,474,1991,0.58
61,2,14,474,1992,0.5
61,2,14,474,1993,0.49
61,2,14,474,1994,0.59
61,2,14,474,1995,0.69
61,2,14,474,1996,0.76
61,2,14,474,1997,0.67
61,2,14,474,1998,0.68
61,2,14,474,1999,0.65
61,2,14,474,2000,0.66
61,2,14,474,2001,0.65
61,2,14,474,2002,0.65
61,2,14,474,2003,0.67
61,2,14,474,2004,0.67
61,2,14,474,2005,0.71
61,2,14,474,2006,0.78
61,2,14,474,2007,0.75
61,2,14,474,2008,0.7
61,2,14,474,2009,0.65
61,2,14,474,2010,0.56
61,2,14,474,2011,0.45
61,2,14,474,2012,0.39
61,2,14,474,2013,0.39
61,2,14,474,2014,0.4
61,2,14,474,2015,0.39
61,2,14,474,2016,0.36
61,2,14,474,2017,0.35
61,2,15,474,1990,1.27
61,2,15,474,1991,1.28
61,2,15,474,1992,1.2
61,2,15,474,1993,1.25
61,2,15,474,1994,1.23
61,2,15,474,1995,1.17
61,2,15,474,1996,1.01
61,2,15,474,1997,0.74
61,2,15,474,1998,0.67
61,2,15,474,1999,0.66
61,2,15,474,2000,0.78
61,2,15,474,2001,0.94
61,2,15,474,2002,1.03
61,2,15,474,2003,1.13
61,2,15,474,2004,1.13
61,2,15,474,2005,1.16
61,2,15,474,2006,1.24
61,2,15,474,2007,1.17
61,2,15,474,2008,1.14
61,2,15,474,2009,1.12
61,2,15,474,2010,1.05
61,2,15,474,2011,1
61,2,15,474,2012,0.94
61,2,15,474,2013,0.9
61,2,15,474,2014,0.93
61,2,15,474,2015,0.95
61,2,15,474,2016,0.81
61,2,15,474,2017,0.75
61,2,16,474,1990,2.04
61,2,16,474,1991,2.12
61,2,16,474,1992,2.07
61,2,16,474,1993,2.19
61,2,16,474,1994,2.27
61,2,16,474,1995,2.54
61,2,16,474,1996,2.47
61,2,16,474,1997,1.97
61,2,16,474,1998,1.8
61,2,16,474,1999,1.58
61,2,16,474,2000,1.52
61,2,16,474,2001,1.39
61,2,16,474,2002,1.28
61,2,16,474,2003,1.27
61,2,16,474,2004,1.33
61,2,16,474,2005,1.65
61,2,16,474,2006,2.1
61,2,16,474,2007,2.26
61,2,16,474,2008,2.3
61,2,16,474,2009,2.16
61,2,16,474,2010,1.95
61,2,16,474,2011,1.75
61,2,16,474,2012,1.62
61,2,16,474,2013,1.59
61,2,16,474,2014,1.74
61,2,16,474,2015,1.9
61,2,16,474,2016,1.78
61,2,16,474,2017,1.72
61,2,17,474,1990,3.39
61,2,17,474,1991,3.69
61,2,17,474,1992,3.39
61,2,17,474,1993,3.52
61,2,17,474,1994,3.35
61,2,17,474,1995,3.44
61,2,17,474,1996,3.27
61,2,17,474,1997,2.73
61,2,17,474,1998,2.54
61,2,17,474,1999,2.51
61,2,17,474,2000,2.62
61,2,17,474,2001,2.74
61,2,17,474,2002,2.78
61,2,17,474,2003,2.79
61,2,17,474,2004,2.61
61,2,17,474,2005,2.61
61,2,17,474,2006,2.63
61,2,17,474,2007,2.25
61,2,17,474,2008,2.1
61,2,17,474,2009,2.21
61,2,17,474,2010,2.4
61,2,17,474,2011,2.62
61,2,17,474,2012,2.68
61,2,17,474,2013,2.64
61,2,17,474,2014,2.94
61,2,17,474,2015,3.07
61,2,17,474,2016,2.61
61,2,17,474,2017,2.6
61,2,18,474,1990,4.76
61,2,18,474,1991,5.05
61,2,18,474,1992,4.87
61,2,18,474,1993,5.38
61,2,18,474,1994,5.81
61,2,18,474,1995,5.71
61,2,18,474,1996,5.73
61,2,18,474,1997,4.52
61,2,18,474,1998,4.22
61,2,18,474,1999,3.67
61,2,18,474,2000,3.75
61,2,18,474,2001,3.8
61,2,18,474,2002,3.9
61,2,18,474,2003,4.1
61,2,18,474,2004,4.13
61,2,18,474,2005,4.47
61,2,18,474,2006,4.75
61,2,18,474,2007,4.5
61,2,18,474,2008,4.15
61,2,18,474,2009,3.73
61,2,18,474,2010,3.24
61,2,18,474,2011,2.72
61,2,18,474,2012,2.28
61,2,18,474,2013,2.11
61,2,18,474,2014,2.49
61,2,18,474,2015,3.12
61,2,18,474,2016,3.26
61,2,18,474,2017,3.52
61,2,19,474,1990,5.04
61,2,19,474,1991,6.03
61,2,19,474,1992,6.74
61,2,19,474,1993,7.57
61,2,19,474,1994,8.14
61,2,19,474,1995,8.19
61,2,19,474,1996,7.85
61,2,19,474,1997,6.41
61,2,19,474,1998,6.19
61,2,19,474,1999,5.65
61,2,19,474,2000,5.72
61,2,19,474,2001,5.84
61,2,19,474,2002,5.6
61,2,19,474,2003,5.87
61,2,19,474,2004,5.63
61,2,19,474,2005,6.03
61,2,19,474,2006,6.54
61,2,19,474,2007,6.73
61,2,19,474,2008,6.51
61,2,19,474,2009,6.45
61,2,19,474,2010,5.77
61,2,19,474,2011,5.37
61,2,19,474,2012,5.28
61,2,19,474,2013,4.82
61,2,19,474,2014,4.46
61,2,19,474,2015,4.62
61,2,19,474,2016,3.77
61,2,19,474,2017,3.39
61,2,20,474,1990,5.68
61,2,20,474,1991,5.76
61,2,20,474,1992,5.53
61,2,20,474,1993,5.26
61,2,20,474,1994,5.56
61,2,20,474,1995,5.02
61,2,20,474,1996,5.28
61,2,20,474,1997,4.83
61,2,20,474,1998,5.03
61,2,20,474,1999,4.86
61,2,20,474,2000,5.23
61,2,20,474,2001,5.46
61,2,20,474,2002,5.31
61,2,20,474,2003,5.79
61,2,20,474,2004,5.91
61,2,20,474,2005,6.2
61,2,20,474,2006,7
61,2,20,474,2007,6.93
61,2,20,474,2008,6.86
61,2,20,474,2009,6.31
61,2,20,474,2010,5.99
61,2,20,474,2011,5.98
61,2,20,474,2012,6.28
61,2,20,474,2013,6.05
61,2,20,474,2014,6.51
61,2,20,474,2015,7.13
61,2,20,474,2016,6.22
61,2,20,474,2017,6.15
61,2,22,474,1990,28.76
61,2,22,474,1991,31.12
61,2,22,474,1992,30.85
61,2,22,474,1993,32.97
61,2,22,474,1994,34.79
61,2,22,474,1995,34.38
61,2,22,474,1996,33.72
61,2,22,474,1997,28.06
61,2,22,474,1998,26.79
61,2,22,474,1999,25.29
61,2,22,474,2000,26.17
61,2,22,474,2001,26.95
61,2,22,474,2002,26.89
61,2,22,474,2003,28.46
61,2,22,474,2004,28.23
61,2,22,474,2005,29.98
61,2,22,474,2006,32.52
61,2,22,474,2007,31.91
61,2,22,474,2008,31.13
61,2,22,474,2009,30.11
61,2,22,474,2010,28.35
61,2,22,474,2011,27.48
61,2,22,474,2012,27
61,2,22,474,2013,25.81
61,2,22,474,2014,27.09
61,2,22,474,2015,29.34
61,2,22,474,2016,26.69
61,2,22,474,2017,26.54
61,2,30,474,1990,3.5
61,2,30,474,1991,3.93
61,2,30,474,1992,3.88
61,2,30,474,1993,4.49
61,2,30,474,1994,4.81
61,2,30,474,1995,4.54
61,2,30,474,1996,4.23
61,2,30,474,1997,3.3
61,2,30,474,1998,2.74
61,2,30,474,1999,2.66
61,2,30,474,2000,2.63
61,2,30,474,2001,2.86
61,2,30,474,2002,3.11
61,2,30,474,2003,3.67
61,2,30,474,2004,3.78
61,2,30,474,2005,4.14
61,2,30,474,2006,4.44
61,2,30,474,2007,4.39
61,2,30,474,2008,4.39
61,2,30,474,2009,4.44
61,2,30,474,2010,4.3
61,2,30,474,2011,4.42
61,2,30,474,2012,4.26
61,2,30,474,2013,4.01
61,2,30,474,2014,4.06
61,2,30,474,2015,4.35
61,2,30,474,2016,4.04
61,2,30,474,2017,4.2
61,2,31,474,1990,1.36
61,2,31,474,1991,1.44
61,2,31,474,1992,1.44
61,2,31,474,1993,1.53
61,2,31,474,1994,1.62
61,2,31,474,1995,1.66
61,2,31,474,1996,1.74
61,2,31,474,1997,1.65
61,2,31,474,1998,1.71
61,2,31,474,1999,1.81
61,2,31,474,2000,1.91
61,2,31,474,2001,1.81
61,2,31,474,2002,1.71
61,2,31,474,2003,1.56
61,2,31,474,2004,1.53
61,2,31,474,2005,1.5
61,2,31,474,2006,1.64
61,2,31,474,2007,1.7
61,2,31,474,2008,1.85
61,2,31,474,2009,1.92
61,2,31,474,2010,2.01
61,2,31,474,2011,2.03
61,2,31,474,2012,2.08
61,2,31,474,2013,2.07
61,2,31,474,2014,2.21
61,2,31,474,2015,2.29
61,2,31,474,2016,2.27
61,2,31,474,2017,2.25
61,2,32,474,1990,0.42
61,2,32,474,1991,0.44
61,2,32,474,1992,0.45
61,2,32,474,1993,0.49
61,2,32,474,1994,0.53
61,2,32,474,1995,0.58
61,2,32,474,1996,0.58
61,2,32,474,1997,0.58
61,2,32,474,1998,0.6
61,2,32,474,1999,0.66
61,2,32,474,2000,0.72
61,2,32,474,2001,0.81
61,2,32,474,2002,0.85
61,2,32,474,2003,0.92
61,2,32,474,2004,0.86
61,2,32,474,2005,0.83
61,2,32,474,2006,0.73
61,2,32,474,2007,0.62
61,2,32,474,2008,0.55
61,2,32,474,2009,0.57
61,2,32,474,2010,0.57
61,2,32,474,2011,0.64
61,2,32,474,2012,0.72
61,2,32,474,2013,0.79
61,2,32,474,2014,0.89
61,2,32,474,2015,1.01
61,2,32,474,2016,1.05
61,2,32,474,2017,1.1
61,2,235,474,1990,0.15
61,2,235,474,1991,0.15
61,2,235,474,1992,0.14
61,2,235,474,1993,0.14
61,2,235,474,1994,0.13
61,2,235,474,1995,0.12
61,2,235,474,1996,0.11
61,2,235,474,1997,0.1
61,2,235,474,1998,0.11
61,2,235,474,1999,0.12
61,2,235,474,2000,0.13
61,2,235,474,2001,0.14
61,2,235,474,2002,0.16
61,2,235,474,2003,0.17
61,2,235,474,2004,0.17
61,2,235,474,2005,0.17
61,2,235,474,2006,0.18
61,2,235,474,2007,0.16
61,2,235,474,2008,0.17
61,2,235,474,2009,0.16
61,2,235,474,2010,0.17
61,2,235,474,2011,0.16
61,2,235,474,2012,0.15
61,2,235,474,2013,0.14
61,2,235,474,2014,0.16
61,2,235,474,2015,0.18
61,2,235,474,2016,0.21
61,2,235,474,2017,0.23
62,2,8,474,1990,0.56
62,2,8,474,1991,0.57
62,2,8,474,1992,0.6
62,2,8,474,1993,0.63
62,2,8,474,1994,0.66
62,2,8,474,1995,0.67
62,2,8,474,1996,0.67
62,2,8,474,1997,0.67
62,2,8,474,1998,0.69
62,2,8,474,1999,0.72
62,2,8,474,2000,0.73
62,2,8,474,2001,0.73
62,2,8,474,2002,0.72
62,2,8,474,2003,0.73
62,2,8,474,2004,0.71
62,2,8,474,2005,0.71
62,2,8,474,2006,0.66
62,2,8,474,2007,0.6
62,2,8,474,2008,0.54
62,2,8,474,2009,0.49
62,2,8,474,2010,0.45
62,2,8,474,2011,0.4
62,2,8,474,2012,0.38
62,2,8,474,2013,0.37
62,2,8,474,2014,0.35
62,2,8,474,2015,0.32
62,2,8,474,2016,0.3
62,2,8,474,2017,0.3
62,2,9,474,1990,0.59
62,2,9,474,1991,0.61
62,2,9,474,1992,0.67
62,2,9,474,1993,0.78
62,2,9,474,1994,0.85
62,2,9,474,1995,0.87
62,2,9,474,1996,0.85
62,2,9,474,1997,0.85
62,2,9,474,1998,0.88
62,2,9,474,1999,0.96
62,2,9,474,2000,0.99
62,2,9,474,2001,0.99
62,2,9,474,2002,0.99
62,2,9,474,2003,1.02
62,2,9,474,2004,1.04
62,2,9,474,2005,1.11
62,2,9,474,2006,1.05
62,2,9,474,2007,0.99
62,2,9,474,2008,0.96
62,2,9,474,2009,0.89
62,2,9,474,2010,0.86
62,2,9,474,2011,0.78
62,2,9,474,2012,0.7
62,2,9,474,2013,0.62
62,2,9,474,2014,0.56
62,2,9,474,2015,0.48
62,2,9,474,2016,0.39
62,2,9,474,2017,0.36
62,2,10,474,1990,0.98
62,2,10,474,1991,0.98
62,2,10,474,1992,1.04
62,2,10,474,1993,1.18
62,2,10,474,1994,1.25
62,2,10,474,1995,1.22
62,2,10,474,1996,1.17
62,2,10,474,1997,1.14
62,2,10,474,1998,1.19
62,2,10,474,1999,1.32
62,2,10,474,2000,1.41
62,2,10,474,2001,1.47
62,2,10,474,2002,1.54
62,2,10,474,2003,1.67
62,2,10,474,2004,1.77
62,2,10,474,2005,1.95
62,2,10,474,2006,1.9
62,2,10,474,2007,1.91
62,2,10,474,2008,1.97
62,2,10,474,2009,1.88
62,2,10,474,2010,1.86
62,2,10,474,2011,1.7
62,2,10,474,2012,1.64
62,2,10,474,2013,1.54
62,2,10,474,2014,1.5
62,2,10,474,2015,1.34
62,2,10,474,2016,1.16
62,2,10,474,2017,1.08
62,2,11,474,1990,2.14
62,2,11,474,1991,2.27
62,2,11,474,1992,2.56
62,2,11,474,1993,3.06
62,2,11,474,1994,3.3
62,2,11,474,1995,3.04
62,2,11,474,1996,2.64
62,2,11,474,1997,2.33
62,2,11,474,1998,2.21
62,2,11,474,1999,2.3
62,2,11,474,2000,2.4
62,2,11,474,2001,2.5
62,2,11,474,2002,2.7
62,2,11,474,2003,2.88
62,2,11,474,2004,3.1
62,2,11,474,2005,3.52
62,2,11,474,2006,3.4
62,2,11,474,2007,3.39
62,2,11,474,2008,3.49
62,2,11,474,2009,3.4
62,2,11,474,2010,3.52
62,2,11,474,2011,3.29
62,2,11,474,2012,3.23
62,2,11,474,2013,3.16
62,2,11,474,2014,3.18
62,2,11,474,2015,3.02
62,2,11,474,2016,2.76
62,2,11,474,2017,2.82
62,2,12,474,1990,6.19
62,2,12,474,1991,6.56
62,2,12,474,1992,7.54
62,2,12,474,1993,9.54
62,2,12,474,1994,10.55
62,2,12,474,1995,9.87
62,2,12,474,1996,8.87
62,2,12,474,1997,7.83
62,2,12,474,1998,7.57
62,2,12,474,1999,7.76
62,2,12,474,2000,7.77
62,2,12,474,2001,7.44
62,2,12,474,2002,7.23
62,2,12,474,2003,7.05
62,2,12,474,2004,7.22
62,2,12,474,2005,7.86
62,2,12,474,2006,7.2
62,2,12,474,2007,7
62,2,12,474,2008,7.2
62,2,12,474,2009,6.99
62,2,12,474,2010,7.28
62,2,12,474,2011,6.91
62,2,12,474,2012,6.79
62,2,12,474,2013,6.84
62,2,12,474,2014,7.11
62,2,12,474,2015,7.11
62,2,12,474,2016,6.7
62,2,12,474,2017,6.79
62,2,13,474,1990,9.44
62,2,13,474,1991,10.87
62,2,13,474,1992,12.51
62,2,13,474,1993,15.8
62,2,13,474,1994,17.87
62,2,13,474,1995,16.66
62,2,13,474,1996,15.09
62,2,13,474,1997,13.35
62,2,13,474,1998,13.25
62,2,13,474,1999,14.02
62,2,13,474,2000,14.93
62,2,13,474,2001,15.12
62,2,13,474,2002,15.76
62,2,13,474,2003,16.61
62,2,13,474,2004,16.19
62,2,13,474,2005,16.58
62,2,13,474,2006,14.33
62,2,13,474,2007,12.96
62,2,13,474,2008,12.51
62,2,13,474,2009,11.64
62,2,13,474,2010,11.91
62,2,13,474,2011,11.17
62,2,13,474,2012,11
62,2,13,474,2013,10.98
62,2,13,474,2014,11.62
62,2,13,474,2015,11.83
62,2,13,474,2016,11.53
62,2,13,474,2017,11.45
62,2,14,474,1990,10.57
62,2,14,474,1991,9.71
62,2,14,474,1992,10.99
62,2,14,474,1993,15.24
62,2,14,474,1994,20.32
62,2,14,474,1995,22.02
62,2,14,474,1996,21.88
62,2,14,474,1997,20.48
62,2,14,474,1998,20.62
62,2,14,474,1999,21.94
62,2,14,474,2000,23.5
62,2,14,474,2001,24.73
62,2,14,474,2002,25.39
62,2,14,474,2003,27.46
62,2,14,474,2004,27.53
62,2,14,474,2005,29.44
62,2,14,474,2006,27.66
62,2,14,474,2007,26.52
62,2,14,474,2008,26.44
62,2,14,474,2009,24.77
62,2,14,474,2010,23.67
62,2,14,474,2011,20.91
62,2,14,474,2012,19.44
62,2,14,474,2013,18.12
62,2,14,474,2014,17.8
62,2,14,474,2015,17.55
62,2,14,474,2016,17.07
62,2,14,474,2017,17.05
62,2,15,474,1990,31.94
62,2,15,474,1991,32.46
62,2,15,474,1992,33.69
62,2,15,474,1993,35.04
62,2,15,474,1994,32.04
62,2,15,474,1995,25.64
62,2,15,474,1996,21.04
62,2,15,474,1997,20.03
62,2,15,474,1998,22.84
62,2,15,474,1999,29.18
62,2,15,474,2000,35.71
62,2,15,474,2001,40.01
62,2,15,474,2002,43.13
62,2,15,474,2003,46.9
62,2,15,474,2004,47.08
62,2,15,474,2005,49.06
62,2,15,474,2006,45.94
62,2,15,474,2007,44.51
62,2,15,474,2008,45.82
62,2,15,474,2009,44.9
62,2,15,474,2010,45.11
62,2,15,474,2011,42.22
62,2,15,474,2012,40.6
62,2,15,474,2013,38.78
62,2,15,474,2014,37.96
62,2,15,474,2015,35.52
62,2,15,474,2016,32.55
62,2,15,474,2017,30.2
62,2,16,474,1990,49.88
62,2,16,474,1991,48.82
62,2,16,474,1992,53.82
62,2,16,474,1993,66.16
62,2,16,474,1994,77.93
62,2,16,474,1995,78.17
62,2,16,474,1996,72.61
62,2,16,474,1997,65.74
62,2,16,474,1998,57.14
62,2,16,474,1999,51.44
62,2,16,474,2000,44.28
62,2,16,474,2001,40.24
62,2,16,474,2002,43.17
62,2,16,474,2003,50.29
62,2,16,474,2004,58.39
62,2,16,474,2005,70.15
62,2,16,474,2006,71.66
62,2,16,474,2007,70.23
62,2,16,474,2008,73.76
62,2,16,474,2009,72.8
62,2,16,474,2010,73.86
62,2,16,474,2011,69.7
62,2,16,474,2012,67.52
62,2,16,474,2013,67.08
62,2,16,474,2014,68.33
62,2,16,474,2015,67.34
62,2,16,474,2016,65.99
62,2,16,474,2017,64.14
62,2,17,474,1990,128.23
62,2,17,474,1991,129.28
62,2,17,474,1992,129.37
62,2,17,474,1993,140.73
62,2,17,474,1994,137.95
62,2,17,474,1995,123.91
62,2,17,474,1996,114.42
62,2,17,474,1997,112.81
62,2,17,474,1998,115.7
62,2,17,474,1999,130.88
62,2,17,474,2000,141.3
62,2,17,474,2001,142.54
62,2,17,474,2002,138.18
62,2,17,474,2003,120.83
62,2,17,474,2004,97.34
62,2,17,474,2005,83.31
62,2,17,474,2006,68.99
62,2,17,474,2007,68.02
62,2,17,474,2008,78.2
62,2,17,474,2009,90.48
62,2,17,474,2010,106.17
62,2,17,474,2011,109.49
62,2,17,474,2012,109.01
62,2,17,474,2013,110.36
62,2,17,474,2014,113.21
62,2,17,474,2015,112.7
62,2,17,474,2016,110.99
62,2,17,474,2017,110.5
62,2,18,474,1990,152.67
62,2,18,474,1991,166.73
62,2,18,474,1992,188.24
62,2,18,474,1993,219.23
62,2,18,474,1994,242.81
62,2,18,474,1995,235.49
62,2,18,474,1996,225.12
62,2,18,474,1997,209.34
62,2,18,474,1998,199.2
62,2,18,474,1999,191.63
62,2,18,474,2000,182.78
62,2,18,474,2001,177.56
62,2,18,474,2002,183.53
62,2,18,474,2003,194.35
62,2,18,474,2004,201.1
62,2,18,474,2005,214.74
62,2,18,474,2006,200.66
62,2,18,474,2007,182.43
62,2,18,474,2008,159.31
62,2,18,474,2009,126.97
62,2,18,474,2010,106.39
62,2,18,474,2011,89.7
62,2,18,474,2012,90.84
62,2,18,474,2013,101.88
62,2,18,474,2014,122.72
62,2,18,474,2015,141.37
62,2,18,474,2016,152.6
62,2,18,474,2017,154.32
62,2,19,474,1990,168.34
62,2,19,474,1991,168.91
62,2,19,474,1992,181.42
62,2,19,474,1993,219.13
62,2,19,474,1994,244.27
62,2,19,474,1995,263.76
62,2,19,474,1996,278.25
62,2,19,474,1997,299.31
62,2,19,474,1998,311.28
62,2,19,474,1999,338.21
62,2,19,474,2000,338.3
62,2,19,474,2001,334.45
62,2,19,474,2002,321.22
62,2,19,474,2003,307.72
62,2,19,474,2004,264.44
62,2,19,474,2005,255.15
62,2,19,474,2006,234.1
62,2,19,474,2007,232.89
62,2,19,474,2008,247.32
62,2,19,474,2009,263.27
62,2,19,474,2010,280.95
62,2,19,474,2011,266.59
62,2,19,474,2012,251.02
62,2,19,474,2013,214.12
62,2,19,474,2014,175.75
62,2,19,474,2015,145.07
62,2,19,474,2016,128.15
62,2,19,474,2017,135.28
62,2,20,474,1990,266.17
62,2,20,474,1991,255.06
62,2,20,474,1992,250.77
62,2,20,474,1993,247.31
62,2,20,474,1994,255.36
62,2,20,474,1995,229.36
62,2,20,474,1996,223.43
62,2,20,474,1997,229.89
62,2,20,474,1998,251.4
62,2,20,474,1999,279.01
62,2,20,474,2000,313.83
62,2,20,474,2001,337.73
62,2,20,474,2002,374.5
62,2,20,474,2003,392.23
62,2,20,474,2004,393.64
62,2,20,474,2005,403.86
62,2,20,474,2006,379.44
62,2,20,474,2007,347.92
62,2,20,474,2008,335.01
62,2,20,474,2009,299.67
62,2,20,474,2010,286.83
62,2,20,474,2011,268.33
62,2,20,474,2012,276.8
62,2,20,474,2013,291.46
62,2,20,474,2014,320.34
62,2,20,474,2015,336.62
62,2,20,474,2016,331.45
62,2,20,474,2017,309.05
62,2,22,474,1990,1163.1
62,2,22,474,1991,1192.93
62,2,22,474,1992,1254.76
62,2,22,474,1993,1402.24
62,2,22,474,1994,1502.26
62,2,22,474,1995,1466.57
62,2,22,474,1996,1429.73
62,2,22,474,1997,1415.11
62,2,22,474,1998,1424.74
62,2,22,474,1999,1512.86
62,2,22,474,2000,1545.63
62,2,22,474,2001,1562.06
62,2,22,474,2002,1593.73
62,2,22,474,2003,1613.76
62,2,22,474,2004,1575.33
62,2,22,474,2005,1625.1
62,2,22,474,2006,1557.42
62,2,22,474,2007,1521.98
62,2,22,474,2008,1548.61
62,2,22,474,2009,1531.5
62,2,22,474,2010,1560.81
62,2,22,474,2011,1500.43
62,2,22,474,2012,1491.21
62,2,22,474,2013,1478.73
62,2,22,474,2014,1492.1
62,2,22,474,2015,1491.79
62,2,22,474,2016,1474.83
62,2,22,474,2017,1467.8
62,2,30,474,1990,202.27
62,2,30,474,1991,218.02
62,2,30,474,1992,227.65
62,2,30,474,1993,259.09
62,2,30,474,1994,273.91
62,2,30,474,1995,274.2
62,2,30,474,1996,253.93
62,2,30,474,1997,237.43
62,2,30,474,1998,216.12
62,2,30,474,1999,227.28
62,2,30,474,2000,214.49
62,2,30,474,2001,218.99
62,2,30,474,2002,230.15
62,2,30,474,2003,251.76
62,2,30,474,2004,263.56
62,2,30,474,2005,299.43
62,2,30,474,2006,315.88
62,2,30,474,2007,340.41
62,2,30,474,2008,363.08
62,2,30,474,2009,376.37
62,2,30,474,2010,386.02
62,2,30,474,2011,371.73
62,2,30,474,2012,353.14
62,2,30,474,2013,336.39
62,2,30,474,2014,310.05
62,2,30,474,2015,294.14
62,2,30,474,2016,289.16
62,2,30,474,2017,304.34
62,2,31,474,1990,95.26
62,2,31,474,1991,98.44
62,2,31,474,1992,108.08
62,2,31,474,1993,117.7
62,2,31,474,1994,127.17
62,2,31,474,1995,125.01
62,2,31,474,1996,131.34
62,2,31,474,1997,132.75
62,2,31,474,1998,141.23
62,2,31,474,1999,147.86
62,2,31,474,2000,154.36
62,2,31,474,2001,146.26
62,2,31,474,2002,136.36
62,2,31,474,2003,123.56
62,2,31,474,2004,126.96
62,2,31,474,2005,121.66
62,2,31,474,2006,120.29
62,2,31,474,2007,122.06
62,2,31,474,2008,136.08
62,2,31,474,2009,145.83
62,2,31,474,2010,164.83
62,2,31,474,2011,176.12
62,2,31,474,2012,195.24
62,2,31,474,2013,206.34
62,2,31,474,2014,220.53
62,2,31,474,2015,224.79
62,2,31,474,2016,222.73
62,2,31,474,2017,210.2
62,2,32,474,1990,29.6
62,2,32,474,1991,34.9
62,2,32,474,1992,36.38
62,2,32,474,1993,42.06
62,2,32,474,1994,45.35
62,2,32,474,1995,46.41
62,2,32,474,1996,46.3
62,2,32,474,1997,49.22
62,2,32,474,1998,50.59
62,2,32,474,1999,54.63
62,2,32,474,2000,55.03
62,2,32,474,2001,57.96
62,2,32,474,2002,56.57
62,2,32,474,2003,57.49
62,2,32,474,2004,54.86
62,2,32,474,2005,56.99
62,2,32,474,2006,54.36
62,2,32,474,2007,50.54
62,2,32,474,2008,46.43
62,2,32,474,2009,50.1
62,2,32,474,2010,49.03
62,2,32,474,2011,49.47
62,2,32,474,2012,52.2
62,2,32,474,2013,59.52
62,2,32,474,2014,67.85
62,2,32,474,2015,78.89
62,2,32,474,2016,86.88
62,2,32,474,2017,94.78
62,2,235,474,1990,8.28
62,2,235,474,1991,8.74
62,2,235,474,1992,9.45
62,2,235,474,1993,9.55
62,2,235,474,1994,10.68
62,2,235,474,1995,10.26
62,2,235,474,1996,12.12
62,2,235,474,1997,11.93
62,2,235,474,1998,12.83
62,2,235,474,1999,13.72
62,2,235,474,2000,13.82
62,2,235,474,2001,13.35
62,2,235,474,2002,12.59
62,2,235,474,2003,11.21
62,2,235,474,2004,10.39
62,2,235,474,2005,9.58
62,2,235,474,2006,9.9
62,2,235,474,2007,9.59
62,2,235,474,2008,10.5
62,2,235,474,2009,11.06
62,2,235,474,2010,12.08
62,2,235,474,2011,11.93
62,2,235,474,2012,11.65
62,2,235,474,2013,11.17
62,2,235,474,2014,13.23
62,2,235,474,2015,13.69
62,2,235,474,2016,14.43
62,2,235,474,2017,15.16
63,2,8,474,1990,0.2
63,2,8,474,1991,0.2
63,2,8,474,1992,0.2
63,2,8,474,1993,0.2
63,2,8,474,1994,0.2
63,2,8,474,1995,0.2
63,2,8,474,1996,0.19
63,2,8,474,1997,0.19
63,2,8,474,1998,0.19
63,2,8,474,1999,0.19
63,2,8,474,2000,0.2
63,2,8,474,2001,0.2
63,2,8,474,2002,0.2
63,2,8,474,2003,0.2
63,2,8,474,2004,0.19
63,2,8,474,2005,0.19
63,2,8,474,2006,0.19
63,2,8,474,2007,0.18
63,2,8,474,2008,0.17
63,2,8,474,2009,0.16
63,2,8,474,2010,0.15
63,2,8,474,2011,0.14
63,2,8,474,2012,0.14
63,2,8,474,2013,0.15
63,2,8,474,2014,0.19
63,2,8,474,2015,0.35
63,2,8,474,2016,0.38
63,2,8,474,2017,0.33
63,2,9,474,1990,0.21
63,2,9,474,1991,0.22
63,2,9,474,1992,0.23
63,2,9,474,1993,0.24
63,2,9,474,1994,0.26
63,2,9,474,1995,0.28
63,2,9,474,1996,0.27
63,2,9,474,1997,0.25
63,2,9,474,1998,0.23
63,2,9,474,1999,0.24
63,2,9,474,2000,0.24
63,2,9,474,2001,0.25
63,2,9,474,2002,0.24
63,2,9,474,2003,0.24
63,2,9,474,2004,0.24
63,2,9,474,2005,0.24
63,2,9,474,2006,0.25
63,2,9,474,2007,0.25
63,2,9,474,2008,0.25
63,2,9,474,2009,0.24
63,2,9,474,2010,0.23
63,2,9,474,2011,0.22
63,2,9,474,2012,0.23
63,2,9,474,2013,0.24
63,2,9,474,2014,0.27
63,2,9,474,2015,0.46
63,2,9,474,2016,0.47
63,2,9,474,2017,0.39
63,2,10,474,1990,0.25
63,2,10,474,1991,0.25
63,2,10,474,1992,0.26
63,2,10,474,1993,0.27
63,2,10,474,1994,0.28
63,2,10,474,1995,0.3
63,2,10,474,1996,0.3
63,2,10,474,1997,0.3
63,2,10,474,1998,0.27
63,2,10,474,1999,0.28
63,2,10,474,2000,0.29
63,2,10,474,2001,0.3
63,2,10,474,2002,0.31
63,2,10,474,2003,0.31
63,2,10,474,2004,0.33
63,2,10,474,2005,0.33
63,2,10,474,2006,0.32
63,2,10,474,2007,0.34
63,2,10,474,2008,0.34
63,2,10,474,2009,0.3
63,2,10,474,2010,0.29
63,2,10,474,2011,0.29
63,2,10,474,2012,0.3
63,2,10,474,2013,0.34
63,2,10,474,2014,0.34
63,2,10,474,2015,0.56
63,2,10,474,2016,0.59
63,2,10,474,2017,0.48
63,2,11,474,1990,0.61
63,2,11,474,1991,0.63
63,2,11,474,1992,0.67
63,2,11,474,1993,0.7
63,2,11,474,1994,0.72
63,2,11,474,1995,0.76
63,2,11,474,1996,0.74
63,2,11,474,1997,0.68
63,2,11,474,1998,0.61
63,2,11,474,1999,0.62
63,2,11,474,2000,0.65
63,2,11,474,2001,0.67
63,2,11,474,2002,0.71
63,2,11,474,2003,0.74
63,2,11,474,2004,0.78
63,2,11,474,2005,0.8
63,2,11,474,2006,0.82
63,2,11,474,2007,0.92
63,2,11,474,2008,0.94
63,2,11,474,2009,0.8
63,2,11,474,2010,0.72
63,2,11,474,2011,0.69
63,2,11,474,2012,0.72
63,2,11,474,2013,0.84
63,2,11,474,2014,0.81
63,2,11,474,2015,1.15
63,2,11,474,2016,1.14
63,2,11,474,2017,1.01
63,2,12,474,1990,1.27
63,2,12,474,1991,1.35
63,2,12,474,1992,1.42
63,2,12,474,1993,1.51
63,2,12,474,1994,1.62
63,2,12,474,1995,1.81
63,2,12,474,1996,1.83
63,2,12,474,1997,1.68
63,2,12,474,1998,1.48
63,2,12,474,1999,1.5
63,2,12,474,2000,1.52
63,2,12,474,2001,1.46
63,2,12,474,2002,1.48
63,2,12,474,2003,1.5
63,2,12,474,2004,1.57
63,2,12,474,2005,1.57
63,2,12,474,2006,1.58
63,2,12,474,2007,1.76
63,2,12,474,2008,1.78
63,2,12,474,2009,1.5
63,2,12,474,2010,1.39
63,2,12,474,2011,1.4
63,2,12,474,2012,1.52
63,2,12,474,2013,1.72
63,2,12,474,2014,1.66
63,2,12,474,2015,2.34
63,2,12,474,2016,2.34
63,2,12,474,2017,2.16
63,2,13,474,1990,2.71
63,2,13,474,1991,3.08
63,2,13,474,1992,3.44
63,2,13,474,1993,3.79
63,2,13,474,1994,3.99
63,2,13,474,1995,4.33
63,2,13,474,1996,4.19
63,2,13,474,1997,3.88
63,2,13,474,1998,3.65
63,2,13,474,1999,3.81
63,2,13,474,2000,3.99
63,2,13,474,2001,4.05
63,2,13,474,2002,4.25
63,2,13,474,2003,4.29
63,2,13,474,2004,4.52
63,2,13,474,2005,4.57
63,2,13,474,2006,4.16
63,2,13,474,2007,4.21
63,2,13,474,2008,4.36
63,2,13,474,2009,3.68
63,2,13,474,2010,3.37
63,2,13,474,2011,3.44
63,2,13,474,2012,3.68
63,2,13,474,2013,4.17
63,2,13,474,2014,4.15
63,2,13,474,2015,5.42
63,2,13,474,2016,5.44
63,2,13,474,2017,4.96
63,2,14,474,1990,4.38
63,2,14,474,1991,4.16
63,2,14,474,1992,4.22
63,2,14,474,1993,4.65
63,2,14,474,1994,5.32
63,2,14,474,1995,6.33
63,2,14,474,1996,6.59
63,2,14,474,1997,6.69
63,2,14,474,1998,6.45
63,2,14,474,1999,6.65
63,2,14,474,2000,6.81
63,2,14,474,2001,6.81
63,2,14,474,2002,7.09
63,2,14,474,2003,7.45
63,2,14,474,2004,7.96
63,2,14,474,2005,8.43
63,2,14,474,2006,7.94
63,2,14,474,2007,8.01
63,2,14,474,2008,8.48
63,2,14,474,2009,7.33
63,2,14,474,2010,6.73
63,2,14,474,2011,6.44
63,2,14,474,2012,6.67
63,2,14,474,2013,6.98
63,2,14,474,2014,6.61
63,2,14,474,2015,8.16
63,2,14,474,2016,7.93
63,2,14,474,2017,7.45
63,2,15,474,1990,12.74
63,2,15,474,1991,13.49
63,2,15,474,1992,13.26
63,2,15,474,1993,12.69
63,2,15,474,1994,12.03
63,2,15,474,1995,11.29
63,2,15,474,1996,10.06
63,2,15,474,1997,9.18
63,2,15,474,1998,8.92
63,2,15,474,1999,9.97
63,2,15,474,2000,11.47
63,2,15,474,2001,12.48
63,2,15,474,2002,13.66
63,2,15,474,2003,14.34
63,2,15,474,2004,14.81
63,2,15,474,2005,15.06
63,2,15,474,2006,14.1
63,2,15,474,2007,14.32
63,2,15,474,2008,14.56
63,2,15,474,2009,13.09
63,2,15,474,2010,12.79
63,2,15,474,2011,12.56
63,2,15,474,2012,13.15
63,2,15,474,2013,13.37
63,2,15,474,2014,12.71
63,2,15,474,2015,14.24
63,2,15,474,2016,13.12
63,2,15,474,2017,11.88
63,2,16,474,1990,15.75
63,2,16,474,1991,16.53
63,2,16,474,1992,18.47
63,2,16,474,1993,21.66
63,2,16,474,1994,24.72
63,2,16,474,1995,27.48
63,2,16,474,1996,26.92
63,2,16,474,1997,24.67
63,2,16,474,1998,20.84
63,2,16,474,1999,19.23
63,2,16,474,2000,17.01
63,2,16,474,2001,15.55
63,2,16,474,2002,15.64
63,2,16,474,2003,16.54
63,2,16,474,2004,18.79
63,2,16,474,2005,21.9
63,2,16,474,2006,22.76
63,2,16,474,2007,23.71
63,2,16,474,2008,23.49
63,2,16,474,2009,22.18
63,2,16,474,2010,21.06
63,2,16,474,2011,20.84
63,2,16,474,2012,22.07
63,2,16,474,2013,22.29
63,2,16,474,2014,20.9
63,2,16,474,2015,23.76
63,2,16,474,2016,23.8
63,2,16,474,2017,22.16
63,2,17,474,1990,39.52
63,2,17,474,1991,40.13
63,2,17,474,1992,40
63,2,17,474,1993,38.63
63,2,17,474,1994,37.26
63,2,17,474,1995,38.1
63,2,17,474,1996,38.8
63,2,17,474,1997,39
63,2,17,474,1998,40.24
63,2,17,474,1999,45.15
63,2,17,474,2000,48.28
63,2,17,474,2001,48.67
63,2,17,474,2002,47.02
63,2,17,474,2003,42.56
63,2,17,474,2004,38.76
63,2,17,474,2005,34.86
63,2,17,474,2006,29.19
63,2,17,474,2007,27.07
63,2,17,474,2008,28.18
63,2,17,474,2009,29.1
63,2,17,474,2010,32.18
63,2,17,474,2011,33.05
63,2,17,474,2012,35.49
63,2,17,474,2013,35.16
63,2,17,474,2014,31.18
63,2,17,474,2015,35.78
63,2,17,474,2016,35.36
63,2,17,474,2017,33.35
63,2,18,474,1990,52.35
63,2,18,474,1991,58.25
63,2,18,474,1992,63.62
63,2,18,474,1993,69.58
63,2,18,474,1994,73.24
63,2,18,474,1995,78.61
63,2,18,474,1996,74.42
63,2,18,474,1997,66.84
63,2,18,474,1998,57.55
63,2,18,474,1999,54.87
63,2,18,474,2000,52.58
63,2,18,474,2001,52.16
63,2,18,474,2002,56.42
63,2,18,474,2003,62.57
63,2,18,474,2004,69.03
63,2,18,474,2005,73.74
63,2,18,474,2006,71.27
63,2,18,474,2007,65.22
63,2,18,474,2008,57.67
63,2,18,474,2009,47.15
63,2,18,474,2010,40.67
63,2,18,474,2011,35.42
63,2,18,474,2012,35
63,2,18,474,2013,35.18
63,2,18,474,2014,36
63,2,18,474,2015,45.7
63,2,18,474,2016,48.11
63,2,18,474,2017,48.13
63,2,19,474,1990,53.09
63,2,19,474,1991,56.65
63,2,19,474,1992,63.49
63,2,19,474,1993,71.1
63,2,19,474,1994,79.18
63,2,19,474,1995,91.19
63,2,19,474,1996,94.87
63,2,19,474,1997,94.02
63,2,19,474,1998,91.4
63,2,19,474,1999,94.92
63,2,19,474,2000,96.32
63,2,19,474,2001,92.11
63,2,19,474,2002,88.9
63,2,19,474,2003,81.49
63,2,19,474,2004,74.89
63,2,19,474,2005,71.85
63,2,19,474,2006,71.24
63,2,19,474,2007,77.79
63,2,19,474,2008,84.22
63,2,19,474,2009,85.37
63,2,19,474,2010,87.7
63,2,19,474,2011,83.96
63,2,19,474,2012,77.64
63,2,19,474,2013,66.75
63,2,19,474,2014,56.45
63,2,19,474,2015,55.2
63,2,19,474,2016,50.28
63,2,19,474,2017,47.01
63,2,20,474,1990,86.47
63,2,20,474,1991,84.83
63,2,20,474,1992,79.23
63,2,20,474,1993,76.39
63,2,20,474,1994,74.61
63,2,20,474,1995,78.68
63,2,20,474,1996,81.13
63,2,20,474,1997,79.11
63,2,20,474,1998,78.14
63,2,20,474,1999,86.66
63,2,20,474,2000,95.66
63,2,20,474,2001,100.99
63,2,20,474,2002,107.04
63,2,20,474,2003,111.1
63,2,20,474,2004,111.57
63,2,20,474,2005,113.43
63,2,20,474,2006,103.79
63,2,20,474,2007,99.49
63,2,20,474,2008,88.34
63,2,20,474,2009,79.05
63,2,20,474,2010,76.12
63,2,20,474,2011,76.61
63,2,20,474,2012,83.22
63,2,20,474,2013,88.59
63,2,20,474,2014,89.21
63,2,20,474,2015,100.65
63,2,20,474,2016,99.02
63,2,20,474,2017,87.54
63,2,22,474,1990,378.97
63,2,22,474,1991,397.86
63,2,22,474,1992,414.82
63,2,22,474,1993,436.6
63,2,22,474,1994,453.67
63,2,22,474,1995,482.74
63,2,22,474,1996,473.12
63,2,22,474,1997,447.85
63,2,22,474,1998,424.19
63,2,22,474,1999,438.27
63,2,22,474,2000,447.67
63,2,22,474,2001,446.6
63,2,22,474,2002,456.42
63,2,22,474,2003,460.21
63,2,22,474,2004,464.57
63,2,22,474,2005,475.9
63,2,22,474,2006,458.33
63,2,22,474,2007,460.68
63,2,22,474,2008,457.17
63,2,22,474,2009,435.04
63,2,22,474,2010,433.96
63,2,22,474,2011,423.55
63,2,22,474,2012,430.31
63,2,22,474,2013,422.53
63,2,22,474,2014,403.79
63,2,22,474,2015,450.16
63,2,22,474,2016,444.16
63,2,22,474,2017,423.18
63,2,30,474,1990,65.43
63,2,30,474,1991,70.75
63,2,30,474,1992,75.98
63,2,30,474,1993,81.68
63,2,30,474,1994,84.57
63,2,30,474,1995,83.78
63,2,30,474,1996,72.47
63,2,30,474,1997,64.39
63,2,30,474,1998,59.59
63,2,30,474,1999,58.52
63,2,30,474,2000,57.4
63,2,30,474,2001,58.94
63,2,30,474,2002,64.66
63,2,30,474,2003,69.15
63,2,30,474,2004,73.01
63,2,30,474,2005,77.97
63,2,30,474,2006,78.77
63,2,30,474,2007,83.33
63,2,30,474,2008,87.5
63,2,30,474,2009,85.99
63,2,30,474,2010,87.26
63,2,30,474,2011,82.34
63,2,30,474,2012,79.73
63,2,30,474,2013,72.01
63,2,30,474,2014,65.01
63,2,30,474,2015,67.65
63,2,30,474,2016,67.19
63,2,30,474,2017,70.36
63,2,31,474,1990,34.78
63,2,31,474,1991,36.98
63,2,31,474,1992,38.67
63,2,31,474,1993,40.32
63,2,31,474,1994,41.06
63,2,31,474,1995,43.27
63,2,31,474,1996,42.84
63,2,31,474,1997,39.51
63,2,31,474,1998,36.83
63,2,31,474,1999,36.55
63,2,31,474,2000,34.99
63,2,31,474,2001,31.62
63,2,31,474,2002,28.59
63,2,31,474,2003,27.84
63,2,31,474,2004,28.25
63,2,31,474,2005,30.54
63,2,31,474,2006,32.33
63,2,31,474,2007,35.29
63,2,31,474,2008,37.72
63,2,31,474,2009,39.84
63,2,31,474,2010,43.67
63,2,31,474,2011,46.12
63,2,31,474,2012,49.63
63,2,31,474,2013,52.65
63,2,31,474,2014,54.39
63,2,31,474,2015,60.7
63,2,31,474,2016,58.69
63,2,31,474,2017,54.19
63,2,32,474,1990,8.35
63,2,32,474,1991,9.42
63,2,32,474,1992,10.67
63,2,32,474,1993,12.11
63,2,32,474,1994,13.41
63,2,32,474,1995,14.93
63,2,32,474,1996,15.85
63,2,32,474,1997,15.52
63,2,32,474,1998,15.46
63,2,32,474,1999,16.18
63,2,32,474,2000,16.78
63,2,32,474,2001,16.43
63,2,32,474,2002,15.94
63,2,32,474,2003,15.42
63,2,32,474,2004,15.26
63,2,32,474,2005,15.65
63,2,32,474,2006,14.98
63,2,32,474,2007,14.28
63,2,32,474,2008,14.8
63,2,32,474,2009,15.11
63,2,32,474,2010,15.64
63,2,32,474,2011,16.34
63,2,32,474,2012,17.69
63,2,32,474,2013,18.7
63,2,32,474,2014,20.46
63,2,32,474,2015,24.39
63,2,32,474,2016,26.46
63,2,32,474,2017,27.66
63,2,235,474,1990,0.87
63,2,235,474,1991,0.94
63,2,235,474,1992,1.01
63,2,235,474,1993,1.09
63,2,235,474,1994,1.2
63,2,235,474,1995,1.39
63,2,235,474,1996,1.64
63,2,235,474,1997,1.94
63,2,235,474,1998,2.34
63,2,235,474,1999,2.91
63,2,235,474,2000,3.47
63,2,235,474,2001,3.9
63,2,235,474,2002,4.26
63,2,235,474,2003,4.47
63,2,235,474,2004,4.6
63,2,235,474,2005,4.78
63,2,235,474,2006,4.64
63,2,235,474,2007,4.51
63,2,235,474,2008,4.37
63,2,235,474,2009,4.17
63,2,235,474,2010,3.98
63,2,235,474,2011,3.69
63,2,235,474,2012,3.42
63,2,235,474,2013,3.4
63,2,235,474,2014,3.44
63,2,235,474,2015,3.65
63,2,235,474,2016,3.83
63,2,235,474,2017,4.11
66,2,8,474,1990,0
66,2,8,474,1991,0
66,2,8,474,1992,0
66,2,8,474,1993,0
66,2,8,474,1994,0
66,2,8,474,1995,0
66,2,8,474,1996,0
66,2,8,474,1997,0
66,2,8,474,1998,0
66,2,8,474,1999,0
66,2,8,474,2000,0
66,2,8,474,2001,0
66,2,8,474,2002,0
66,2,8,474,2003,0
66,2,8,474,2004,0
66,2,8,474,2005,0
66,2,8,474,2006,0
66,2,8,474,2007,0
66,2,8,474,2008,0
66,2,8,474,2009,0
66,2,8,474,2010,0
66,2,8,474,2011,0
66,2,8,474,2012,0
66,2,8,474,2013,0
66,2,8,474,2014,0
66,2,8,474,2015,0.01
66,2,8,474,2016,0.01
66,2,8,474,2017,0
66,2,9,474,1990,0
66,2,9,474,1991,0
66,2,9,474,1992,0
66,2,9,474,1993,0
66,2,9,474,1994,0
66,2,9,474,1995,0
66,2,9,474,1996,0
66,2,9,474,1997,0
66,2,9,474,1998,0
66,2,9,474,1999,0
66,2,9,474,2000,0
66,2,9,474,2001,0
66,2,9,474,2002,0
66,2,9,474,2003,0
66,2,9,474,2004,0
66,2,9,474,2005,0
66,2,9,474,2006,0
66,2,9,474,2007,0
66,2,9,474,2008,0
66,2,9,474,2009,0
66,2,9,474,2010,0
66,2,9,474,2011,0
66,2,9,474,2012,0
66,2,9,474,2013,0
66,2,9,474,2014,0
66,2,9,474,2015,0
66,2,9,474,2016,0
66,2,9,474,2017,0
66,2,10,474,1990,0
66,2,10,474,1991,0
66,2,10,474,1992,0
66,2,10,474,1993,0
66,2,10,474,1994,0
66,2,10,474,1995,0
66,2,10,474,1996,0
66,2,10,474,1997,0
66,2,10,474,1998,0
66,2,10,474,1999,0
66,2,10,474,2000,0
66,2,10,474,2001,0
66,2,10,474,2002,0
66,2,10,474,2003,0
66,2,10,474,2004,0.01
66,2,10,474,2005,0.01
66,2,10,474,2006,0.01
66,2,10,474,2007,0.01
66,2,10,474,2008,0.01
66,2,10,474,2009,0.01
66,2,10,474,2010,0.01
66,2,10,474,2011,0.01
66,2,10,474,2012,0.01
66,2,10,474,2013,0.01
66,2,10,474,2014,0.01
66,2,10,474,2015,0.01
66,2,10,474,2016,0.01
66,2,10,474,2017,0.01
66,2,11,474,1990,0.01
66,2,11,474,1991,0.01
66,2,11,474,1992,0.01
66,2,11,474,1993,0.01
66,2,11,474,1994,0.01
66,2,11,474,1995,0.01
66,2,11,474,1996,0.01
66,2,11,474,1997,0.01
66,2,11,474,1998,0.01
66,2,11,474,1999,0.01
66,2,11,474,2000,0.01
66,2,11,474,2001,0.01
66,2,11,474,2002,0.01
66,2,11,474,2003,0.01
66,2,11,474,2004,0.01
66,2,11,474,2005,0.01
66,2,11,474,2006,0.01
66,2,11,474,2007,0.01
66,2,11,474,2008,0.01
66,2,11,474,2009,0.01
66,2,11,474,2010,0.01
66,2,11,474,2011,0.01
66,2,11,474,2012,0.01
66,2,11,474,2013,0.01
66,2,11,474,2014,0.01
66,2,11,474,2015,0.01
66,2,11,474,2016,0.01
66,2,11,474,2017,0.01
66,2,12,474,1990,0.01
66,2,12,474,1991,0.01
66,2,12,474,1992,0.01
66,2,12,474,1993,0.01
66,2,12,474,1994,0.01
66,2,12,474,1995,0.01
66,2,12,474,1996,0.01
66,2,12,474,1997,0.01
66,2,12,474,1998,0.01
66,2,12,474,1999,0.02
66,2,12,474,2000,0.02
66,2,12,474,2001,0.02
66,2,12,474,2002,0.02
66,2,12,474,2003,0.02
66,2,12,474,2004,0.02
66,2,12,474,2005,0.02
66,2,12,474,2006,0.02
66,2,12,474,2007,0.02
66,2,12,474,2008,0.02
66,2,12,474,2009,0.02
66,2,12,474,2010,0.02
66,2,12,474,2011,0.02
66,2,12,474,2012,0.02
66,2,12,474,2013,0.02
66,2,12,474,2014,0.02
66,2,12,474,2015,0.02
66,2,12,474,2016,0.02
66,2,12,474,2017,0.03
66,2,13,474,1990,0.01
66,2,13,474,1991,0.01
66,2,13,474,1992,0.01
66,2,13,474,1993,0.01
66,2,13,474,1994,0.01
66,2,13,474,1995,0.01
66,2,13,474,1996,0.02
66,2,13,474,1997,0.02
66,2,13,474,1998,0.02
66,2,13,474,1999,0.02
66,2,13,474,2000,0.02
66,2,13,474,2001,0.02
66,2,13,474,2002,0.02
66,2,13,474,2003,0.02
66,2,13,474,2004,0.02
66,2,13,474,2005,0.02
66,2,13,474,2006,0.02
66,2,13,474,2007,0.02
66,2,13,474,2008,0.02
66,2,13,474,2009,0.03
66,2,13,474,2010,0.03
66,2,13,474,2011,0.03
66,2,13,474,2012,0.03
66,2,13,474,2013,0.03
66,2,13,474,2014,0.03
66,2,13,474,2015,0.03
66,2,13,474,2016,0.03
66,2,13,474,2017,0.03
66,2,14,474,1990,0.02
66,2,14,474,1991,0.02
66,2,14,474,1992,0.02
66,2,14,474,1993,0.02
66,2,14,474,1994,0.02
66,2,14,474,1995,0.02
66,2,14,474,1996,0.02
66,2,14,474,1997,0.03
66,2,14,474,1998,0.03
66,2,14,474,1999,0.03
66,2,14,474,2000,0.03
66,2,14,474,2001,0.03
66,2,14,474,2002,0.04
66,2,14,474,2003,0.04
66,2,14,474,2004,0.04
66,2,14,474,2005,0.04
66,2,14,474,2006,0.04
66,2,14,474,2007,0.05
66,2,14,474,2008,0.05
66,2,14,474,2009,0.05
66,2,14,474,2010,0.05
66,2,14,474,2011,0.05
66,2,14,474,2012,0.05
66,2,14,474,2013,0.05
66,2,14,474,2014,0.06
66,2,14,474,2015,0.06
66,2,14,474,2016,0.06
66,2,14,474,2017,0.06
66,2,15,474,1990,0.03
66,2,15,474,1991,0.03
66,2,15,474,1992,0.04
66,2,15,474,1993,0.04
66,2,15,474,1994,0.04
66,2,15,474,1995,0.04
66,2,15,474,1996,0.04
66,2,15,474,1997,0.04
66,2,15,474,1998,0.04
66,2,15,474,1999,0.04
66,2,15,474,2000,0.05
66,2,15,474,2001,0.05
66,2,15,474,2002,0.05
66,2,15,474,2003,0.06
66,2,15,474,2004,0.06
66,2,15,474,2005,0.07
66,2,15,474,2006,0.07
66,2,15,474,2007,0.07
66,2,15,474,2008,0.08
66,2,15,474,2009,0.08
66,2,15,474,2010,0.08
66,2,15,474,2011,0.09
66,2,15,474,2012,0.09
66,2,15,474,2013,0.09
66,2,15,474,2014,0.1
66,2,15,474,2015,0.1
66,2,15,474,2016,0.1
66,2,15,474,2017,0.1
66,2,16,474,1990,0.06
66,2,16,474,1991,0.06
66,2,16,474,1992,0.06
66,2,16,474,1993,0.06
66,2,16,474,1994,0.06
66,2,16,474,1995,0.06
66,2,16,474,1996,0.06
66,2,16,474,1997,0.06
66,2,16,474,1998,0.06
66,2,16,474,1999,0.06
66,2,16,474,2000,0.06
66,2,16,474,2001,0.06
66,2,16,474,2002,0.06
66,2,16,474,2003,0.07
66,2,16,474,2004,0.07
66,2,16,474,2005,0.08
66,2,16,474,2006,0.09
66,2,16,474,2007,0.1
66,2,16,474,2008,0.1
66,2,16,474,2009,0.11
66,2,16,474,2010,0.12
66,2,16,474,2011,0.13
66,2,16,474,2012,0.13
66,2,16,474,2013,0.14
66,2,16,474,2014,0.15
66,2,16,474,2015,0.15
66,2,16,474,2016,0.16
66,2,16,474,2017,0.17
66,2,17,474,1990,0.08
66,2,17,474,1991,0.08
66,2,17,474,1992,0.08
66,2,17,474,1993,0.08
66,2,17,474,1994,0.08
66,2,17,474,1995,0.08
66,2,17,474,1996,0.08
66,2,17,474,1997,0.08
66,2,17,474,1998,0.08
66,2,17,474,1999,0.08
66,2,17,474,2000,0.09
66,2,17,474,2001,0.09
66,2,17,474,2002,0.1
66,2,17,474,2003,0.1
66,2,17,474,2004,0.1
66,2,17,474,2005,0.1
66,2,17,474,2006,0.1
66,2,17,474,2007,0.1
66,2,17,474,2008,0.11
66,2,17,474,2009,0.12
66,2,17,474,2010,0.14
66,2,17,474,2011,0.15
66,2,17,474,2012,0.17
66,2,17,474,2013,0.18
66,2,17,474,2014,0.2
66,2,17,474,2015,0.21
66,2,17,474,2016,0.23
66,2,17,474,2017,0.23
66,2,18,474,1990,0.11
66,2,18,474,1991,0.1
66,2,18,474,1992,0.1
66,2,18,474,1993,0.1
66,2,18,474,1994,0.1
66,2,18,474,1995,0.1
66,2,18,474,1996,0.1
66,2,18,474,1997,0.11
66,2,18,474,1998,0.11
66,2,18,474,1999,0.12
66,2,18,474,2000,0.13
66,2,18,474,2001,0.13
66,2,18,474,2002,0.13
66,2,18,474,2003,0.13
66,2,18,474,2004,0.14
66,2,18,474,2005,0.14
66,2,18,474,2006,0.15
66,2,18,474,2007,0.16
66,2,18,474,2008,0.17
66,2,18,474,2009,0.17
66,2,18,474,2010,0.17
66,2,18,474,2011,0.16
66,2,18,474,2012,0.17
66,2,18,474,2013,0.19
66,2,18,474,2014,0.21
66,2,18,474,2015,0.23
66,2,18,474,2016,0.26
66,2,18,474,2017,0.27
66,2,19,474,1990,0.12
66,2,19,474,1991,0.12
66,2,19,474,1992,0.11
66,2,19,474,1993,0.11
66,2,19,474,1994,0.1
66,2,19,474,1995,0.1
66,2,19,474,1996,0.1
66,2,19,474,1997,0.1
66,2,19,474,1998,0.11
66,2,19,474,1999,0.12
66,2,19,474,2000,0.13
66,2,19,474,2001,0.14
66,2,19,474,2002,0.15
66,2,19,474,2003,0.16
66,2,19,474,2004,0.17
66,2,19,474,2005,0.18
66,2,19,474,2006,0.18
66,2,19,474,2007,0.18
66,2,19,474,2008,0.19
66,2,19,474,2009,0.2
66,2,19,474,2010,0.21
66,2,19,474,2011,0.22
66,2,19,474,2012,0.25
66,2,19,474,2013,0.26
66,2,19,474,2014,0.26
66,2,19,474,2015,0.27
66,2,19,474,2016,0.26
66,2,19,474,2017,0.26
66,2,20,474,1990,0.18
66,2,20,474,1991,0.17
66,2,20,474,1992,0.16
66,2,20,474,1993,0.16
66,2,20,474,1994,0.15
66,2,20,474,1995,0.15
66,2,20,474,1996,0.15
66,2,20,474,1997,0.15
66,2,20,474,1998,0.15
66,2,20,474,1999,0.16
66,2,20,474,2000,0.17
66,2,20,474,2001,0.17
66,2,20,474,2002,0.18
66,2,20,474,2003,0.18
66,2,20,474,2004,0.19
66,2,20,474,2005,0.2
66,2,20,474,2006,0.21
66,2,20,474,2007,0.23
66,2,20,474,2008,0.25
66,2,20,474,2009,0.26
66,2,20,474,2010,0.27
66,2,20,474,2011,0.29
66,2,20,474,2012,0.29
66,2,20,474,2013,0.31
66,2,20,474,2014,0.33
66,2,20,474,2015,0.35
66,2,20,474,2016,0.37
66,2,20,474,2017,0.4
66,2,22,474,1990,0.91
66,2,22,474,1991,0.89
66,2,22,474,1992,0.88
66,2,22,474,1993,0.88
66,2,22,474,1994,0.86
66,2,22,474,1995,0.86
66,2,22,474,1996,0.87
66,2,22,474,1997,0.89
66,2,22,474,1998,0.93
66,2,22,474,1999,0.97
66,2,22,474,2000,1.05
66,2,22,474,2001,1.09
66,2,22,474,2002,1.13
66,2,22,474,2003,1.18
66,2,22,474,2004,1.23
66,2,22,474,2005,1.29
66,2,22,474,2006,1.34
66,2,22,474,2007,1.41
66,2,22,474,2008,1.49
66,2,22,474,2009,1.55
66,2,22,474,2010,1.62
66,2,22,474,2011,1.7
66,2,22,474,2012,1.81
66,2,22,474,2013,1.92
66,2,22,474,2014,2.04
66,2,22,474,2015,2.18
66,2,22,474,2016,2.3
66,2,22,474,2017,2.38
66,2,30,474,1990,0.17
66,2,30,474,1991,0.17
66,2,30,474,1992,0.17
66,2,30,474,1993,0.16
66,2,30,474,1994,0.15
66,2,30,474,1995,0.15
66,2,30,474,1996,0.14
66,2,30,474,1997,0.14
66,2,30,474,1998,0.15
66,2,30,474,1999,0.15
66,2,30,474,2000,0.17
66,2,30,474,2001,0.17
66,2,30,474,2002,0.18
66,2,30,474,2003,0.18
66,2,30,474,2004,0.19
66,2,30,474,2005,0.2
66,2,30,474,2006,0.2
66,2,30,474,2007,0.21
66,2,30,474,2008,0.22
66,2,30,474,2009,0.23
66,2,30,474,2010,0.24
66,2,30,474,2011,0.26
66,2,30,474,2012,0.28
66,2,30,474,2013,0.31
66,2,30,474,2014,0.34
66,2,30,474,2015,0.36
66,2,30,474,2016,0.38
66,2,30,474,2017,0.38
66,2,31,474,1990,0.08
66,2,31,474,1991,0.09
66,2,31,474,1992,0.09
66,2,31,474,1993,0.09
66,2,31,474,1994,0.09
66,2,31,474,1995,0.1
66,2,31,474,1996,0.1
66,2,31,474,1997,0.1
66,2,31,474,1998,0.11
66,2,31,474,1999,0.11
66,2,31,474,2000,0.12
66,2,31,474,2001,0.12
66,2,31,474,2002,0.12
66,2,31,474,2003,0.13
66,2,31,474,2004,0.13
66,2,31,474,2005,0.14
66,2,31,474,2006,0.14
66,2,31,474,2007,0.15
66,2,31,474,2008,0.16
66,2,31,474,2009,0.16
66,2,31,474,2010,0.17
66,2,31,474,2011,0.17
66,2,31,474,2012,0.18
66,2,31,474,2013,0.19
66,2,31,474,2014,0.21
66,2,31,474,2015,0.22
66,2,31,474,2016,0.25
66,2,31,474,2017,0.26
66,2,32,474,1990,0.02
66,2,32,474,1991,0.02
66,2,32,474,1992,0.02
66,2,32,474,1993,0.02
66,2,32,474,1994,0.03
66,2,32,474,1995,0.03
66,2,32,474,1996,0.03
66,2,32,474,1997,0.04
66,2,32,474,1998,0.04
66,2,32,474,1999,0.04
66,2,32,474,2000,0.05
66,2,32,474,2001,0.05
66,2,32,474,2002,0.06
66,2,32,474,2003,0.06
66,2,32,474,2004,0.06
66,2,32,474,2005,0.06
66,2,32,474,2006,0.07
66,2,32,474,2007,0.07
66,2,32,474,2008,0.07
66,2,32,474,2009,0.08
66,2,32,474,2010,0.08
66,2,32,474,2011,0.08
66,2,32,474,2012,0.09
66,2,32,474,2013,0.09
66,2,32,474,2014,0.1
66,2,32,474,2015,0.11
66,2,32,474,2016,0.11
66,2,32,474,2017,0.12
66,2,235,474,1990,0
66,2,235,474,1991,0
66,2,235,474,1992,0
66,2,235,474,1993,0
66,2,235,474,1994,0
66,2,235,474,1995,0
66,2,235,474,1996,0
66,2,235,474,1997,0
66,2,235,474,1998,0.01
66,2,235,474,1999,0.01
66,2,235,474,2000,0.01
66,2,235,474,2001,0.01
66,2,235,474,2002,0.01
66,2,235,474,2003,0.01
66,2,235,474,2004,0.01
66,2,235,474,2005,0.02
66,2,235,474,2006,0.02
66,2,235,474,2007,0.02
66,2,235,474,2008,0.02
66,2,235,474,2009,0.02
66,2,235,474,2010,0.02
66,2,235,474,2011,0.02
66,2,235,474,2012,0.02
66,2,235,474,2013,0.03
66,2,235,474,2014,0.03
66,2,235,474,2015,0.03
66,2,235,474,2016,0.03
66,2,235,474,2017,0.03
67,2,8,474,1990,0.51
67,2,8,474,1991,0.5
67,2,8,474,1992,0.49
67,2,8,474,1993,0.47
67,2,8,474,1994,0.44
67,2,8,474,1995,0.41
67,2,8,474,1996,0.41
67,2,8,474,1997,0.4
67,2,8,474,1998,0.39
67,2,8,474,1999,0.39
67,2,8,474,2000,0.38
67,2,8,474,2001,0.37
67,2,8,474,2002,0.36
67,2,8,474,2003,0.35
67,2,8,474,2004,0.34
67,2,8,474,2005,0.32
67,2,8,474,2006,0.31
67,2,8,474,2007,0.31
67,2,8,474,2008,0.3
67,2,8,474,2009,0.29
67,2,8,474,2010,0.29
67,2,8,474,2011,0.3
67,2,8,474,2012,0.29
67,2,8,474,2013,0.29
67,2,8,474,2014,0.29
67,2,8,474,2015,0.28
67,2,8,474,2016,0.28
67,2,8,474,2017,0.28
67,2,9,474,1990,0.47
67,2,9,474,1991,0.49
67,2,9,474,1992,0.5
67,2,9,474,1993,0.51
67,2,9,474,1994,0.51
67,2,9,474,1995,0.49
67,2,9,474,1996,0.5
67,2,9,474,1997,0.49
67,2,9,474,1998,0.47
67,2,9,474,1999,0.45
67,2,9,474,2000,0.43
67,2,9,474,2001,0.41
67,2,9,474,2002,0.4
67,2,9,474,2003,0.39
67,2,9,474,2004,0.38
67,2,9,474,2005,0.37
67,2,9,474,2006,0.36
67,2,9,474,2007,0.35
67,2,9,474,2008,0.34
67,2,9,474,2009,0.33
67,2,9,474,2010,0.32
67,2,9,474,2011,0.33
67,2,9,474,2012,0.31
67,2,9,474,2013,0.29
67,2,9,474,2014,0.29
67,2,9,474,2015,0.28
67,2,9,474,2016,0.28
67,2,9,474,2017,0.28
67,2,10,474,1990,0.66
67,2,10,474,1991,0.66
67,2,10,474,1992,0.67
67,2,10,474,1993,0.66
67,2,10,474,1994,0.68
67,2,10,474,1995,0.7
67,2,10,474,1996,0.74
67,2,10,474,1997,0.78
67,2,10,474,1998,0.84
67,2,10,474,1999,0.86
67,2,10,474,2000,0.87
67,2,10,474,2001,0.84
67,2,10,474,2002,0.81
67,2,10,474,2003,0.8
67,2,10,474,2004,0.77
67,2,10,474,2005,0.76
67,2,10,474,2006,0.74
67,2,10,474,2007,0.7
67,2,10,474,2008,0.69
67,2,10,474,2009,0.67
67,2,10,474,2010,0.63
67,2,10,474,2011,0.64
67,2,10,474,2012,0.59
67,2,10,474,2013,0.55
67,2,10,474,2014,0.54
67,2,10,474,2015,0.5
67,2,10,474,2016,0.47
67,2,10,474,2017,0.46
67,2,11,474,1990,1.1
67,2,11,474,1991,1.08
67,2,11,474,1992,1.07
67,2,11,474,1993,1.11
67,2,11,474,1994,1.15
67,2,11,474,1995,1.22
67,2,11,474,1996,1.22
67,2,11,474,1997,1.26
67,2,11,474,1998,1.3
67,2,11,474,1999,1.35
67,2,11,474,2000,1.37
67,2,11,474,2001,1.44
67,2,11,474,2002,1.45
67,2,11,474,2003,1.51
67,2,11,474,2004,1.54
67,2,11,474,2005,1.57
67,2,11,474,2006,1.54
67,2,11,474,2007,1.49
67,2,11,474,2008,1.47
67,2,11,474,2009,1.4
67,2,11,474,2010,1.33
67,2,11,474,2011,1.31
67,2,11,474,2012,1.21
67,2,11,474,2013,1.16
67,2,11,474,2014,1.13
67,2,11,474,2015,1.05
67,2,11,474,2016,1.01
67,2,11,474,2017,0.98
67,2,12,474,1990,2.75
67,2,12,474,1991,2.61
67,2,12,474,1992,2.48
67,2,12,474,1993,2.4
67,2,12,474,1994,2.35
67,2,12,474,1995,2.38
67,2,12,474,1996,2.37
67,2,12,474,1997,2.42
67,2,12,474,1998,2.48
67,2,12,474,1999,2.46
67,2,12,474,2000,2.43
67,2,12,474,2001,2.4
67,2,12,474,2002,2.54
67,2,12,474,2003,2.63
67,2,12,474,2004,2.66
67,2,12,474,2005,2.63
67,2,12,474,2006,2.77
67,2,12,474,2007,2.96
67,2,12,474,2008,3.07
67,2,12,474,2009,3.05
67,2,12,474,2010,3.06
67,2,12,474,2011,3.12
67,2,12,474,2012,2.89
67,2,12,474,2013,2.73
67,2,12,474,2014,2.62
67,2,12,474,2015,2.33
67,2,12,474,2016,2.2
67,2,12,474,2017,2.15
67,2,13,474,1990,6.27
67,2,13,474,1991,6.75
67,2,13,474,1992,6.57
67,2,13,474,1993,6.24
67,2,13,474,1994,5.69
67,2,13,474,1995,5.35
67,2,13,474,1996,5.05
67,2,13,474,1997,4.91
67,2,13,474,1998,4.72
67,2,13,474,1999,4.74
67,2,13,474,2000,4.57
67,2,13,474,2001,4.41
67,2,13,474,2002,4.35
67,2,13,474,2003,4.26
67,2,13,474,2004,4.25
67,2,13,474,2005,4.37
67,2,13,474,2006,4.35
67,2,13,474,2007,4.5
67,2,13,474,2008,4.66
67,2,13,474,2009,4.74
67,2,13,474,2010,4.94
67,2,13,474,2011,5.41
67,2,13,474,2012,5.31
67,2,13,474,2013,5.27
67,2,13,474,2014,5.38
67,2,13,474,2015,5.26
67,2,13,474,2016,5.08
67,2,13,474,2017,4.87
67,2,14,474,1990,10.85
67,2,14,474,1991,10.62
67,2,14,474,1992,10.72
67,2,14,474,1993,11.24
67,2,14,474,1994,11.66
67,2,14,474,1995,12.81
67,2,14,474,1996,13.63
67,2,14,474,1997,13.39
67,2,14,474,1998,12.7
67,2,14,474,1999,11.72
67,2,14,474,2000,10.83
67,2,14,474,2001,10.54
67,2,14,474,2002,9.93
67,2,14,474,2003,9.53
67,2,14,474,2004,9.44
67,2,14,474,2005,9.31
67,2,14,474,2006,9.17
67,2,14,474,2007,8.98
67,2,14,474,2008,9.19
67,2,14,474,2009,9.11
67,2,14,474,2010,9.43
67,2,14,474,2011,9.62
67,2,14,474,2012,9.48
67,2,14,474,2013,9.61
67,2,14,474,2014,9.96
67,2,14,474,2015,9.54
67,2,14,474,2016,9.93
67,2,14,474,2017,10.11
67,2,15,474,1990,19.03
67,2,15,474,1991,19.59
67,2,15,474,1992,19.74
67,2,15,474,1993,19.82
67,2,15,474,1994,20.71
67,2,15,474,1995,21.33
67,2,15,474,1996,20.59
67,2,15,474,1997,20.89
67,2,15,474,1998,22.44
67,2,15,474,1999,23.28
67,2,15,474,2000,25.1
67,2,15,474,2001,26.29
67,2,15,474,2002,25.7
67,2,15,474,2003,24.26
67,2,15,474,2004,22.62
67,2,15,474,2005,21.23
67,2,15,474,2006,19.9
67,2,15,474,2007,18.89
67,2,15,474,2008,17.93
67,2,15,474,2009,17.4
67,2,15,474,2010,17.16
67,2,15,474,2011,17.47
67,2,15,474,2012,17.3
67,2,15,474,2013,17.28
67,2,15,474,2014,17.44
67,2,15,474,2015,17.4
67,2,15,474,2016,16.77
67,2,15,474,2017,17.14
67,2,16,474,1990,34.14
67,2,16,474,1991,34.87
67,2,16,474,1992,34.9
67,2,16,474,1993,34.41
67,2,16,474,1994,33.67
67,2,16,474,1995,33.86
67,2,16,474,1996,34.41
67,2,16,474,1997,34.71
67,2,16,474,1998,35.97
67,2,16,474,1999,37.31
67,2,16,474,2000,37.29
67,2,16,474,2001,34.64
67,2,16,474,2002,34.66
67,2,16,474,2003,36.54
67,2,16,474,2004,39.35
67,2,16,474,2005,41.21
67,2,16,474,2006,43.01
67,2,16,474,2007,41.97
67,2,16,474,2008,39.71
67,2,16,474,2009,35.98
67,2,16,474,2010,34.65
67,2,16,474,2011,34.43
67,2,16,474,2012,32.04
67,2,16,474,2013,31.46
67,2,16,474,2014,30.93
67,2,16,474,2015,28.97
67,2,16,474,2016,28.06
67,2,16,474,2017,28.37
67,2,17,474,1990,54.81
67,2,17,474,1991,55.66
67,2,17,474,1992,56.63
67,2,17,474,1993,57.18
67,2,17,474,1994,57.09
67,2,17,474,1995,59.75
67,2,17,474,1996,60.23
67,2,17,474,1997,60.62
67,2,17,474,1998,61.26
67,2,17,474,1999,60.91
67,2,17,474,2000,59.95
67,2,17,474,2001,59.95
67,2,17,474,2002,59.96
67,2,17,474,2003,60.7
67,2,17,474,2004,63.66
67,2,17,474,2005,62.4
67,2,17,474,2006,58.26
67,2,17,474,2007,59.73
67,2,17,474,2008,61.8
67,2,17,474,2009,63.51
67,2,17,474,2010,70.29
67,2,17,474,2011,77.64
67,2,17,474,2012,73.96
67,2,17,474,2013,70.59
67,2,17,474,2014,64.89
67,2,17,474,2015,59.02
67,2,17,474,2016,55.3
67,2,17,474,2017,52.47
67,2,18,474,1990,89.66
67,2,18,474,1991,91.98
67,2,18,474,1992,94.27
67,2,18,474,1993,96.16
67,2,18,474,1994,96.65
67,2,18,474,1995,101.32
67,2,18,474,1996,101.74
67,2,18,474,1997,101.22
67,2,18,474,1998,104.73
67,2,18,474,1999,105.55
67,2,18,474,2000,107.16
67,2,18,474,2001,107.82
67,2,18,474,2002,105.23
67,2,18,474,2003,105.4
67,2,18,474,2004,104
67,2,18,474,2005,104.44
67,2,18,474,2006,103.57
67,2,18,474,2007,103.01
67,2,18,474,2008,103.27
67,2,18,474,2009,105.26
67,2,18,474,2010,105.36
67,2,18,474,2011,102.82
67,2,18,474,2012,102.93
67,2,18,474,2013,107.07
67,2,18,474,2014,111.1
67,2,18,474,2015,113.91
67,2,18,474,2016,118.43
67,2,18,474,2017,115
67,2,19,474,1990,142.27
67,2,19,474,1991,143.33
67,2,19,474,1992,147.29
67,2,19,474,1993,152.92
67,2,19,474,1994,155.26
67,2,19,474,1995,163.03
67,2,19,474,1996,163.84
67,2,19,474,1997,166.44
67,2,19,474,1998,172.61
67,2,19,474,1999,180.66
67,2,19,474,2000,179.83
67,2,19,474,2001,180.69
67,2,19,474,2002,181.06
67,2,19,474,2003,184.91
67,2,19,474,2004,187.02
67,2,19,474,2005,190.32
67,2,19,474,2006,190.27
67,2,19,474,2007,188.74
67,2,19,474,2008,186.62
67,2,19,474,2009,177.19
67,2,19,474,2010,175.39
67,2,19,474,2011,180.66
67,2,19,474,2012,178.54
67,2,19,474,2013,179.44
67,2,19,474,2014,186.53
67,2,19,474,2015,180.73
67,2,19,474,2016,170.94
67,2,19,474,2017,176.28
67,2,20,474,1990,234.41
67,2,20,474,1991,239.18
67,2,20,474,1992,241.23
67,2,20,474,1993,242.21
67,2,20,474,1994,236.56
67,2,20,474,1995,250.24
67,2,20,474,1996,247.26
67,2,20,474,1997,254.35
67,2,20,474,1998,269.46
67,2,20,474,1999,285.67
67,2,20,474,2000,286.67
67,2,20,474,2001,292.16
67,2,20,474,2002,295.91
67,2,20,474,2003,300.47
67,2,20,474,2004,307.23
67,2,20,474,2005,312.36
67,2,20,474,2006,314.68
67,2,20,474,2007,318.36
67,2,20,474,2008,322.21
67,2,20,474,2009,319.09
67,2,20,474,2010,323.37
67,2,20,474,2011,334.67
67,2,20,474,2012,330.16
67,2,20,474,2013,328.78
67,2,20,474,2014,326.34
67,2,20,474,2015,316.9
67,2,20,474,2016,320.63
67,2,20,474,2017,333.02
67,2,22,474,1990,1205.21
67,2,22,474,1991,1255.82
67,2,22,474,1992,1308.16
67,2,22,474,1993,1360.33
67,2,22,474,1994,1402.11
67,2,22,474,1995,1499.44
67,2,22,474,1996,1532.07
67,2,22,474,1997,1596.21
67,2,22,474,1998,1689.44
67,2,22,474,1999,1782.58
67,2,22,474,2000,1829.37
67,2,22,474,2001,1884.5
67,2,22,474,2002,1945.64
67,2,22,474,2003,2021.44
67,2,22,474,2004,2114.15
67,2,22,474,2005,2216.46
67,2,22,474,2006,2280.65
67,2,22,474,2007,2350.11
67,2,22,474,2008,2435.5
67,2,22,474,2009,2490.77
67,2,22,474,2010,2595.37
67,2,22,474,2011,2753.41
67,2,22,474,2012,2805.26
67,2,22,474,2013,2887.56
67,2,22,474,2014,2955.82
67,2,22,474,2015,2983.8
67,2,22,474,2016,3046.3
67,2,22,474,2017,3140.02
67,2,30,474,1990,277.47
67,2,30,474,1991,296.91
67,2,30,474,1992,312.58
67,2,30,474,1993,325.86
67,2,30,474,1994,336.55
67,2,30,474,1995,350.36
67,2,30,474,1996,350.54
67,2,30,474,1997,355.14
67,2,30,474,1998,372.36
67,2,30,474,1999,377.29
67,2,30,474,2000,387.65
67,2,30,474,2001,389.43
67,2,30,474,2002,402.24
67,2,30,474,2003,421.02
67,2,30,474,2004,446.49
67,2,30,474,2005,465.11
67,2,30,474,2006,477.18
67,2,30,474,2007,483.63
67,2,30,474,2008,499.15
67,2,30,474,2009,505.48
67,2,30,474,2010,514.79
67,2,30,474,2011,536.5
67,2,30,474,2012,536.05
67,2,30,474,2013,542.37
67,2,30,474,2014,542.86
67,2,30,474,2015,535.93
67,2,30,474,2016,544.6
67,2,30,474,2017,557.1
67,2,31,474,1990,213.51
67,2,31,474,1991,220.31
67,2,31,474,1992,235.82
67,2,31,474,1993,251.23
67,2,31,474,1994,271.88
67,2,31,474,1995,301.88
67,2,31,474,1996,322.32
67,2,31,474,1997,343.75
67,2,31,474,1998,367.6
67,2,31,474,1999,397.9
67,2,31,474,2000,405.74
67,2,31,474,2001,418.46
67,2,31,474,2002,426.6
67,2,31,474,2003,438.38
67,2,31,474,2004,446.22
67,2,31,474,2005,474.39
67,2,31,474,2006,487.7
67,2,31,474,2007,510.52
67,2,31,474,2008,538.75
67,2,31,474,2009,570.16
67,2,31,474,2010,598.18
67,2,31,474,2011,647.55
67,2,31,474,2012,667.89
67,2,31,474,2013,693.57
67,2,31,474,2014,715.96
67,2,31,474,2015,722.56
67,2,31,474,2016,736.65
67,2,31,474,2017,757.17
67,2,32,474,1990,92.03
67,2,32,474,1991,102.48
67,2,32,474,1992,111.01
67,2,32,474,1993,121.42
67,2,32,474,1994,130.67
67,2,32,474,1995,146.39
67,2,32,474,1996,151.66
67,2,32,474,1997,170.37
67,2,32,474,1998,186.94
67,2,32,474,1999,211.87
67,2,32,474,2000,228.63
67,2,32,474,2001,253.4
67,2,32,474,2002,277.21
67,2,32,474,2003,296.46
67,2,32,474,2004,324.18
67,2,32,474,2005,348.2
67,2,32,474,2006,368.9
67,2,32,474,2007,383.7
67,2,32,474,2008,402.07
67,2,32,474,2009,409.37
67,2,32,474,2010,447
67,2,32,474,2011,483.98
67,2,32,474,2012,513.88
67,2,32,474,2013,547.3
67,2,32,474,2014,579.43
67,2,32,474,2015,601.56
67,2,32,474,2016,630.02
67,2,32,474,2017,657.22
67,2,235,474,1990,25.27
67,2,235,474,1991,28.79
67,2,235,474,1992,32.2
67,2,235,474,1993,36.48
67,2,235,474,1994,40.6
67,2,235,474,1995,47.94
67,2,235,474,1996,55.57
67,2,235,474,1997,65.06
67,2,235,474,1998,73.17
67,2,235,474,1999,80.17
67,2,235,474,2000,90.48
67,2,235,474,2001,101.26
67,2,235,474,2002,117.25
67,2,235,474,2003,133.82
67,2,235,474,2004,153.99
67,2,235,474,2005,177.46
67,2,235,474,2006,197.93
67,2,235,474,2007,222.27
67,2,235,474,2008,244.27
67,2,235,474,2009,267.75
67,2,235,474,2010,289.17
67,2,235,474,2011,316.96
67,2,235,474,2012,332.44
67,2,235,474,2013,349.8
67,2,235,474,2014,360.14
67,2,235,474,2015,387.58
67,2,235,474,2016,405.64
67,2,235,474,2017,427.13
68,2,8,474,1990,0.24
68,2,8,474,1991,0.22
68,2,8,474,1992,0.22
68,2,8,474,1993,0.21
68,2,8,474,1994,0.2
68,2,8,474,1995,0.2
68,2,8,474,1996,0.2
68,2,8,474,1997,0.2
68,2,8,474,1998,0.2
68,2,8,474,1999,0.19
68,2,8,474,2000,0.18
68,2,8,474,2001,0.17
68,2,8,474,2002,0.16
68,2,8,474,2003,0.15
68,2,8,474,2004,0.14
68,2,8,474,2005,0.14
68,2,8,474,2006,0.14
68,2,8,474,2007,0.14
68,2,8,474,2008,0.15
68,2,8,474,2009,0.15
68,2,8,474,2010,0.15
68,2,8,474,2011,0.15
68,2,8,474,2012,0.15
68,2,8,474,2013,0.15
68,2,8,474,2014,0.14
68,2,8,474,2015,0.14
68,2,8,474,2016,0.13
68,2,8,474,2017,0.13
68,2,9,474,1990,0.26
68,2,9,474,1991,0.26
68,2,9,474,1992,0.25
68,2,9,474,1993,0.24
68,2,9,474,1994,0.24
68,2,9,474,1995,0.23
68,2,9,474,1996,0.21
68,2,9,474,1997,0.2
68,2,9,474,1998,0.19
68,2,9,474,1999,0.18
68,2,9,474,2000,0.18
68,2,9,474,2001,0.19
68,2,9,474,2002,0.19
68,2,9,474,2003,0.19
68,2,9,474,2004,0.18
68,2,9,474,2005,0.17
68,2,9,474,2006,0.16
68,2,9,474,2007,0.15
68,2,9,474,2008,0.14
68,2,9,474,2009,0.14
68,2,9,474,2010,0.14
68,2,9,474,2011,0.14
68,2,9,474,2012,0.15
68,2,9,474,2013,0.15
68,2,9,474,2014,0.15
68,2,9,474,2015,0.16
68,2,9,474,2016,0.16
68,2,9,474,2017,0.16
68,2,10,474,1990,0.56
68,2,10,474,1991,0.53
68,2,10,474,1992,0.5
68,2,10,474,1993,0.49
68,2,10,474,1994,0.49
68,2,10,474,1995,0.5
68,2,10,474,1996,0.5
68,2,10,474,1997,0.5
68,2,10,474,1998,0.47
68,2,10,474,1999,0.43
68,2,10,474,2000,0.41
68,2,10,474,2001,0.38
68,2,10,474,2002,0.35
68,2,10,474,2003,0.34
68,2,10,474,2004,0.32
68,2,10,474,2005,0.33
68,2,10,474,2006,0.33
68,2,10,474,2007,0.36
68,2,10,474,2008,0.39
68,2,10,474,2009,0.39
68,2,10,474,2010,0.36
68,2,10,474,2011,0.31
68,2,10,474,2012,0.26
68,2,10,474,2013,0.23
68,2,10,474,2014,0.22
68,2,10,474,2015,0.21
68,2,10,474,2016,0.21
68,2,10,474,2017,0.21
68,2,11,474,1990,0.79
68,2,11,474,1991,0.84
68,2,11,474,1992,0.84
68,2,11,474,1993,0.85
68,2,11,474,1994,0.8
68,2,11,474,1995,0.76
68,2,11,474,1996,0.74
68,2,11,474,1997,0.74
68,2,11,474,1998,0.72
68,2,11,474,1999,0.7
68,2,11,474,2000,0.69
68,2,11,474,2001,0.68
68,2,11,474,2002,0.66
68,2,11,474,2003,0.65
68,2,11,474,2004,0.62
68,2,11,474,2005,0.61
68,2,11,474,2006,0.57
68,2,11,474,2007,0.6
68,2,11,474,2008,0.6
68,2,11,474,2009,0.6
68,2,11,474,2010,0.58
68,2,11,474,2011,0.58
68,2,11,474,2012,0.57
68,2,11,474,2013,0.55
68,2,11,474,2014,0.53
68,2,11,474,2015,0.51
68,2,11,474,2016,0.47
68,2,11,474,2017,0.43
68,2,12,474,1990,1.03
68,2,12,474,1991,1.08
68,2,12,474,1992,1.1
68,2,12,474,1993,1.17
68,2,12,474,1994,1.21
68,2,12,474,1995,1.23
68,2,12,474,1996,1.29
68,2,12,474,1997,1.32
68,2,12,474,1998,1.32
68,2,12,474,1999,1.27
68,2,12,474,2000,1.19
68,2,12,474,2001,1.1
68,2,12,474,2002,1.03
68,2,12,474,2003,1.01
68,2,12,474,2004,1.02
68,2,12,474,2005,1.03
68,2,12,474,2006,1.01
68,2,12,474,2007,1.04
68,2,12,474,2008,1.06
68,2,12,474,2009,1.09
68,2,12,474,2010,1.07
68,2,12,474,2011,0.97
68,2,12,474,2012,0.9
68,2,12,474,2013,0.87
68,2,12,474,2014,0.85
68,2,12,474,2015,0.84
68,2,12,474,2016,0.84
68,2,12,474,2017,0.85
68,2,13,474,1990,1.54
68,2,13,474,1991,1.51
68,2,13,474,1992,1.52
68,2,13,474,1993,1.5
68,2,13,474,1994,1.52
68,2,13,474,1995,1.66
68,2,13,474,1996,1.8
68,2,13,474,1997,1.85
68,2,13,474,1998,1.91
68,2,13,474,1999,2
68,2,13,474,2000,2.12
68,2,13,474,2001,2.11
68,2,13,474,2002,2.08
68,2,13,474,2003,2.13
68,2,13,474,2004,2.07
68,2,13,474,2005,1.95
68,2,13,474,2006,1.8
68,2,13,474,2007,1.78
68,2,13,474,2008,1.82
68,2,13,474,2009,1.86
68,2,13,474,2010,1.88
68,2,13,474,2011,1.91
68,2,13,474,2012,1.92
68,2,13,474,2013,1.87
68,2,13,474,2014,1.8
68,2,13,474,2015,1.76
68,2,13,474,2016,1.66
68,2,13,474,2017,1.6
68,2,14,474,1990,2.86
68,2,14,474,1991,2.73
68,2,14,474,1992,2.66
68,2,14,474,1993,2.51
68,2,14,474,1994,2.49
68,2,14,474,1995,2.58
68,2,14,474,1996,2.64
68,2,14,474,1997,2.66
68,2,14,474,1998,2.63
68,2,14,474,1999,2.72
68,2,14,474,2000,2.96
68,2,14,474,2001,3.1
68,2,14,474,2002,3.15
68,2,14,474,2003,3.39
68,2,14,474,2004,3.5
68,2,14,474,2005,3.59
68,2,14,474,2006,3.58
68,2,14,474,2007,3.69
68,2,14,474,2008,3.79
68,2,14,474,2009,3.71
68,2,14,474,2010,3.68
68,2,14,474,2011,3.54
68,2,14,474,2012,3.49
68,2,14,474,2013,3.47
68,2,14,474,2014,3.45
68,2,14,474,2015,3.46
68,2,14,474,2016,3.43
68,2,14,474,2017,3.44
68,2,15,474,1990,4.69
68,2,15,474,1991,4.79
68,2,15,474,1992,4.8
68,2,15,474,1993,4.79
68,2,15,474,1994,4.58
68,2,15,474,1995,4.49
68,2,15,474,1996,4.44
68,2,15,474,1997,4.24
68,2,15,474,1998,4.17
68,2,15,474,1999,4.22
68,2,15,474,2000,4.46
68,2,15,474,2001,4.47
68,2,15,474,2002,4.46
68,2,15,474,2003,4.48
68,2,15,474,2004,4.53
68,2,15,474,2005,4.79
68,2,15,474,2006,5.01
68,2,15,474,2007,5.13
68,2,15,474,2008,5.46
68,2,15,474,2009,5.78
68,2,15,474,2010,6.01
68,2,15,474,2011,6.25
68,2,15,474,2012,6.28
68,2,15,474,2013,6.3
68,2,15,474,2014,6.01
68,2,15,474,2015,5.69
68,2,15,474,2016,5.5
68,2,15,474,2017,5.51
68,2,16,474,1990,7.47
68,2,16,474,1991,7.59
68,2,16,474,1992,7.54
68,2,16,474,1993,7.62
68,2,16,474,1994,7.7
68,2,16,474,1995,7.61
68,2,16,474,1996,7.66
68,2,16,474,1997,7.87
68,2,16,474,1998,7.96
68,2,16,474,1999,7.92
68,2,16,474,2000,7.97
68,2,16,474,2001,7.59
68,2,16,474,2002,7.25
68,2,16,474,2003,7.13
68,2,16,474,2004,6.88
68,2,16,474,2005,6.99
68,2,16,474,2006,6.95
68,2,16,474,2007,7.13
68,2,16,474,2008,7.11
68,2,16,474,2009,7.33
68,2,16,474,2010,7.78
68,2,16,474,2011,8.32
68,2,16,474,2012,8.4
68,2,16,474,2013,8.76
68,2,16,474,2014,9.09
68,2,16,474,2015,9.31
68,2,16,474,2016,9.72
68,2,16,474,2017,10.01
68,2,17,474,1990,10.98
68,2,17,474,1991,11.25
68,2,17,474,1992,11.45
68,2,17,474,1993,11.58
68,2,17,474,1994,11.72
68,2,17,474,1995,11.78
68,2,17,474,1996,12.06
68,2,17,474,1997,12.25
68,2,17,474,1998,12.97
68,2,17,474,1999,13.33
68,2,17,474,2000,13.03
68,2,17,474,2001,12.84
68,2,17,474,2002,12.99
68,2,17,474,2003,13.08
68,2,17,474,2004,12.4
68,2,17,474,2005,11.9
68,2,17,474,2006,11
68,2,17,474,2007,10.47
68,2,17,474,2008,10.26
68,2,17,474,2009,10.35
68,2,17,474,2010,10.77
68,2,17,474,2011,10.78
68,2,17,474,2012,10.63
68,2,17,474,2013,10.45
68,2,17,474,2014,10.54
68,2,17,474,2015,11.01
68,2,17,474,2016,11.78
68,2,17,474,2017,12.49
68,2,18,474,1990,19.51
68,2,18,474,1991,20.36
68,2,18,474,1992,19.94
68,2,18,474,1993,19.41
68,2,18,474,1994,20.05
68,2,18,474,1995,20.53
68,2,18,474,1996,20.89
68,2,18,474,1997,20.86
68,2,18,474,1998,21.44
68,2,18,474,1999,22.15
68,2,18,474,2000,22.75
68,2,18,474,2001,22.95
68,2,18,474,2002,22.57
68,2,18,474,2003,23.42
68,2,18,474,2004,23.28
68,2,18,474,2005,22.23
68,2,18,474,2006,21.82
68,2,18,474,2007,21.84
68,2,18,474,2008,21.15
68,2,18,474,2009,20.32
68,2,18,474,2010,19.78
68,2,18,474,2011,18.63
68,2,18,474,2012,17.53
68,2,18,474,2013,17.1
68,2,18,474,2014,16.99
68,2,18,474,2015,17.4
68,2,18,474,2016,17.59
68,2,18,474,2017,18.61
68,2,19,474,1990,23.6
68,2,19,474,1991,25.53
68,2,19,474,1992,26.41
68,2,19,474,1993,28.38
68,2,19,474,1994,30.6
68,2,19,474,1995,32
68,2,19,474,1996,33.73
68,2,19,474,1997,33.46
68,2,19,474,1998,34.2
68,2,19,474,1999,35.34
68,2,19,474,2000,36.62
68,2,19,474,2001,36.39
68,2,19,474,2002,36.64
68,2,19,474,2003,36.84
68,2,19,474,2004,36.66
68,2,19,474,2005,36.87
68,2,19,474,2006,36.79
68,2,19,474,2007,36.97
68,2,19,474,2008,36.61
68,2,19,474,2009,36.45
68,2,19,474,2010,36.11
68,2,19,474,2011,36.03
68,2,19,474,2012,37.16
68,2,19,474,2013,36.99
68,2,19,474,2014,35.62
68,2,19,474,2015,35.09
68,2,19,474,2016,33.29
68,2,19,474,2017,33.28
68,2,20,474,1990,33.91
68,2,20,474,1991,36.9
68,2,20,474,1992,36.37
68,2,20,474,1993,36.89
68,2,20,474,1994,37.85
68,2,20,474,1995,38.87
68,2,20,474,1996,41.81
68,2,20,474,1997,43.43
68,2,20,474,1998,46.75
68,2,20,474,1999,50.26
68,2,20,474,2000,50.63
68,2,20,474,2001,53.48
68,2,20,474,2002,53.25
68,2,20,474,2003,52.84
68,2,20,474,2004,53.01
68,2,20,474,2005,55.35
68,2,20,474,2006,56.27
68,2,20,474,2007,59.3
68,2,20,474,2008,59.75
68,2,20,474,2009,62.13
68,2,20,474,2010,65.33
68,2,20,474,2011,67.62
68,2,20,474,2012,68.34
68,2,20,474,2013,68.59
68,2,20,474,2014,67.51
68,2,20,474,2015,68.15
68,2,20,474,2016,68.23
68,2,20,474,2017,70.83
68,2,22,474,1990,158.24
68,2,22,474,1991,170.89
68,2,22,474,1992,175.99
68,2,22,474,1993,184.41
68,2,22,474,1994,196.3
68,2,22,474,1995,202.9
68,2,22,474,1996,216.22
68,2,22,474,1997,229.48
68,2,22,474,1998,242.09
68,2,22,474,1999,256.61
68,2,22,474,2000,259.78
68,2,22,474,2001,271.73
68,2,22,474,2002,274.46
68,2,22,474,2003,275.85
68,2,22,474,2004,276.56
68,2,22,474,2005,282.8
68,2,22,474,2006,283.2
68,2,22,474,2007,293.53
68,2,22,474,2008,299.87
68,2,22,474,2009,309.58
68,2,22,474,2010,321.5
68,2,22,474,2011,333.06
68,2,22,474,2012,343.11
68,2,22,474,2013,347.26
68,2,22,474,2014,353.86
68,2,22,474,2015,369.84
68,2,22,474,2016,379.2
68,2,22,474,2017,395.72
68,2,30,474,1990,31.12
68,2,30,474,1991,34.84
68,2,30,474,1992,37.25
68,2,30,474,1993,40.05
68,2,30,474,1994,43.42
68,2,30,474,1995,44.43
68,2,30,474,1996,49.61
68,2,30,474,1997,54.43
68,2,30,474,1998,55.44
68,2,30,474,1999,57.81
68,2,30,474,2000,59.01
68,2,30,474,2001,61.74
68,2,30,474,2002,62.96
68,2,30,474,2003,65.2
68,2,30,474,2004,67.49
68,2,30,474,2005,69
68,2,30,474,2006,69.6
68,2,30,474,2007,70.73
68,2,30,474,2008,71.79
68,2,30,474,2009,75.68
68,2,30,474,2010,80.7
68,2,30,474,2011,84.22
68,2,30,474,2012,87.13
68,2,30,474,2013,86.16
68,2,30,474,2014,88.06
68,2,30,474,2015,91.64
68,2,30,474,2016,94.65
68,2,30,474,2017,97.71
68,2,31,474,1990,13.24
68,2,31,474,1991,15.19
68,2,31,474,1992,17.12
68,2,31,474,1993,20.15
68,2,31,474,1994,24.15
68,2,31,474,1995,26.13
68,2,31,474,1996,27.8
68,2,31,474,1997,32.91
68,2,31,474,1998,36.92
68,2,31,474,1999,40.14
68,2,31,474,2000,39.67
68,2,31,474,2001,43.49
68,2,31,474,2002,44.52
68,2,31,474,2003,43.03
68,2,31,474,2004,42.16
68,2,31,474,2005,42.99
68,2,31,474,2006,42.49
68,2,31,474,2007,46.06
68,2,31,474,2008,49.86
68,2,31,474,2009,52.08
68,2,31,474,2010,53.82
68,2,31,474,2011,57.4
68,2,31,474,2012,60.58
68,2,31,474,2013,63.44
68,2,31,474,2014,68.77
68,2,31,474,2015,75.82
68,2,31,474,2016,80.36
68,2,31,474,2017,86.17
68,2,32,474,1990,5.38
68,2,32,474,1991,6.05
68,2,32,474,1992,6.62
68,2,32,474,1993,7.02
68,2,32,474,1994,7.59
68,2,32,474,1995,8.11
68,2,32,474,1996,9.07
68,2,32,474,1997,10.66
68,2,32,474,1998,12.55
68,2,32,474,1999,15.63
68,2,32,474,2000,15.79
68,2,32,474,2001,18.34
68,2,32,474,2002,19.42
68,2,32,474,2003,19.3
68,2,32,474,2004,19.41
68,2,32,474,2005,21.45
68,2,32,474,2006,22.03
68,2,32,474,2007,24.15
68,2,32,474,2008,25.44
68,2,32,474,2009,26.51
68,2,32,474,2010,27.93
68,2,32,474,2011,30.1
68,2,32,474,2012,32.65
68,2,32,474,2013,34.75
68,2,32,474,2014,36.2
68,2,32,474,2015,39.12
68,2,32,474,2016,40.67
68,2,32,474,2017,42.64
68,2,235,474,1990,1.05
68,2,235,474,1991,1.2
68,2,235,474,1992,1.38
68,2,235,474,1993,1.55
68,2,235,474,1994,1.69
68,2,235,474,1995,1.79
68,2,235,474,1996,1.77
68,2,235,474,1997,1.91
68,2,235,474,1998,2.25
68,2,235,474,1999,2.31
68,2,235,474,2000,2.13
68,2,235,474,2001,2.73
68,2,235,474,2002,2.78
68,2,235,474,2003,2.67
68,2,235,474,2004,2.9
68,2,235,474,2005,3.41
68,2,235,474,2006,3.65
68,2,235,474,2007,3.99
68,2,235,474,2008,4.47
68,2,235,474,2009,5
68,2,235,474,2010,5.42
68,2,235,474,2011,6.11
68,2,235,474,2012,6.96
68,2,235,474,2013,7.44
68,2,235,474,2014,7.93
68,2,235,474,2015,9.53
68,2,235,474,2016,10.51
68,2,235,474,2017,11.66
69,2,8,474,1990,0.01
69,2,8,474,1991,0.01
69,2,8,474,1992,0.01
69,2,8,474,1993,0.01
69,2,8,474,1994,0.01
69,2,8,474,1995,0.01
69,2,8,474,1996,0.01
69,2,8,474,1997,0.01
69,2,8,474,1998,0.01
69,2,8,474,1999,0.01
69,2,8,474,2000,0.01
69,2,8,474,2001,0.01
69,2,8,474,2002,0.01
69,2,8,474,2003,0.01
69,2,8,474,2004,0.01
69,2,8,474,2005,0.01
69,2,8,474,2006,0.01
69,2,8,474,2007,0.02
69,2,8,474,2008,0.02
69,2,8,474,2009,0.02
69,2,8,474,2010,0.02
69,2,8,474,2011,0.02
69,2,8,474,2012,0.02
69,2,8,474,2013,0.02
69,2,8,474,2014,0.02
69,2,8,474,2015,0.02
69,2,8,474,2016,0.02
69,2,8,474,2017,0.02
69,2,9,474,1990,0.02
69,2,9,474,1991,0.02
69,2,9,474,1992,0.02
69,2,9,474,1993,0.02
69,2,9,474,1994,0.02
69,2,9,474,1995,0.02
69,2,9,474,1996,0.02
69,2,9,474,1997,0.02
69,2,9,474,1998,0.02
69,2,9,474,1999,0.02
69,2,9,474,2000,0.02
69,2,9,474,2001,0.02
69,2,9,474,2002,0.02
69,2,9,474,2003,0.02
69,2,9,474,2004,0.02
69,2,9,474,2005,0.02
69,2,9,474,2006,0.02
69,2,9,474,2007,0.02
69,2,9,474,2008,0.02
69,2,9,474,2009,0.02
69,2,9,474,2010,0.02
69,2,9,474,2011,0.03
69,2,9,474,2012,0.03
69,2,9,474,2013,0.04
69,2,9,474,2014,0.04
69,2,9,474,2015,0.04
69,2,9,474,2016,0.04
69,2,9,474,2017,0.04
69,2,10,474,1990,0.03
69,2,10,474,1991,0.02
69,2,10,474,1992,0.02
69,2,10,474,1993,0.03
69,2,10,474,1994,0.03
69,2,10,474,1995,0.03
69,2,10,474,1996,0.02
69,2,10,474,1997,0.02
69,2,10,474,1998,0.02
69,2,10,474,1999,0.02
69,2,10,474,2000,0.02
69,2,10,474,2001,0.03
69,2,10,474,2002,0.03
69,2,10,474,2003,0.03
69,2,10,474,2004,0.03
69,2,10,474,2005,0.03
69,2,10,474,2006,0.03
69,2,10,474,2007,0.03
69,2,10,474,2008,0.03
69,2,10,474,2009,0.03
69,2,10,474,2010,0.03
69,2,10,474,2011,0.03
69,2,10,474,2012,0.03
69,2,10,474,2013,0.03
69,2,10,474,2014,0.04
69,2,10,474,2015,0.04
69,2,10,474,2016,0.04
69,2,10,474,2017,0.04
69,2,11,474,1990,0.04
69,2,11,474,1991,0.03
69,2,11,474,1992,0.03
69,2,11,474,1993,0.03
69,2,11,474,1994,0.03
69,2,11,474,1995,0.03
69,2,11,474,1996,0.03
69,2,11,474,1997,0.03
69,2,11,474,1998,0.03
69,2,11,474,1999,0.03
69,2,11,474,2000,0.03
69,2,11,474,2001,0.03
69,2,11,474,2002,0.03
69,2,11,474,2003,0.03
69,2,11,474,2004,0.03
69,2,11,474,2005,0.03
69,2,11,474,2006,0.03
69,2,11,474,2007,0.03
69,2,11,474,2008,0.03
69,2,11,474,2009,0.04
69,2,11,474,2010,0.04
69,2,11,474,2011,0.04
69,2,11,474,2012,0.04
69,2,11,474,2013,0.04
69,2,11,474,2014,0.04
69,2,11,474,2015,0.04
69,2,11,474,2016,0.04
69,2,11,474,2017,0.04
69,2,12,474,1990,0.12
69,2,12,474,1991,0.11
69,2,12,474,1992,0.11
69,2,12,474,1993,0.12
69,2,12,474,1994,0.12
69,2,12,474,1995,0.12
69,2,12,474,1996,0.11
69,2,12,474,1997,0.11
69,2,12,474,1998,0.11
69,2,12,474,1999,0.11
69,2,12,474,2000,0.1
69,2,12,474,2001,0.11
69,2,12,474,2002,0.11
69,2,12,474,2003,0.1
69,2,12,474,2004,0.1
69,2,12,474,2005,0.1
69,2,12,474,2006,0.1
69,2,12,474,2007,0.09
69,2,12,474,2008,0.1
69,2,12,474,2009,0.09
69,2,12,474,2010,0.09
69,2,12,474,2011,0.09
69,2,12,474,2012,0.1
69,2,12,474,2013,0.1
69,2,12,474,2014,0.11
69,2,12,474,2015,0.12
69,2,12,474,2016,0.12
69,2,12,474,2017,0.11
69,2,13,474,1990,0.17
69,2,13,474,1991,0.16
69,2,13,474,1992,0.16
69,2,13,474,1993,0.17
69,2,13,474,1994,0.18
69,2,13,474,1995,0.18
69,2,13,474,1996,0.18
69,2,13,474,1997,0.19
69,2,13,474,1998,0.19
69,2,13,474,1999,0.19
69,2,13,474,2000,0.19
69,2,13,474,2001,0.2
69,2,13,474,2002,0.21
69,2,13,474,2003,0.2
69,2,13,474,2004,0.2
69,2,13,474,2005,0.2
69,2,13,474,2006,0.21
69,2,13,474,2007,0.2
69,2,13,474,2008,0.2
69,2,13,474,2009,0.19
69,2,13,474,2010,0.19
69,2,13,474,2011,0.18
69,2,13,474,2012,0.18
69,2,13,474,2013,0.17
69,2,13,474,2014,0.18
69,2,13,474,2015,0.18
69,2,13,474,2016,0.17
69,2,13,474,2017,0.18
69,2,14,474,1990,0.28
69,2,14,474,1991,0.25
69,2,14,474,1992,0.26
69,2,14,474,1993,0.28
69,2,14,474,1994,0.3
69,2,14,474,1995,0.32
69,2,14,474,1996,0.31
69,2,14,474,1997,0.3
69,2,14,474,1998,0.31
69,2,14,474,1999,0.3
69,2,14,474,2000,0.31
69,2,14,474,2001,0.33
69,2,14,474,2002,0.34
69,2,14,474,2003,0.33
69,2,14,474,2004,0.35
69,2,14,474,2005,0.34
69,2,14,474,2006,0.36
69,2,14,474,2007,0.34
69,2,14,474,2008,0.35
69,2,14,474,2009,0.33
69,2,14,474,2010,0.33
69,2,14,474,2011,0.33
69,2,14,474,2012,0.34
69,2,14,474,2013,0.32
69,2,14,474,2014,0.33
69,2,14,474,2015,0.33
69,2,14,474,2016,0.31
69,2,14,474,2017,0.3
69,2,15,474,1990,0.36
69,2,15,474,1991,0.35
69,2,15,474,1992,0.36
69,2,15,474,1993,0.37
69,2,15,474,1994,0.37
69,2,15,474,1995,0.35
69,2,15,474,1996,0.32
69,2,15,474,1997,0.35
69,2,15,474,1998,0.39
69,2,15,474,1999,0.4
69,2,15,474,2000,0.43
69,2,15,474,2001,0.46
69,2,15,474,2002,0.47
69,2,15,474,2003,0.45
69,2,15,474,2004,0.49
69,2,15,474,2005,0.49
69,2,15,474,2006,0.52
69,2,15,474,2007,0.52
69,2,15,474,2008,0.53
69,2,15,474,2009,0.51
69,2,15,474,2010,0.5
69,2,15,474,2011,0.5
69,2,15,474,2012,0.51
69,2,15,474,2013,0.48
69,2,15,474,2014,0.48
69,2,15,474,2015,0.49
69,2,15,474,2016,0.48
69,2,15,474,2017,0.49
69,2,16,474,1990,0.56
69,2,16,474,1991,0.53
69,2,16,474,1992,0.52
69,2,16,474,1993,0.52
69,2,16,474,1994,0.55
69,2,16,474,1995,0.56
69,2,16,474,1996,0.55
69,2,16,474,1997,0.57
69,2,16,474,1998,0.58
69,2,16,474,1999,0.55
69,2,16,474,2000,0.52
69,2,16,474,2001,0.51
69,2,16,474,2002,0.56
69,2,16,474,2003,0.59
69,2,16,474,2004,0.65
69,2,16,474,2005,0.7
69,2,16,474,2006,0.77
69,2,16,474,2007,0.76
69,2,16,474,2008,0.78
69,2,16,474,2009,0.75
69,2,16,474,2010,0.76
69,2,16,474,2011,0.76
69,2,16,474,2012,0.79
69,2,16,474,2013,0.76
69,2,16,474,2014,0.77
69,2,16,474,2015,0.77
69,2,16,474,2016,0.75
69,2,16,474,2017,0.76
69,2,17,474,1990,0.74
69,2,17,474,1991,0.71
69,2,17,474,1992,0.72
69,2,17,474,1993,0.74
69,2,17,474,1994,0.76
69,2,17,474,1995,0.78
69,2,17,474,1996,0.74
69,2,17,474,1997,0.74
69,2,17,474,1998,0.75
69,2,17,474,1999,0.76
69,2,17,474,2000,0.78
69,2,17,474,2001,0.83
69,2,17,474,2002,0.85
69,2,17,474,2003,0.82
69,2,17,474,2004,0.83
69,2,17,474,2005,0.76
69,2,17,474,2006,0.77
69,2,17,474,2007,0.81
69,2,17,474,2008,0.9
69,2,17,474,2009,0.89
69,2,17,474,2010,0.95
69,2,17,474,2011,0.98
69,2,17,474,2012,1
69,2,17,474,2013,0.97
69,2,17,474,2014,1
69,2,17,474,2015,1.03
69,2,17,474,2016,1.02
69,2,17,474,2017,1.07
69,2,18,474,1990,1.08
69,2,18,474,1991,1
69,2,18,474,1992,0.99
69,2,18,474,1993,1.03
69,2,18,474,1994,1.07
69,2,18,474,1995,1.15
69,2,18,474,1996,1.11
69,2,18,474,1997,1.15
69,2,18,474,1998,1.16
69,2,18,474,1999,1.09
69,2,18,474,2000,1.12
69,2,18,474,2001,1.17
69,2,18,474,2002,1.17
69,2,18,474,2003,1.12
69,2,18,474,2004,1.21
69,2,18,474,2005,1.2
69,2,18,474,2006,1.31
69,2,18,474,2007,1.27
69,2,18,474,2008,1.28
69,2,18,474,2009,1.17
69,2,18,474,2010,1.07
69,2,18,474,2011,1.02
69,2,18,474,2012,1.15
69,2,18,474,2013,1.19
69,2,18,474,2014,1.31
69,2,18,474,2015,1.4
69,2,18,474,2016,1.44
69,2,18,474,2017,1.49
69,2,19,474,1990,1.23
69,2,19,474,1991,1.16
69,2,19,474,1992,1.15
69,2,19,474,1993,1.16
69,2,19,474,1994,1.18
69,2,19,474,1995,1.18
69,2,19,474,1996,1.11
69,2,19,474,1997,1.16
69,2,19,474,1998,1.19
69,2,19,474,1999,1.19
69,2,19,474,2000,1.26
69,2,19,474,2001,1.33
69,2,19,474,2002,1.37
69,2,19,474,2003,1.32
69,2,19,474,2004,1.37
69,2,19,474,2005,1.33
69,2,19,474,2006,1.4
69,2,19,474,2007,1.31
69,2,19,474,2008,1.33
69,2,19,474,2009,1.33
69,2,19,474,2010,1.34
69,2,19,474,2011,1.37
69,2,19,474,2012,1.45
69,2,19,474,2013,1.4
69,2,19,474,2014,1.43
69,2,19,474,2015,1.36
69,2,19,474,2016,1.31
69,2,19,474,2017,1.48
69,2,20,474,1990,1.93
69,2,20,474,1991,1.8
69,2,20,474,1992,1.76
69,2,20,474,1993,1.76
69,2,20,474,1994,1.78
69,2,20,474,1995,1.76
69,2,20,474,1996,1.63
69,2,20,474,1997,1.62
69,2,20,474,1998,1.62
69,2,20,474,1999,1.53
69,2,20,474,2000,1.53
69,2,20,474,2001,1.59
69,2,20,474,2002,1.66
69,2,20,474,2003,1.66
69,2,20,474,2004,1.83
69,2,20,474,2005,1.89
69,2,20,474,2006,2.08
69,2,20,474,2007,2.05
69,2,20,474,2008,2.09
69,2,20,474,2009,2.03
69,2,20,474,2010,2.04
69,2,20,474,2011,2.04
69,2,20,474,2012,2.1
69,2,20,474,2013,2.02
69,2,20,474,2014,2.2
69,2,20,474,2015,2.31
69,2,20,474,2016,2.33
69,2,20,474,2017,2.42
69,2,22,474,1990,9.9
69,2,22,474,1991,9.6
69,2,22,474,1992,9.74
69,2,22,474,1993,10.14
69,2,22,474,1994,10.69
69,2,22,474,1995,11.01
69,2,22,474,1996,10.68
69,2,22,474,1997,11.08
69,2,22,474,1998,11.44
69,2,22,474,1999,11.38
69,2,22,474,2000,11.62
69,2,22,474,2001,12.29
69,2,22,474,2002,12.74
69,2,22,474,2003,12.45
69,2,22,474,2004,13.3
69,2,22,474,2005,13.32
69,2,22,474,2006,14.39
69,2,22,474,2007,14.15
69,2,22,474,2008,14.77
69,2,22,474,2009,14.41
69,2,22,474,2010,14.5
69,2,22,474,2011,14.61
69,2,22,474,2012,15.39
69,2,22,474,2013,15.48
69,2,22,474,2014,16.54
69,2,22,474,2015,17.49
69,2,22,474,2016,17.54
69,2,22,474,2017,18.34
69,2,30,474,1990,1.75
69,2,30,474,1991,1.79
69,2,30,474,1992,1.89
69,2,30,474,1993,2.01
69,2,30,474,1994,2.16
69,2,30,474,1995,2.2
69,2,30,474,1996,2.1
69,2,30,474,1997,2.1
69,2,30,474,1998,2.09
69,2,30,474,1999,2.04
69,2,30,474,2000,2.02
69,2,30,474,2001,2.13
69,2,30,474,2002,2.14
69,2,30,474,2003,2.02
69,2,30,474,2004,2.15
69,2,30,474,2005,2.13
69,2,30,474,2006,2.33
69,2,30,474,2007,2.34
69,2,30,474,2008,2.55
69,2,30,474,2009,2.58
69,2,30,474,2010,2.7
69,2,30,474,2011,2.77
69,2,30,474,2012,2.97
69,2,30,474,2013,2.98
69,2,30,474,2014,3.14
69,2,30,474,2015,3.32
69,2,30,474,2016,3.26
69,2,30,474,2017,3.29
69,2,31,474,1990,0.99
69,2,31,474,1991,1.02
69,2,31,474,1992,1.09
69,2,31,474,1993,1.2
69,2,31,474,1994,1.34
69,2,31,474,1995,1.46
69,2,31,474,1996,1.56
69,2,31,474,1997,1.73
69,2,31,474,1998,1.9
69,2,31,474,1999,1.97
69,2,31,474,2000,2.03
69,2,31,474,2001,2.14
69,2,31,474,2002,2.21
69,2,31,474,2003,2.11
69,2,31,474,2004,2.22
69,2,31,474,2005,2.2
69,2,31,474,2006,2.36
69,2,31,474,2007,2.25
69,2,31,474,2008,2.31
69,2,31,474,2009,2.19
69,2,31,474,2010,2.14
69,2,31,474,2011,2.12
69,2,31,474,2012,2.26
69,2,31,474,2013,2.4
69,2,31,474,2014,2.69
69,2,31,474,2015,3.02
69,2,31,474,2016,3.11
69,2,31,474,2017,3.29
69,2,32,474,1990,0.46
69,2,32,474,1991,0.48
69,2,32,474,1992,0.5
69,2,32,474,1993,0.54
69,2,32,474,1994,0.6
69,2,32,474,1995,0.65
69,2,32,474,1996,0.68
69,2,32,474,1997,0.75
69,2,32,474,1998,0.83
69,2,32,474,1999,0.89
69,2,32,474,2000,0.98
69,2,32,474,2001,1.11
69,2,32,474,2002,1.25
69,2,32,474,2003,1.29
69,2,32,474,2004,1.43
69,2,32,474,2005,1.46
69,2,32,474,2006,1.59
69,2,32,474,2007,1.57
69,2,32,474,2008,1.65
69,2,32,474,2009,1.61
69,2,32,474,2010,1.64
69,2,32,474,2011,1.66
69,2,32,474,2012,1.72
69,2,32,474,2013,1.81
69,2,32,474,2014,1.96
69,2,32,474,2015,2.11
69,2,32,474,2016,2.16
69,2,32,474,2017,2.33
69,2,235,474,1990,0.14
69,2,235,474,1991,0.15
69,2,235,474,1992,0.15
69,2,235,474,1993,0.17
69,2,235,474,1994,0.19
69,2,235,474,1995,0.19
69,2,235,474,1996,0.2
69,2,235,474,1997,0.22
69,2,235,474,1998,0.24
69,2,235,474,1999,0.26
69,2,235,474,2000,0.27
69,2,235,474,2001,0.3
69,2,235,474,2002,0.33
69,2,235,474,2003,0.35
69,2,235,474,2004,0.4
69,2,235,474,2005,0.43
69,2,235,474,2006,0.51
69,2,235,474,2007,0.54
69,2,235,474,2008,0.6
69,2,235,474,2009,0.61
69,2,235,474,2010,0.64
69,2,235,474,2011,0.65
69,2,235,474,2012,0.69
69,2,235,474,2013,0.74
69,2,235,474,2014,0.82
69,2,235,474,2015,0.91
69,2,235,474,2016,0.94
69,2,235,474,2017,0.97
71,2,8,474,1990,0.07
71,2,8,474,1991,0.07
71,2,8,474,1992,0.06
71,2,8,474,1993,0.06
71,2,8,474,1994,0.06
71,2,8,474,1995,0.06
71,2,8,474,1996,0.06
71,2,8,474,1997,0.06
71,2,8,474,1998,0.06
71,2,8,474,1999,0.06
71,2,8,474,2000,0.06
71,2,8,474,2001,0.06
71,2,8,474,2002,0.06
71,2,8,474,2003,0.06
71,2,8,474,2004,0.06
71,2,8,474,2005,0.06
71,2,8,474,2006,0.06
71,2,8,474,2007,0.07
71,2,8,474,2008,0.07
71,2,8,474,2009,0.07
71,2,8,474,2010,0.07
71,2,8,474,2011,0.07
71,2,8,474,2012,0.07
71,2,8,474,2013,0.07
71,2,8,474,2014,0.07
71,2,8,474,2015,0.07
71,2,8,474,2016,0.07
71,2,8,474,2017,0.07
71,2,9,474,1990,0.1
71,2,9,474,1991,0.1
71,2,9,474,1992,0.1
71,2,9,474,1993,0.1
71,2,9,474,1994,0.09
71,2,9,474,1995,0.09
71,2,9,474,1996,0.09
71,2,9,474,1997,0.09
71,2,9,474,1998,0.09
71,2,9,474,1999,0.08
71,2,9,474,2000,0.08
71,2,9,474,2001,0.08
71,2,9,474,2002,0.08
71,2,9,474,2003,0.08
71,2,9,474,2004,0.08
71,2,9,474,2005,0.08
71,2,9,474,2006,0.08
71,2,9,474,2007,0.08
71,2,9,474,2008,0.08
71,2,9,474,2009,0.08
71,2,9,474,2010,0.08
71,2,9,474,2011,0.08
71,2,9,474,2012,0.08
71,2,9,474,2013,0.08
71,2,9,474,2014,0.08
71,2,9,474,2015,0.08
71,2,9,474,2016,0.08
71,2,9,474,2017,0.08
71,2,10,474,1990,0.16
71,2,10,474,1991,0.16
71,2,10,474,1992,0.15
71,2,10,474,1993,0.13
71,2,10,474,1994,0.13
71,2,10,474,1995,0.14
71,2,10,474,1996,0.15
71,2,10,474,1997,0.15
71,2,10,474,1998,0.15
71,2,10,474,1999,0.15
71,2,10,474,2000,0.15
71,2,10,474,2001,0.13
71,2,10,474,2002,0.13
71,2,10,474,2003,0.13
71,2,10,474,2004,0.12
71,2,10,474,2005,0.11
71,2,10,474,2006,0.12
71,2,10,474,2007,0.12
71,2,10,474,2008,0.12
71,2,10,474,2009,0.13
71,2,10,474,2010,0.12
71,2,10,474,2011,0.12
71,2,10,474,2012,0.12
71,2,10,474,2013,0.12
71,2,10,474,2014,0.12
71,2,10,474,2015,0.12
71,2,10,474,2016,0.12
71,2,10,474,2017,0.12
71,2,11,474,1990,0.35
71,2,11,474,1991,0.35
71,2,11,474,1992,0.36
71,2,11,474,1993,0.35
71,2,11,474,1994,0.35
71,2,11,474,1995,0.36
71,2,11,474,1996,0.36
71,2,11,474,1997,0.37
71,2,11,474,1998,0.36
71,2,11,474,1999,0.35
71,2,11,474,2000,0.35
71,2,11,474,2001,0.34
71,2,11,474,2002,0.34
71,2,11,474,2003,0.34
71,2,11,474,2004,0.32
71,2,11,474,2005,0.3
71,2,11,474,2006,0.29
71,2,11,474,2007,0.31
71,2,11,474,2008,0.3
71,2,11,474,2009,0.28
71,2,11,474,2010,0.28
71,2,11,474,2011,0.3
71,2,11,474,2012,0.3
71,2,11,474,2013,0.32
71,2,11,474,2014,0.33
71,2,11,474,2015,0.32
71,2,11,474,2016,0.33
71,2,11,474,2017,0.34
71,2,12,474,1990,0.66
71,2,12,474,1991,0.68
71,2,12,474,1992,0.69
71,2,12,474,1993,0.7
71,2,12,474,1994,0.71
71,2,12,474,1995,0.7
71,2,12,474,1996,0.73
71,2,12,474,1997,0.76
71,2,12,474,1998,0.76
71,2,12,474,1999,0.76
71,2,12,474,2000,0.77
71,2,12,474,2001,0.73
71,2,12,474,2002,0.71
71,2,12,474,2003,0.7
71,2,12,474,2004,0.68
71,2,12,474,2005,0.65
71,2,12,474,2006,0.67
71,2,12,474,2007,0.71
71,2,12,474,2008,0.71
71,2,12,474,2009,0.74
71,2,12,474,2010,0.72
71,2,12,474,2011,0.71
71,2,12,474,2012,0.67
71,2,12,474,2013,0.65
71,2,12,474,2014,0.68
71,2,12,474,2015,0.72
71,2,12,474,2016,0.74
71,2,12,474,2017,0.73
71,2,13,474,1990,1.31
71,2,13,474,1991,1.32
71,2,13,474,1992,1.31
71,2,13,474,1993,1.29
71,2,13,474,1994,1.34
71,2,13,474,1995,1.32
71,2,13,474,1996,1.33
71,2,13,474,1997,1.35
71,2,13,474,1998,1.37
71,2,13,474,1999,1.41
71,2,13,474,2000,1.42
71,2,13,474,2001,1.42
71,2,13,474,2002,1.43
71,2,13,474,2003,1.41
71,2,13,474,2004,1.41
71,2,13,474,2005,1.33
71,2,13,474,2006,1.3
71,2,13,474,2007,1.32
71,2,13,474,2008,1.27
71,2,13,474,2009,1.29
71,2,13,474,2010,1.28
71,2,13,474,2011,1.34
71,2,13,474,2012,1.36
71,2,13,474,2013,1.36
71,2,13,474,2014,1.36
71,2,13,474,2015,1.4
71,2,13,474,2016,1.38
71,2,13,474,2017,1.33
71,2,14,474,1990,2.14
71,2,14,474,1991,2.16
71,2,14,474,1992,2.26
71,2,14,474,1993,2.25
71,2,14,474,1994,2.31
71,2,14,474,1995,2.3
71,2,14,474,1996,2.35
71,2,14,474,1997,2.37
71,2,14,474,1998,2.38
71,2,14,474,1999,2.46
71,2,14,474,2000,2.49
71,2,14,474,2001,2.46
71,2,14,474,2002,2.54
71,2,14,474,2003,2.56
71,2,14,474,2004,2.64
71,2,14,474,2005,2.56
71,2,14,474,2006,2.63
71,2,14,474,2007,2.68
71,2,14,474,2008,2.68
71,2,14,474,2009,2.81
71,2,14,474,2010,2.69
71,2,14,474,2011,2.57
71,2,14,474,2012,2.51
71,2,14,474,2013,2.52
71,2,14,474,2014,2.55
71,2,14,474,2015,2.65
71,2,14,474,2016,2.72
71,2,14,474,2017,2.76
71,2,15,474,1990,3.42
71,2,15,474,1991,3.37
71,2,15,474,1992,3.3
71,2,15,474,1993,3.18
71,2,15,474,1994,3.25
71,2,15,474,1995,3.38
71,2,15,474,1996,3.48
71,2,15,474,1997,3.72
71,2,15,474,1998,3.79
71,2,15,474,1999,3.65
71,2,15,474,2000,3.68
71,2,15,474,2001,3.78
71,2,15,474,2002,3.76
71,2,15,474,2003,3.4
71,2,15,474,2004,3.44
71,2,15,474,2005,3.38
71,2,15,474,2006,3.42
71,2,15,474,2007,3.47
71,2,15,474,2008,3.46
71,2,15,474,2009,3.65
71,2,15,474,2010,3.68
71,2,15,474,2011,3.71
71,2,15,474,2012,3.76
71,2,15,474,2013,3.84
71,2,15,474,2014,3.98
71,2,15,474,2015,4.13
71,2,15,474,2016,4.08
71,2,15,474,2017,4
71,2,16,474,1990,6.91
71,2,16,474,1991,6.63
71,2,16,474,1992,6.59
71,2,16,474,1993,6.35
71,2,16,474,1994,6.21
71,2,16,474,1995,6.04
71,2,16,474,1996,6
71,2,16,474,1997,6.08
71,2,16,474,1998,5.89
71,2,16,474,1999,6.04
71,2,16,474,2000,6.39
71,2,16,474,2001,6.5
71,2,16,474,2002,6.86
71,2,16,474,2003,6.78
71,2,16,474,2004,6.76
71,2,16,474,2005,6.67
71,2,16,474,2006,6.7
71,2,16,474,2007,6.67
71,2,16,474,2008,6.52
71,2,16,474,2009,6.54
71,2,16,474,2010,6.35
71,2,16,474,2011,6.38
71,2,16,474,2012,6.43
71,2,16,474,2013,6.7
71,2,16,474,2014,6.88
71,2,16,474,2015,7.16
71,2,16,474,2016,7.27
71,2,16,474,2017,7.47
71,2,17,474,1990,14.1
71,2,17,474,1991,13.69
71,2,17,474,1992,13.32
71,2,17,474,1993,12.49
71,2,17,474,1994,12.12
71,2,17,474,1995,11.6
71,2,17,474,1996,11.11
71,2,17,474,1997,11.07
71,2,17,474,1998,10.67
71,2,17,474,1999,10.29
71,2,17,474,2000,9.89
71,2,17,474,2001,10.01
71,2,17,474,2002,10.42
71,2,17,474,2003,10.13
71,2,17,474,2004,10.13
71,2,17,474,2005,10.12
71,2,17,474,2006,10.21
71,2,17,474,2007,10.82
71,2,17,474,2008,11.4
71,2,17,474,2009,11.65
71,2,17,474,2010,11.65
71,2,17,474,2011,12.04
71,2,17,474,2012,11.79
71,2,17,474,2013,11.81
71,2,17,474,2014,11.9
71,2,17,474,2015,12.28
71,2,17,474,2016,12.41
71,2,17,474,2017,12.99
71,2,18,474,1990,23.7
71,2,18,474,1991,23.36
71,2,18,474,1992,23.19
71,2,18,474,1993,22.37
71,2,18,474,1994,22.66
71,2,18,474,1995,22.05
71,2,18,474,1996,21.43
71,2,18,474,1997,21.11
71,2,18,474,1998,20.06
71,2,18,474,1999,19.11
71,2,18,474,2000,18.56
71,2,18,474,2001,18.14
71,2,18,474,2002,18.47
71,2,18,474,2003,18.39
71,2,18,474,2004,18.59
71,2,18,474,2005,17.95
71,2,18,474,2006,17.77
71,2,18,474,2007,18.31
71,2,18,474,2008,18.42
71,2,18,474,2009,19.12
71,2,18,474,2010,19.18
71,2,18,474,2011,19.8
71,2,18,474,2012,20.31
71,2,18,474,2013,20.64
71,2,18,474,2014,21.4
71,2,18,474,2015,22.58
71,2,18,474,2016,23.15
71,2,18,474,2017,23.82
71,2,19,474,1990,32.8
71,2,19,474,1991,33.39
71,2,19,474,1992,34.59
71,2,19,474,1993,35.09
71,2,19,474,1994,36.83
71,2,19,474,1995,37.39
71,2,19,474,1996,37.81
71,2,19,474,1997,38.55
71,2,19,474,1998,37.97
71,2,19,474,1999,36.78
71,2,19,474,2000,35.71
71,2,19,474,2001,34.76
71,2,19,474,2002,33.82
71,2,19,474,2003,31.78
71,2,19,474,2004,30.71
71,2,19,474,2005,29.4
71,2,19,474,2006,29.11
71,2,19,474,2007,29.47
71,2,19,474,2008,29.39
71,2,19,474,2009,30.48
71,2,19,474,2010,30.33
71,2,19,474,2011,30.76
71,2,19,474,2012,29.81
71,2,19,474,2013,29.81
71,2,19,474,2014,31.83
71,2,19,474,2015,33.35
71,2,19,474,2016,34.79
71,2,19,474,2017,38.59
71,2,20,474,1990,42.9
71,2,20,474,1991,42.62
71,2,20,474,1992,42.79
71,2,20,474,1993,41.91
71,2,20,474,1994,41.74
71,2,20,474,1995,41.23
71,2,20,474,1996,43.22
71,2,20,474,1997,44.11
71,2,20,474,1998,46.14
71,2,20,474,1999,47.32
71,2,20,474,2000,48.41
71,2,20,474,2001,49.32
71,2,20,474,2002,51.37
71,2,20,474,2003,51.64
71,2,20,474,2004,51.18
71,2,20,474,2005,48.18
71,2,20,474,2006,47.92
71,2,20,474,2007,47.5
71,2,20,474,2008,46.23
71,2,20,474,2009,45.21
71,2,20,474,2010,43.03
71,2,20,474,2011,42.63
71,2,20,474,2012,42.51
71,2,20,474,2013,42.91
71,2,20,474,2014,45.32
71,2,20,474,2015,47.14
71,2,20,474,2016,48.47
71,2,20,474,2017,50.8
71,2,22,474,1990,221.6
71,2,22,474,1991,224.8
71,2,22,474,1992,229.6
71,2,22,474,1993,230.22
71,2,22,474,1994,237.02
71,2,22,474,1995,239.67
71,2,22,474,1996,246.34
71,2,22,474,1997,254.28
71,2,22,474,1998,257.12
71,2,22,474,1999,260.47
71,2,22,474,2000,268.76
71,2,22,474,2001,275.86
71,2,22,474,2002,287.9
71,2,22,474,2003,287.55
71,2,22,474,2004,292.74
71,2,22,474,2005,289.85
71,2,22,474,2006,298.66
71,2,22,474,2007,307.12
71,2,22,474,2008,310.75
71,2,22,474,2009,316.24
71,2,22,474,2010,312.59
71,2,22,474,2011,316.25
71,2,22,474,2012,315.73
71,2,22,474,2013,315.31
71,2,22,474,2014,326.99
71,2,22,474,2015,337.7
71,2,22,474,2016,344.91
71,2,22,474,2017,355.5
71,2,30,474,1990,42.8
71,2,30,474,1991,44.58
71,2,30,474,1992,46.48
71,2,30,474,1993,48.05
71,2,30,474,1994,50.52
71,2,30,474,1995,52.7
71,2,30,474,1996,54.4
71,2,30,474,1997,58.28
71,2,30,474,1998,59.57
71,2,30,474,1999,59.2
71,2,30,474,2000,61.28
71,2,30,474,2001,64.23
71,2,30,474,2002,68.03
71,2,30,474,2003,68.74
71,2,30,474,2004,70.93
71,2,30,474,2005,70.64
71,2,30,474,2006,72.6
71,2,30,474,2007,73.72
71,2,30,474,2008,73.46
71,2,30,474,2009,73.59
71,2,30,474,2010,70.24
71,2,30,474,2011,69.57
71,2,30,474,2012,68.52
71,2,30,474,2013,66.3
71,2,30,474,2014,66.72
71,2,30,474,2015,66.53
71,2,30,474,2016,67.31
71,2,30,474,2017,69.91
71,2,31,474,1990,32.22
71,2,31,474,1991,33.04
71,2,31,474,1992,34.48
71,2,31,474,1993,35.41
71,2,31,474,1994,37.24
71,2,31,474,1995,38.16
71,2,31,474,1996,40.55
71,2,31,474,1997,42.33
71,2,31,474,1998,43.59
71,2,31,474,1999,46.69
71,2,31,474,2000,51.09
71,2,31,474,2001,53.3
71,2,31,474,2002,56.82
71,2,31,474,2003,56.85
71,2,31,474,2004,57.94
71,2,31,474,2005,58.67
71,2,31,474,2006,62.76
71,2,31,474,2007,66.11
71,2,31,474,2008,68.99
71,2,31,474,2009,71.63
71,2,31,474,2010,72.07
71,2,31,474,2011,72.71
71,2,31,474,2012,72.29
71,2,31,474,2013,71.6
71,2,31,474,2014,73.13
71,2,31,474,2015,74.44
71,2,31,474,2016,75.28
71,2,31,474,2017,75.16
71,2,32,474,1990,14.27
71,2,32,474,1991,15.33
71,2,32,474,1992,15.78
71,2,32,474,1993,16.13
71,2,32,474,1994,16.84
71,2,32,474,1995,17.16
71,2,32,474,1996,17.77
71,2,32,474,1997,18.28
71,2,32,474,1998,18.43
71,2,32,474,1999,19.92
71,2,32,474,2000,21.36
71,2,32,474,2001,22.89
71,2,32,474,2002,24.73
71,2,32,474,2003,25.84
71,2,32,474,2004,28.21
71,2,32,474,2005,29.67
71,2,32,474,2006,31.91
71,2,32,474,2007,33.85
71,2,32,474,2008,35.12
71,2,32,474,2009,35.61
71,2,32,474,2010,36.74
71,2,32,474,2011,39.2
71,2,32,474,2012,40.79
71,2,32,474,2013,42.08
71,2,32,474,2014,45.5
71,2,32,474,2015,48.35
71,2,32,474,2016,49.11
71,2,32,474,2017,48.92
71,2,235,474,1990,3.68
71,2,235,474,1991,3.96
71,2,235,474,1992,4.16
71,2,235,474,1993,4.36
71,2,235,474,1994,4.61
71,2,235,474,1995,4.99
71,2,235,474,1996,5.5
71,2,235,474,1997,5.6
71,2,235,474,1998,5.83
71,2,235,474,1999,6.18
71,2,235,474,2000,7.07
71,2,235,474,2001,7.72
71,2,235,474,2002,8.32
71,2,235,474,2003,8.72
71,2,235,474,2004,9.52
71,2,235,474,2005,10.06
71,2,235,474,2006,11.1
71,2,235,474,2007,11.93
71,2,235,474,2008,12.54
71,2,235,474,2009,13.36
71,2,235,474,2010,14.12
71,2,235,474,2011,14.26
71,2,235,474,2012,14.44
71,2,235,474,2013,14.51
71,2,235,474,2014,15.12
71,2,235,474,2015,16.39
71,2,235,474,2016,17.6
71,2,235,474,2017,18.4
72,2,8,474,1990,0.03
72,2,8,474,1991,0.03
72,2,8,474,1992,0.02
72,2,8,474,1993,0.02
72,2,8,474,1994,0.03
72,2,8,474,1995,0.03
72,2,8,474,1996,0.03
72,2,8,474,1997,0.03
72,2,8,474,1998,0.03
72,2,8,474,1999,0.03
72,2,8,474,2000,0.02
72,2,8,474,2001,0.02
72,2,8,474,2002,0.02
72,2,8,474,2003,0.03
72,2,8,474,2004,0.03
72,2,8,474,2005,0.02
72,2,8,474,2006,0.02
72,2,8,474,2007,0.02
72,2,8,474,2008,0.02
72,2,8,474,2009,0.02
72,2,8,474,2010,0.02
72,2,8,474,2011,0.02
72,2,8,474,2012,0.02
72,2,8,474,2013,0.02
72,2,8,474,2014,0.02
72,2,8,474,2015,0.02
72,2,8,474,2016,0.02
72,2,8,474,2017,0.02
72,2,9,474,1990,0.02
72,2,9,474,1991,0.01
72,2,9,474,1992,0.01
72,2,9,474,1993,0.02
72,2,9,474,1994,0.01
72,2,9,474,1995,0.02
72,2,9,474,1996,0.02
72,2,9,474,1997,0.01
72,2,9,474,1998,0.01
72,2,9,474,1999,0.01
72,2,9,474,2000,0.01
72,2,9,474,2001,0.01
72,2,9,474,2002,0.01
72,2,9,474,2003,0.01
72,2,9,474,2004,0.01
72,2,9,474,2005,0.01
72,2,9,474,2006,0.01
72,2,9,474,2007,0.01
72,2,9,474,2008,0.01
72,2,9,474,2009,0.01
72,2,9,474,2010,0.01
72,2,9,474,2011,0.01
72,2,9,474,2012,0.01
72,2,9,474,2013,0.01
72,2,9,474,2014,0.01
72,2,9,474,2015,0.01
72,2,9,474,2016,0.01
72,2,9,474,2017,0.01
72,2,10,474,1990,0.02
72,2,10,474,1991,0.02
72,2,10,474,1992,0.02
72,2,10,474,1993,0.02
72,2,10,474,1994,0.02
72,2,10,474,1995,0.02
72,2,10,474,1996,0.02
72,2,10,474,1997,0.02
72,2,10,474,1998,0.02
72,2,10,474,1999,0.02
72,2,10,474,2000,0.02
72,2,10,474,2001,0.02
72,2,10,474,2002,0.02
72,2,10,474,2003,0.02
72,2,10,474,2004,0.02
72,2,10,474,2005,0.01
72,2,10,474,2006,0.01
72,2,10,474,2007,0.01
72,2,10,474,2008,0.02
72,2,10,474,2009,0.02
72,2,10,474,2010,0.02
72,2,10,474,2011,0.02
72,2,10,474,2012,0.01
72,2,10,474,2013,0.01
72,2,10,474,2014,0.01
72,2,10,474,2015,0.02
72,2,10,474,2016,0.02
72,2,10,474,2017,0.02
72,2,11,474,1990,0.08
72,2,11,474,1991,0.09
72,2,11,474,1992,0.09
72,2,11,474,1993,0.09
72,2,11,474,1994,0.09
72,2,11,474,1995,0.1
72,2,11,474,1996,0.11
72,2,11,474,1997,0.11
72,2,11,474,1998,0.1
72,2,11,474,1999,0.09
72,2,11,474,2000,0.08
72,2,11,474,2001,0.08
72,2,11,474,2002,0.09
72,2,11,474,2003,0.09
72,2,11,474,2004,0.09
72,2,11,474,2005,0.08
72,2,11,474,2006,0.07
72,2,11,474,2007,0.07
72,2,11,474,2008,0.07
72,2,11,474,2009,0.07
72,2,11,474,2010,0.07
72,2,11,474,2011,0.07
72,2,11,474,2012,0.07
72,2,11,474,2013,0.07
72,2,11,474,2014,0.06
72,2,11,474,2015,0.07
72,2,11,474,2016,0.07
72,2,11,474,2017,0.07
72,2,12,474,1990,0.22
72,2,12,474,1991,0.23
72,2,12,474,1992,0.22
72,2,12,474,1993,0.2
72,2,12,474,1994,0.22
72,2,12,474,1995,0.24
72,2,12,474,1996,0.22
72,2,12,474,1997,0.21
72,2,12,474,1998,0.21
72,2,12,474,1999,0.22
72,2,12,474,2000,0.2
72,2,12,474,2001,0.2
72,2,12,474,2002,0.21
72,2,12,474,2003,0.22
72,2,12,474,2004,0.22
72,2,12,474,2005,0.21
72,2,12,474,2006,0.21
72,2,12,474,2007,0.23
72,2,12,474,2008,0.24
72,2,12,474,2009,0.22
72,2,12,474,2010,0.2
72,2,12,474,2011,0.19
72,2,12,474,2012,0.18
72,2,12,474,2013,0.16
72,2,12,474,2014,0.15
72,2,12,474,2015,0.15
72,2,12,474,2016,0.16
72,2,12,474,2017,0.16
72,2,13,474,1990,0.45
72,2,13,474,1991,0.46
72,2,13,474,1992,0.43
72,2,13,474,1993,0.45
72,2,13,474,1994,0.44
72,2,13,474,1995,0.45
72,2,13,474,1996,0.43
72,2,13,474,1997,0.46
72,2,13,474,1998,0.49
72,2,13,474,1999,0.5
72,2,13,474,2000,0.46
72,2,13,474,2001,0.43
72,2,13,474,2002,0.44
72,2,13,474,2003,0.47
72,2,13,474,2004,0.48
72,2,13,474,2005,0.48
72,2,13,474,2006,0.49
72,2,13,474,2007,0.51
72,2,13,474,2008,0.49
72,2,13,474,2009,0.49
72,2,13,474,2010,0.49
72,2,13,474,2011,0.47
72,2,13,474,2012,0.47
72,2,13,474,2013,0.45
72,2,13,474,2014,0.44
72,2,13,474,2015,0.43
72,2,13,474,2016,0.43
72,2,13,474,2017,0.42
72,2,14,474,1990,0.61
72,2,14,474,1991,0.59
72,2,14,474,1992,0.59
72,2,14,474,1993,0.6
72,2,14,474,1994,0.62
72,2,14,474,1995,0.76
72,2,14,474,1996,0.82
72,2,14,474,1997,0.74
72,2,14,474,1998,0.67
72,2,14,474,1999,0.68
72,2,14,474,2000,0.68
72,2,14,474,2001,0.67
72,2,14,474,2002,0.69
72,2,14,474,2003,0.72
72,2,14,474,2004,0.74
72,2,14,474,2005,0.75
72,2,14,474,2006,0.73
72,2,14,474,2007,0.66
72,2,14,474,2008,0.66
72,2,14,474,2009,0.73
72,2,14,474,2010,0.73
72,2,14,474,2011,0.71
72,2,14,474,2012,0.7
72,2,14,474,2013,0.66
72,2,14,474,2014,0.66
72,2,14,474,2015,0.7
72,2,14,474,2016,0.7
72,2,14,474,2017,0.69
72,2,15,474,1990,0.89
72,2,15,474,1991,0.89
72,2,15,474,1992,0.89
72,2,15,474,1993,0.95
72,2,15,474,1994,0.98
72,2,15,474,1995,1.1
72,2,15,474,1996,1.07
72,2,15,474,1997,1.07
72,2,15,474,1998,1.06
72,2,15,474,1999,1.08
72,2,15,474,2000,1.11
72,2,15,474,2001,1.13
72,2,15,474,2002,1.08
72,2,15,474,2003,1.12
72,2,15,474,2004,1.16
72,2,15,474,2005,1.12
72,2,15,474,2006,1.1
72,2,15,474,2007,1.08
72,2,15,474,2008,1.1
72,2,15,474,2009,1.18
72,2,15,474,2010,1.12
72,2,15,474,2011,1.11
72,2,15,474,2012,1.2
72,2,15,474,2013,1.26
72,2,15,474,2014,1.27
72,2,15,474,2015,1.26
72,2,15,474,2016,1.25
72,2,15,474,2017,1.22
72,2,16,474,1990,1.37
72,2,16,474,1991,1.31
72,2,16,474,1992,1.26
72,2,16,474,1993,1.38
72,2,16,474,1994,1.38
72,2,16,474,1995,1.53
72,2,16,474,1996,1.57
72,2,16,474,1997,1.68
72,2,16,474,1998,1.66
72,2,16,474,1999,1.67
72,2,16,474,2000,1.61
72,2,16,474,2001,1.58
72,2,16,474,2002,1.65
72,2,16,474,2003,1.71
72,2,16,474,2004,1.69
72,2,16,474,2005,1.69
72,2,16,474,2006,1.76
72,2,16,474,2007,1.8
72,2,16,474,2008,1.87
72,2,16,474,2009,1.7
72,2,16,474,2010,1.64
72,2,16,474,2011,1.68
72,2,16,474,2012,1.67
72,2,16,474,2013,1.69
72,2,16,474,2014,1.82
72,2,16,474,2015,1.77
72,2,16,474,2016,1.85
72,2,16,474,2017,1.92
72,2,17,474,1990,2.74
72,2,17,474,1991,2.65
72,2,17,474,1992,2.47
72,2,17,474,1993,2.59
72,2,17,474,1994,2.49
72,2,17,474,1995,2.77
72,2,17,474,1996,2.76
72,2,17,474,1997,2.61
72,2,17,474,1998,2.68
72,2,17,474,1999,2.77
72,2,17,474,2000,2.68
72,2,17,474,2001,2.7
72,2,17,474,2002,2.54
72,2,17,474,2003,2.55
72,2,17,474,2004,2.53
72,2,17,474,2005,2.36
72,2,17,474,2006,2.37
72,2,17,474,2007,2.43
72,2,17,474,2008,2.77
72,2,17,474,2009,2.86
72,2,17,474,2010,2.9
72,2,17,474,2011,3.06
72,2,17,474,2012,3.03
72,2,17,474,2013,2.94
72,2,17,474,2014,3.08
72,2,17,474,2015,2.94
72,2,17,474,2016,2.95
72,2,17,474,2017,3.07
72,2,18,474,1990,4.76
72,2,18,474,1991,4.76
72,2,18,474,1992,4.52
72,2,18,474,1993,4.65
72,2,18,474,1994,4.63
72,2,18,474,1995,5.08
72,2,18,474,1996,5.24
72,2,18,474,1997,4.86
72,2,18,474,1998,4.72
72,2,18,474,1999,4.63
72,2,18,474,2000,4.32
72,2,18,474,2001,4.05
72,2,18,474,2002,3.9
72,2,18,474,2003,3.89
72,2,18,474,2004,3.84
72,2,18,474,2005,3.72
72,2,18,474,2006,3.87
72,2,18,474,2007,4.01
72,2,18,474,2008,4.16
72,2,18,474,2009,4.09
72,2,18,474,2010,4.13
72,2,18,474,2011,4.44
72,2,18,474,2012,4.51
72,2,18,474,2013,4.48
72,2,18,474,2014,4.73
72,2,18,474,2015,4.96
72,2,18,474,2016,5.03
72,2,18,474,2017,4.97
72,2,19,474,1990,7.44
72,2,19,474,1991,7.52
72,2,19,474,1992,7.37
72,2,19,474,1993,7.72
72,2,19,474,1994,8.19
72,2,19,474,1995,8.97
72,2,19,474,1996,9.04
72,2,19,474,1997,8.39
72,2,19,474,1998,8.03
72,2,19,474,1999,8.03
72,2,19,474,2000,7.68
72,2,19,474,2001,7.51
72,2,19,474,2002,7.37
72,2,19,474,2003,7.33
72,2,19,474,2004,6.94
72,2,19,474,2005,6.53
72,2,19,474,2006,6.37
72,2,19,474,2007,6.22
72,2,19,474,2008,6.51
72,2,19,474,2009,6.38
72,2,19,474,2010,6.04
72,2,19,474,2011,6.17
72,2,19,474,2012,6.4
72,2,19,474,2013,6.41
72,2,19,474,2014,6.56
72,2,19,474,2015,6.79
72,2,19,474,2016,6.76
72,2,19,474,2017,7.02
72,2,20,474,1990,9.77
72,2,20,474,1991,9.79
72,2,20,474,1992,9.91
72,2,20,474,1993,10.26
72,2,20,474,1994,10.29
72,2,20,474,1995,11.45
72,2,20,474,1996,12.16
72,2,20,474,1997,11.66
72,2,20,474,1998,11.66
72,2,20,474,1999,12.02
72,2,20,474,2000,11.91
72,2,20,474,2001,11.85
72,2,20,474,2002,11.98
72,2,20,474,2003,11.46
72,2,20,474,2004,11.29
72,2,20,474,2005,10.67
72,2,20,474,2006,10.51
72,2,20,474,2007,10.27
72,2,20,474,2008,10.22
72,2,20,474,2009,9.52
72,2,20,474,2010,9.06
72,2,20,474,2011,8.97
72,2,20,474,2012,9.41
72,2,20,474,2013,9.45
72,2,20,474,2014,9.86
72,2,20,474,2015,10.06
72,2,20,474,2016,10.28
72,2,20,474,2017,10.64
72,2,22,474,1990,51.08
72,2,22,474,1991,52.26
72,2,22,474,1992,52.65
72,2,22,474,1993,55.39
72,2,22,474,1994,57.31
72,2,22,474,1995,64.31
72,2,22,474,1996,66.72
72,2,22,474,1997,65.43
72,2,22,474,1998,65.11
72,2,22,474,1999,66.55
72,2,22,474,2000,65.58
72,2,22,474,2001,66.78
72,2,22,474,2002,67.33
72,2,22,474,2003,66.34
72,2,22,474,2004,65.91
72,2,22,474,2005,64.08
72,2,22,474,2006,63.49
72,2,22,474,2007,63.57
72,2,22,474,2008,65.56
72,2,22,474,2009,64.89
72,2,22,474,2010,64.13
72,2,22,474,2011,65.97
72,2,22,474,2012,66.78
72,2,22,474,2013,65.65
72,2,22,474,2014,68.37
72,2,22,474,2015,69.49
72,2,22,474,2016,69.46
72,2,22,474,2017,70.31
72,2,30,474,1990,11.26
72,2,30,474,1991,11.68
72,2,30,474,1992,11.91
72,2,30,474,1993,12.57
72,2,30,474,1994,12.89
72,2,30,474,1995,15.25
72,2,30,474,1996,16.26
72,2,30,474,1997,16.44
72,2,30,474,1998,16.11
72,2,30,474,1999,15.95
72,2,30,474,2000,15.64
72,2,30,474,2001,16.25
72,2,30,474,2002,16.36
72,2,30,474,2003,15.93
72,2,30,474,2004,16.11
72,2,30,474,2005,15.79
72,2,30,474,2006,15.15
72,2,30,474,2007,14.97
72,2,30,474,2008,15.19
72,2,30,474,2009,15.03
72,2,30,474,2010,14.68
72,2,30,474,2011,14.64
72,2,30,474,2012,14.33
72,2,30,474,2013,13.87
72,2,30,474,2014,14.29
72,2,30,474,2015,14.17
72,2,30,474,2016,13.7
72,2,30,474,2017,13.69
72,2,31,474,1990,7.47
72,2,31,474,1991,8
72,2,31,474,1992,8.57
72,2,31,474,1993,9.22
72,2,31,474,1994,9.99
72,2,31,474,1995,11.04
72,2,31,474,1996,11.26
72,2,31,474,1997,11.34
72,2,31,474,1998,11.76
72,2,31,474,1999,12.4
72,2,31,474,2000,12.57
72,2,31,474,2001,13.21
72,2,31,474,2002,13.47
72,2,31,474,2003,12.99
72,2,31,474,2004,12.85
72,2,31,474,2005,12.39
72,2,31,474,2006,12.38
72,2,31,474,2007,12.65
72,2,31,474,2008,13.21
72,2,31,474,2009,13.37
72,2,31,474,2010,13.66
72,2,31,474,2011,14.27
72,2,31,474,2012,14.4
72,2,31,474,2013,13.85
72,2,31,474,2014,14.41
72,2,31,474,2015,14.57
72,2,31,474,2016,14.65
72,2,31,474,2017,14.65
72,2,32,474,1990,3.14
72,2,32,474,1991,3.36
72,2,32,474,1992,3.48
72,2,32,474,1993,3.71
72,2,32,474,1994,4.07
72,2,32,474,1995,4.47
72,2,32,474,1996,4.57
72,2,32,474,1997,4.65
72,2,32,474,1998,4.72
72,2,32,474,1999,5.18
72,2,32,474,2000,5.27
72,2,32,474,2001,5.63
72,2,32,474,2002,5.96
72,2,32,474,2003,6.22
72,2,32,474,2004,6.25
72,2,32,474,2005,6.5
72,2,32,474,2006,6.63
72,2,32,474,2007,6.78
72,2,32,474,2008,7.03
72,2,32,474,2009,7.09
72,2,32,474,2010,7.13
72,2,32,474,2011,7.78
72,2,32,474,2012,7.9
72,2,32,474,2013,7.83
72,2,32,474,2014,8.43
72,2,32,474,2015,8.83
72,2,32,474,2016,8.7
72,2,32,474,2017,8.74
72,2,235,474,1990,0.83
72,2,235,474,1991,0.86
72,2,235,474,1992,0.9
72,2,235,474,1993,0.93
72,2,235,474,1994,0.98
72,2,235,474,1995,1.04
72,2,235,474,1996,1.14
72,2,235,474,1997,1.14
72,2,235,474,1998,1.19
72,2,235,474,1999,1.25
72,2,235,474,2000,1.32
72,2,235,474,2001,1.43
72,2,235,474,2002,1.52
72,2,235,474,2003,1.59
72,2,235,474,2004,1.66
72,2,235,474,2005,1.73
72,2,235,474,2006,1.79
72,2,235,474,2007,1.86
72,2,235,474,2008,2
72,2,235,474,2009,2.11
72,2,235,474,2010,2.22
72,2,235,474,2011,2.36
72,2,235,474,2012,2.47
72,2,235,474,2013,2.47
72,2,235,474,2014,2.59
72,2,235,474,2015,2.73
72,2,235,474,2016,2.88
72,2,235,474,2017,3.01
74,2,8,474,1990,0
74,2,8,474,1991,0
74,2,8,474,1992,0
74,2,8,474,1993,0
74,2,8,474,1994,0
74,2,8,474,1995,0
74,2,8,474,1996,0
74,2,8,474,1997,0
74,2,8,474,1998,0
74,2,8,474,1999,0
74,2,8,474,2000,0
74,2,8,474,2001,0
74,2,8,474,2002,0
74,2,8,474,2003,0
74,2,8,474,2004,0
74,2,8,474,2005,0
74,2,8,474,2006,0
74,2,8,474,2007,0
74,2,8,474,2008,0
74,2,8,474,2009,0
74,2,8,474,2010,0
74,2,8,474,2011,0
74,2,8,474,2012,0
74,2,8,474,2013,0
74,2,8,474,2014,0
74,2,8,474,2015,0
74,2,8,474,2016,0
74,2,8,474,2017,0
74,2,9,474,1990,0
74,2,9,474,1991,0
74,2,9,474,1992,0
74,2,9,474,1993,0
74,2,9,474,1994,0
74,2,9,474,1995,0
74,2,9,474,1996,0
74,2,9,474,1997,0
74,2,9,474,1998,0
74,2,9,474,1999,0
74,2,9,474,2000,0
74,2,9,474,2001,0
74,2,9,474,2002,0
74,2,9,474,2003,0
74,2,9,474,2004,0
74,2,9,474,2005,0
74,2,9,474,2006,0
74,2,9,474,2007,0
74,2,9,474,2008,0
74,2,9,474,2009,0
74,2,9,474,2010,0
74,2,9,474,2011,0
74,2,9,474,2012,0
74,2,9,474,2013,0
74,2,9,474,2014,0
74,2,9,474,2015,0
74,2,9,474,2016,0
74,2,9,474,2017,0
74,2,10,474,1990,0
74,2,10,474,1991,0
74,2,10,474,1992,0
74,2,10,474,1993,0
74,2,10,474,1994,0
74,2,10,474,1995,0
74,2,10,474,1996,0
74,2,10,474,1997,0
74,2,10,474,1998,0
74,2,10,474,1999,0
74,2,10,474,2000,0
74,2,10,474,2001,0
74,2,10,474,2002,0
74,2,10,474,2003,0
74,2,10,474,2004,0
74,2,10,474,2005,0
74,2,10,474,2006,0
74,2,10,474,2007,0
74,2,10,474,2008,0
74,2,10,474,2009,0
74,2,10,474,2010,0
74,2,10,474,2011,0
74,2,10,474,2012,0
74,2,10,474,2013,0
74,2,10,474,2014,0
74,2,10,474,2015,0
74,2,10,474,2016,0
74,2,10,474,2017,0
74,2,11,474,1990,0
74,2,11,474,1991,0
74,2,11,474,1992,0
74,2,11,474,1993,0
74,2,11,474,1994,0
74,2,11,474,1995,0
74,2,11,474,1996,0
74,2,11,474,1997,0
74,2,11,474,1998,0
74,2,11,474,1999,0
74,2,11,474,2000,0
74,2,11,474,2001,0
74,2,11,474,2002,0
74,2,11,474,2003,0
74,2,11,474,2004,0
74,2,11,474,2005,0
74,2,11,474,2006,0
74,2,11,474,2007,0
74,2,11,474,2008,0
74,2,11,474,2009,0
74,2,11,474,2010,0
74,2,11,474,2011,0
74,2,11,474,2012,0
74,2,11,474,2013,0
74,2,11,474,2014,0
74,2,11,474,2015,0
74,2,11,474,2016,0
74,2,11,474,2017,0
74,2,12,474,1990,0
74,2,12,474,1991,0
74,2,12,474,1992,0
74,2,12,474,1993,0
74,2,12,474,1994,0
74,2,12,474,1995,0
74,2,12,474,1996,0
74,2,12,474,1997,0
74,2,12,474,1998,0
74,2,12,474,1999,0
74,2,12,474,2000,0
74,2,12,474,2001,0
74,2,12,474,2002,0
74,2,12,474,2003,0
74,2,12,474,2004,0
74,2,12,474,2005,0
74,2,12,474,2006,0.01
74,2,12,474,2007,0.01
74,2,12,474,2008,0.01
74,2,12,474,2009,0.01
74,2,12,474,2010,0.01
74,2,12,474,2011,0
74,2,12,474,2012,0
74,2,12,474,2013,0
74,2,12,474,2014,0
74,2,12,474,2015,0
74,2,12,474,2016,0
74,2,12,474,2017,0
74,2,13,474,1990,0.01
74,2,13,474,1991,0.01
74,2,13,474,1992,0.01
74,2,13,474,1993,0.01
74,2,13,474,1994,0.01
74,2,13,474,1995,0.01
74,2,13,474,1996,0.01
74,2,13,474,1997,0.01
74,2,13,474,1998,0.01
74,2,13,474,1999,0.01
74,2,13,474,2000,0.01
74,2,13,474,2001,0.01
74,2,13,474,2002,0.01
74,2,13,474,2003,0.01
74,2,13,474,2004,0.01
74,2,13,474,2005,0.01
74,2,13,474,2006,0.01
74,2,13,474,2007,0.01
74,2,13,474,2008,0.01
74,2,13,474,2009,0.01
74,2,13,474,2010,0.01
74,2,13,474,2011,0.01
74,2,13,474,2012,0.01
74,2,13,474,2013,0.01
74,2,13,474,2014,0.01
74,2,13,474,2015,0.01
74,2,13,474,2016,0.01
74,2,13,474,2017,0.01
74,2,14,474,1990,0.01
74,2,14,474,1991,0.01
74,2,14,474,1992,0.01
74,2,14,474,1993,0.01
74,2,14,474,1994,0.01
74,2,14,474,1995,0.01
74,2,14,474,1996,0.01
74,2,14,474,1997,0.01
74,2,14,474,1998,0.01
74,2,14,474,1999,0.01
74,2,14,474,2000,0.01
74,2,14,474,2001,0.01
74,2,14,474,2002,0.01
74,2,14,474,2003,0.01
74,2,14,474,2004,0.01
74,2,14,474,2005,0.01
74,2,14,474,2006,0.02
74,2,14,474,2007,0.02
74,2,14,474,2008,0.02
74,2,14,474,2009,0.02
74,2,14,474,2010,0.02
74,2,14,474,2011,0.02
74,2,14,474,2012,0.02
74,2,14,474,2013,0.02
74,2,14,474,2014,0.02
74,2,14,474,2015,0.02
74,2,14,474,2016,0.02
74,2,14,474,2017,0.02
74,2,15,474,1990,0.01
74,2,15,474,1991,0.01
74,2,15,474,1992,0.01
74,2,15,474,1993,0.02
74,2,15,474,1994,0.02
74,2,15,474,1995,0.02
74,2,15,474,1996,0.02
74,2,15,474,1997,0.02
74,2,15,474,1998,0.02
74,2,15,474,1999,0.02
74,2,15,474,2000,0.02
74,2,15,474,2001,0.02
74,2,15,474,2002,0.02
74,2,15,474,2003,0.02
74,2,15,474,2004,0.02
74,2,15,474,2005,0.02
74,2,15,474,2006,0.02
74,2,15,474,2007,0.02
74,2,15,474,2008,0.02
74,2,15,474,2009,0.03
74,2,15,474,2010,0.03
74,2,15,474,2011,0.03
74,2,15,474,2012,0.03
74,2,15,474,2013,0.03
74,2,15,474,2014,0.03
74,2,15,474,2015,0.03
74,2,15,474,2016,0.03
74,2,15,474,2017,0.03
74,2,16,474,1990,0.02
74,2,16,474,1991,0.03
74,2,16,474,1992,0.03
74,2,16,474,1993,0.03
74,2,16,474,1994,0.03
74,2,16,474,1995,0.03
74,2,16,474,1996,0.03
74,2,16,474,1997,0.03
74,2,16,474,1998,0.03
74,2,16,474,1999,0.03
74,2,16,474,2000,0.03
74,2,16,474,2001,0.03
74,2,16,474,2002,0.03
74,2,16,474,2003,0.03
74,2,16,474,2004,0.03
74,2,16,474,2005,0.03
74,2,16,474,2006,0.03
74,2,16,474,2007,0.03
74,2,16,474,2008,0.04
74,2,16,474,2009,0.04
74,2,16,474,2010,0.04
74,2,16,474,2011,0.04
74,2,16,474,2012,0.04
74,2,16,474,2013,0.04
74,2,16,474,2014,0.04
74,2,16,474,2015,0.05
74,2,16,474,2016,0.05
74,2,16,474,2017,0.05
74,2,17,474,1990,0.04
74,2,17,474,1991,0.04
74,2,17,474,1992,0.05
74,2,17,474,1993,0.05
74,2,17,474,1994,0.05
74,2,17,474,1995,0.05
74,2,17,474,1996,0.05
74,2,17,474,1997,0.04
74,2,17,474,1998,0.04
74,2,17,474,1999,0.04
74,2,17,474,2000,0.04
74,2,17,474,2001,0.04
74,2,17,474,2002,0.04
74,2,17,474,2003,0.04
74,2,17,474,2004,0.05
74,2,17,474,2005,0.04
74,2,17,474,2006,0.05
74,2,17,474,2007,0.05
74,2,17,474,2008,0.05
74,2,17,474,2009,0.05
74,2,17,474,2010,0.06
74,2,17,474,2011,0.05
74,2,17,474,2012,0.05
74,2,17,474,2013,0.06
74,2,17,474,2014,0.06
74,2,17,474,2015,0.06
74,2,17,474,2016,0.07
74,2,17,474,2017,0.07
74,2,18,474,1990,0.07
74,2,18,474,1991,0.07
74,2,18,474,1992,0.07
74,2,18,474,1993,0.08
74,2,18,474,1994,0.08
74,2,18,474,1995,0.08
74,2,18,474,1996,0.08
74,2,18,474,1997,0.07
74,2,18,474,1998,0.07
74,2,18,474,1999,0.07
74,2,18,474,2000,0.07
74,2,18,474,2001,0.07
74,2,18,474,2002,0.07
74,2,18,474,2003,0.06
74,2,18,474,2004,0.06
74,2,18,474,2005,0.06
74,2,18,474,2006,0.06
74,2,18,474,2007,0.06
74,2,18,474,2008,0.07
74,2,18,474,2009,0.08
74,2,18,474,2010,0.08
74,2,18,474,2011,0.08
74,2,18,474,2012,0.08
74,2,18,474,2013,0.08
74,2,18,474,2014,0.09
74,2,18,474,2015,0.1
74,2,18,474,2016,0.1
74,2,18,474,2017,0.1
74,2,19,474,1990,0.08
74,2,19,474,1991,0.09
74,2,19,474,1992,0.1
74,2,19,474,1993,0.11
74,2,19,474,1994,0.11
74,2,19,474,1995,0.11
74,2,19,474,1996,0.11
74,2,19,474,1997,0.11
74,2,19,474,1998,0.11
74,2,19,474,1999,0.11
74,2,19,474,2000,0.11
74,2,19,474,2001,0.11
74,2,19,474,2002,0.11
74,2,19,474,2003,0.11
74,2,19,474,2004,0.1
74,2,19,474,2005,0.09
74,2,19,474,2006,0.1
74,2,19,474,2007,0.1
74,2,19,474,2008,0.1
74,2,19,474,2009,0.1
74,2,19,474,2010,0.11
74,2,19,474,2011,0.1
74,2,19,474,2012,0.1
74,2,19,474,2013,0.11
74,2,19,474,2014,0.12
74,2,19,474,2015,0.13
74,2,19,474,2016,0.13
74,2,19,474,2017,0.14
74,2,20,474,1990,0.11
74,2,20,474,1991,0.11
74,2,20,474,1992,0.11
74,2,20,474,1993,0.12
74,2,20,474,1994,0.12
74,2,20,474,1995,0.13
74,2,20,474,1996,0.13
74,2,20,474,1997,0.15
74,2,20,474,1998,0.15
74,2,20,474,1999,0.16
74,2,20,474,2000,0.15
74,2,20,474,2001,0.16
74,2,20,474,2002,0.16
74,2,20,474,2003,0.16
74,2,20,474,2004,0.16
74,2,20,474,2005,0.17
74,2,20,474,2006,0.17
74,2,20,474,2007,0.17
74,2,20,474,2008,0.17
74,2,20,474,2009,0.17
74,2,20,474,2010,0.17
74,2,20,474,2011,0.16
74,2,20,474,2012,0.15
74,2,20,474,2013,0.16
74,2,20,474,2014,0.16
74,2,20,474,2015,0.17
74,2,20,474,2016,0.18
74,2,20,474,2017,0.19
74,2,22,474,1990,0.58
74,2,22,474,1991,0.62
74,2,22,474,1992,0.66
74,2,22,474,1993,0.72
74,2,22,474,1994,0.77
74,2,22,474,1995,0.79
74,2,22,474,1996,0.81
74,2,22,474,1997,0.84
74,2,22,474,1998,0.85
74,2,22,474,1999,0.87
74,2,22,474,2000,0.9
74,2,22,474,2001,0.93
74,2,22,474,2002,0.98
74,2,22,474,2003,0.99
74,2,22,474,2004,1.03
74,2,22,474,2005,1.05
74,2,22,474,2006,1.08
74,2,22,474,2007,1.14
74,2,22,474,2008,1.19
74,2,22,474,2009,1.26
74,2,22,474,2010,1.32
74,2,22,474,2011,1.3
74,2,22,474,2012,1.32
74,2,22,474,2013,1.36
74,2,22,474,2014,1.42
74,2,22,474,2015,1.48
74,2,22,474,2016,1.51
74,2,22,474,2017,1.56
74,2,30,474,1990,0.11
74,2,30,474,1991,0.12
74,2,30,474,1992,0.13
74,2,30,474,1993,0.13
74,2,30,474,1994,0.15
74,2,30,474,1995,0.16
74,2,30,474,1996,0.16
74,2,30,474,1997,0.16
74,2,30,474,1998,0.15
74,2,30,474,1999,0.15
74,2,30,474,2000,0.17
74,2,30,474,2001,0.18
74,2,30,474,2002,0.21
74,2,30,474,2003,0.21
74,2,30,474,2004,0.22
74,2,30,474,2005,0.21
74,2,30,474,2006,0.22
74,2,30,474,2007,0.23
74,2,30,474,2008,0.24
74,2,30,474,2009,0.25
74,2,30,474,2010,0.28
74,2,30,474,2011,0.26
74,2,30,474,2012,0.25
74,2,30,474,2013,0.25
74,2,30,474,2014,0.25
74,2,30,474,2015,0.24
74,2,30,474,2016,0.25
74,2,30,474,2017,0.25
74,2,31,474,1990,0.09
74,2,31,474,1991,0.09
74,2,31,474,1992,0.1
74,2,31,474,1993,0.12
74,2,31,474,1994,0.13
74,2,31,474,1995,0.13
74,2,31,474,1996,0.14
74,2,31,474,1997,0.15
74,2,31,474,1998,0.15
74,2,31,474,1999,0.16
74,2,31,474,2000,0.16
74,2,31,474,2001,0.17
74,2,31,474,2002,0.17
74,2,31,474,2003,0.17
74,2,31,474,2004,0.18
74,2,31,474,2005,0.2
74,2,31,474,2006,0.21
74,2,31,474,2007,0.24
74,2,31,474,2008,0.25
74,2,31,474,2009,0.27
74,2,31,474,2010,0.27
74,2,31,474,2011,0.28
74,2,31,474,2012,0.28
74,2,31,474,2013,0.29
74,2,31,474,2014,0.3
74,2,31,474,2015,0.33
74,2,31,474,2016,0.33
74,2,31,474,2017,0.33
74,2,32,474,1990,0.02
74,2,32,474,1991,0.03
74,2,32,474,1992,0.04
74,2,32,474,1993,0.04
74,2,32,474,1994,0.05
74,2,32,474,1995,0.06
74,2,32,474,1996,0.06
74,2,32,474,1997,0.07
74,2,32,474,1998,0.08
74,2,32,474,1999,0.09
74,2,32,474,2000,0.09
74,2,32,474,2001,0.1
74,2,32,474,2002,0.11
74,2,32,474,2003,0.12
74,2,32,474,2004,0.13
74,2,32,474,2005,0.14
74,2,32,474,2006,0.14
74,2,32,474,2007,0.14
74,2,32,474,2008,0.15
74,2,32,474,2009,0.16
74,2,32,474,2010,0.18
74,2,32,474,2011,0.19
74,2,32,474,2012,0.22
74,2,32,474,2013,0.22
74,2,32,474,2014,0.24
74,2,32,474,2015,0.23
74,2,32,474,2016,0.24
74,2,32,474,2017,0.25
74,2,235,474,1990,0
74,2,235,474,1991,0.01
74,2,235,474,1992,0.01
74,2,235,474,1993,0.01
74,2,235,474,1994,0.01
74,2,235,474,1995,0.01
74,2,235,474,1996,0.01
74,2,235,474,1997,0.02
74,2,235,474,1998,0.02
74,2,235,474,1999,0.02
74,2,235,474,2000,0.03
74,2,235,474,2001,0.03
74,2,235,474,2002,0.03
74,2,235,474,2003,0.04
74,2,235,474,2004,0.04
74,2,235,474,2005,0.05
74,2,235,474,2006,0.05
74,2,235,474,2007,0.06
74,2,235,474,2008,0.06
74,2,235,474,2009,0.07
74,2,235,474,2010,0.07
74,2,235,474,2011,0.07
74,2,235,474,2012,0.08
74,2,235,474,2013,0.08
74,2,235,474,2014,0.09
74,2,235,474,2015,0.1
74,2,235,474,2016,0.1
74,2,235,474,2017,0.11
75,2,8,474,1990,0.05
75,2,8,474,1991,0.05
75,2,8,474,1992,0.04
75,2,8,474,1993,0.04
75,2,8,474,1994,0.04
75,2,8,474,1995,0.04
75,2,8,474,1996,0.04
75,2,8,474,1997,0.04
75,2,8,474,1998,0.04
75,2,8,474,1999,0.04
75,2,8,474,2000,0.04
75,2,8,474,2001,0.04
75,2,8,474,2002,0.04
75,2,8,474,2003,0.04
75,2,8,474,2004,0.04
75,2,8,474,2005,0.04
75,2,8,474,2006,0.04
75,2,8,474,2007,0.04
75,2,8,474,2008,0.04
75,2,8,474,2009,0.04
75,2,8,474,2010,0.04
75,2,8,474,2011,0.03
75,2,8,474,2012,0.03
75,2,8,474,2013,0.03
75,2,8,474,2014,0.03
75,2,8,474,2015,0.03
75,2,8,474,2016,0.03
75,2,8,474,2017,0.03
75,2,9,474,1990,0.05
75,2,9,474,1991,0.05
75,2,9,474,1992,0.05
75,2,9,474,1993,0.05
75,2,9,474,1994,0.04
75,2,9,474,1995,0.03
75,2,9,474,1996,0.03
75,2,9,474,1997,0.03
75,2,9,474,1998,0.03
75,2,9,474,1999,0.03
75,2,9,474,2000,0.03
75,2,9,474,2001,0.03
75,2,9,474,2002,0.03
75,2,9,474,2003,0.03
75,2,9,474,2004,0.03
75,2,9,474,2005,0.03
75,2,9,474,2006,0.03
75,2,9,474,2007,0.03
75,2,9,474,2008,0.03
75,2,9,474,2009,0.03
75,2,9,474,2010,0.03
75,2,9,474,2011,0.03
75,2,9,474,2012,0.03
75,2,9,474,2013,0.03
75,2,9,474,2014,0.03
75,2,9,474,2015,0.02
75,2,9,474,2016,0.02
75,2,9,474,2017,0.03
75,2,10,474,1990,0.14
75,2,10,474,1991,0.13
75,2,10,474,1992,0.13
75,2,10,474,1993,0.14
75,2,10,474,1994,0.14
75,2,10,474,1995,0.13
75,2,10,474,1996,0.11
75,2,10,474,1997,0.1
75,2,10,474,1998,0.1
75,2,10,474,1999,0.1
75,2,10,474,2000,0.1
75,2,10,474,2001,0.09
75,2,10,474,2002,0.08
75,2,10,474,2003,0.08
75,2,10,474,2004,0.08
75,2,10,474,2005,0.08
75,2,10,474,2006,0.08
75,2,10,474,2007,0.07
75,2,10,474,2008,0.07
75,2,10,474,2009,0.08
75,2,10,474,2010,0.08
75,2,10,474,2011,0.08
75,2,10,474,2012,0.07
75,2,10,474,2013,0.06
75,2,10,474,2014,0.07
75,2,10,474,2015,0.07
75,2,10,474,2016,0.07
75,2,10,474,2017,0.07
75,2,11,474,1990,0.12
75,2,11,474,1991,0.12
75,2,11,474,1992,0.12
75,2,11,474,1993,0.14
75,2,11,474,1994,0.13
75,2,11,474,1995,0.12
75,2,11,474,1996,0.12
75,2,11,474,1997,0.11
75,2,11,474,1998,0.11
75,2,11,474,1999,0.11
75,2,11,474,2000,0.1
75,2,11,474,2001,0.1
75,2,11,474,2002,0.1
75,2,11,474,2003,0.09
75,2,11,474,2004,0.08
75,2,11,474,2005,0.08
75,2,11,474,2006,0.07
75,2,11,474,2007,0.06
75,2,11,474,2008,0.06
75,2,11,474,2009,0.06
75,2,11,474,2010,0.06
75,2,11,474,2011,0.06
75,2,11,474,2012,0.06
75,2,11,474,2013,0.06
75,2,11,474,2014,0.07
75,2,11,474,2015,0.06
75,2,11,474,2016,0.06
75,2,11,474,2017,0.06
75,2,12,474,1990,0.39
75,2,12,474,1991,0.39
75,2,12,474,1992,0.4
75,2,12,474,1993,0.39
75,2,12,474,1994,0.4
75,2,12,474,1995,0.42
75,2,12,474,1996,0.42
75,2,12,474,1997,0.39
75,2,12,474,1998,0.4
75,2,12,474,1999,0.43
75,2,12,474,2000,0.42
75,2,12,474,2001,0.4
75,2,12,474,2002,0.41
75,2,12,474,2003,0.4
75,2,12,474,2004,0.37
75,2,12,474,2005,0.37
75,2,12,474,2006,0.34
75,2,12,474,2007,0.3
75,2,12,474,2008,0.29
75,2,12,474,2009,0.29
75,2,12,474,2010,0.28
75,2,12,474,2011,0.27
75,2,12,474,2012,0.24
75,2,12,474,2013,0.23
75,2,12,474,2014,0.24
75,2,12,474,2015,0.23
75,2,12,474,2016,0.24
75,2,12,474,2017,0.24
75,2,13,474,1990,0.75
75,2,13,474,1991,0.77
75,2,13,474,1992,0.72
75,2,13,474,1993,0.73
75,2,13,474,1994,0.7
75,2,13,474,1995,0.68
75,2,13,474,1996,0.64
75,2,13,474,1997,0.64
75,2,13,474,1998,0.66
75,2,13,474,1999,0.71
75,2,13,474,2000,0.76
75,2,13,474,2001,0.74
75,2,13,474,2002,0.73
75,2,13,474,2003,0.72
75,2,13,474,2004,0.67
75,2,13,474,2005,0.68
75,2,13,474,2006,0.69
75,2,13,474,2007,0.67
75,2,13,474,2008,0.62
75,2,13,474,2009,0.62
75,2,13,474,2010,0.6
75,2,13,474,2011,0.6
75,2,13,474,2012,0.56
75,2,13,474,2013,0.53
75,2,13,474,2014,0.54
75,2,13,474,2015,0.52
75,2,13,474,2016,0.51
75,2,13,474,2017,0.5
75,2,14,474,1990,1.57
75,2,14,474,1991,1.42
75,2,14,474,1992,1.45
75,2,14,474,1993,1.52
75,2,14,474,1994,1.49
75,2,14,474,1995,1.47
75,2,14,474,1996,1.43
75,2,14,474,1997,1.34
75,2,14,474,1998,1.28
75,2,14,474,1999,1.34
75,2,14,474,2000,1.38
75,2,14,474,2001,1.4
75,2,14,474,2002,1.4
75,2,14,474,2003,1.43
75,2,14,474,2004,1.37
75,2,14,474,2005,1.4
75,2,14,474,2006,1.33
75,2,14,474,2007,1.36
75,2,14,474,2008,1.35
75,2,14,474,2009,1.43
75,2,14,474,2010,1.45
75,2,14,474,2011,1.49
75,2,14,474,2012,1.36
75,2,14,474,2013,1.27
75,2,14,474,2014,1.27
75,2,14,474,2015,1.21
75,2,14,474,2016,1.18
75,2,14,474,2017,1.16
75,2,15,474,1990,2.51
75,2,15,474,1991,2.49
75,2,15,474,1992,2.69
75,2,15,474,1993,2.88
75,2,15,474,1994,2.77
75,2,15,474,1995,2.8
75,2,15,474,1996,2.5
75,2,15,474,1997,2.35
75,2,15,474,1998,2.39
75,2,15,474,1999,2.41
75,2,15,474,2000,2.41
75,2,15,474,2001,2.67
75,2,15,474,2002,2.52
75,2,15,474,2003,2.57
75,2,15,474,2004,2.43
75,2,15,474,2005,2.39
75,2,15,474,2006,2.33
75,2,15,474,2007,2.45
75,2,15,474,2008,2.64
75,2,15,474,2009,2.77
75,2,15,474,2010,2.76
75,2,15,474,2011,2.88
75,2,15,474,2012,2.78
75,2,15,474,2013,2.71
75,2,15,474,2014,2.74
75,2,15,474,2015,2.67
75,2,15,474,2016,2.72
75,2,15,474,2017,2.72
75,2,16,474,1990,4.33
75,2,16,474,1991,4.04
75,2,16,474,1992,3.85
75,2,16,474,1993,3.89
75,2,16,474,1994,3.78
75,2,16,474,1995,4.13
75,2,16,474,1996,4.23
75,2,16,474,1997,4.26
75,2,16,474,1998,4.53
75,2,16,474,1999,4.51
75,2,16,474,2000,4.34
75,2,16,474,2001,4.03
75,2,16,474,2002,4.06
75,2,16,474,2003,4.39
75,2,16,474,2004,4.29
75,2,16,474,2005,4.51
75,2,16,474,2006,4.44
75,2,16,474,2007,4.38
75,2,16,474,2008,4.13
75,2,16,474,2009,4.1
75,2,16,474,2010,4.08
75,2,16,474,2011,4.41
75,2,16,474,2012,4.27
75,2,16,474,2013,4.24
75,2,16,474,2014,4.49
75,2,16,474,2015,4.59
75,2,16,474,2016,4.61
75,2,16,474,2017,4.69
75,2,17,474,1990,9.04
75,2,17,474,1991,8.59
75,2,17,474,1992,8.37
75,2,17,474,1993,8.4
75,2,17,474,1994,7.75
75,2,17,474,1995,7.35
75,2,17,474,1996,6.5
75,2,17,474,1997,5.89
75,2,17,474,1998,6.08
75,2,17,474,1999,6.37
75,2,17,474,2000,6.97
75,2,17,474,2001,7.43
75,2,17,474,2002,7.92
75,2,17,474,2003,8.47
75,2,17,474,2004,8.23
75,2,17,474,2005,7.4
75,2,17,474,2006,6.54
75,2,17,474,2007,6.65
75,2,17,474,2008,6.79
75,2,17,474,2009,7.05
75,2,17,474,2010,7.21
75,2,17,474,2011,7.68
75,2,17,474,2012,7.35
75,2,17,474,2013,6.77
75,2,17,474,2014,6.67
75,2,17,474,2015,6.43
75,2,17,474,2016,6.17
75,2,17,474,2017,6.4
75,2,18,474,1990,19.48
75,2,18,474,1991,18.6
75,2,18,474,1992,17.35
75,2,18,474,1993,16.47
75,2,18,474,1994,15.43
75,2,18,474,1995,14.44
75,2,18,474,1996,13.11
75,2,18,474,1997,11.98
75,2,18,474,1998,11.46
75,2,18,474,1999,11.15
75,2,18,474,2000,10.15
75,2,18,474,2001,9.77
75,2,18,474,2002,9
75,2,18,474,2003,9.07
75,2,18,474,2004,9.22
75,2,18,474,2005,10.55
75,2,18,474,2006,11.13
75,2,18,474,2007,11.96
75,2,18,474,2008,12.69
75,2,18,474,2009,12.98
75,2,18,474,2010,12.22
75,2,18,474,2011,12.14
75,2,18,474,2012,12.05
75,2,18,474,2013,11.72
75,2,18,474,2014,11.81
75,2,18,474,2015,11.88
75,2,18,474,2016,12.13
75,2,18,474,2017,12.01
75,2,19,474,1990,19.32
75,2,19,474,1991,21.84
75,2,19,474,1992,24.44
75,2,19,474,1993,26.45
75,2,19,474,1994,28.57
75,2,19,474,1995,28.12
75,2,19,474,1996,26.81
75,2,19,474,1997,24.71
75,2,19,474,1998,23.33
75,2,19,474,1999,22.43
75,2,19,474,2000,20.86
75,2,19,474,2001,19.84
75,2,19,474,2002,18.41
75,2,19,474,2003,17.86
75,2,19,474,2004,15.9
75,2,19,474,2005,15.8
75,2,19,474,2006,14.53
75,2,19,474,2007,13.84
75,2,19,474,2008,13.84
75,2,19,474,2009,14.65
75,2,19,474,2010,15.84
75,2,19,474,2011,17.91
75,2,19,474,2012,18.73
75,2,19,474,2013,19.12
75,2,19,474,2014,19.48
75,2,19,474,2015,18.06
75,2,19,474,2016,16.93
75,2,19,474,2017,17.14
75,2,20,474,1990,39.66
75,2,20,474,1991,36.17
75,2,20,474,1992,33.01
75,2,20,474,1993,29.62
75,2,20,474,1994,26
75,2,20,474,1995,26.2
75,2,20,474,1996,28.6
75,2,20,474,1997,30.79
75,2,20,474,1998,33.23
75,2,20,474,1999,35.73
75,2,20,474,2000,36.15
75,2,20,474,2001,35.17
75,2,20,474,2002,33.38
75,2,20,474,2003,31.89
75,2,20,474,2004,29.27
75,2,20,474,2005,28.17
75,2,20,474,2006,25.75
75,2,20,474,2007,24.38
75,2,20,474,2008,24.02
75,2,20,474,2009,23.41
75,2,20,474,2010,21.84
75,2,20,474,2011,21.89
75,2,20,474,2012,20.93
75,2,20,474,2013,20.14
75,2,20,474,2014,21.12
75,2,20,474,2015,23.51
75,2,20,474,2016,25.71
75,2,20,474,2017,26.87
75,2,22,474,1990,196.11
75,2,22,474,1991,195.09
75,2,22,474,1992,194.55
75,2,22,474,1993,194.89
75,2,22,474,1994,189.94
75,2,22,474,1995,190.48
75,2,22,474,1996,187.33
75,2,22,474,1997,181.4
75,2,22,474,1998,179.42
75,2,22,474,1999,181.66
75,2,22,474,2000,181.55
75,2,22,474,2001,179.63
75,2,22,474,2002,179.89
75,2,22,474,2003,181.07
75,2,22,474,2004,176.36
75,2,22,474,2005,178.69
75,2,22,474,2006,173.2
75,2,22,474,2007,172.46
75,2,22,474,2008,173.83
75,2,22,474,2009,175.61
75,2,22,474,2010,173.36
75,2,22,474,2011,180.23
75,2,22,474,2012,177.52
75,2,22,474,2013,172.85
75,2,22,474,2014,176.6
75,2,22,474,2015,177.95
75,2,22,474,2016,180.85
75,2,22,474,2017,182.78
75,2,30,474,1990,50.21
75,2,30,474,1991,50.82
75,2,30,474,1992,50.43
75,2,30,474,1993,51.14
75,2,30,474,1994,49.11
75,2,30,474,1995,47.7
75,2,30,474,1996,43.93
75,2,30,474,1997,39.14
75,2,30,474,1998,33.38
75,2,30,474,1999,30.8
75,2,30,474,2000,31.76
75,2,30,474,2001,35.02
75,2,30,474,2002,41.75
75,2,30,474,2003,47.35
75,2,30,474,2004,49.87
75,2,30,474,2005,50.25
75,2,30,474,2006,47.6
75,2,30,474,2007,44.86
75,2,30,474,2008,42.71
75,2,30,474,2009,40.85
75,2,30,474,2010,37.24
75,2,30,474,2011,37.02
75,2,30,474,2012,35.3
75,2,30,474,2013,33.13
75,2,30,474,2014,32.58
75,2,30,474,2015,31.87
75,2,30,474,2016,31.9
75,2,30,474,2017,31.62
75,2,31,474,1990,33.93
75,2,31,474,1991,34.33
75,2,31,474,1992,35.24
75,2,31,474,1993,36
75,2,31,474,1994,36.12
75,2,31,474,1995,38.19
75,2,31,474,1996,39.53
75,2,31,474,1997,39.51
75,2,31,474,1998,40.95
75,2,31,474,1999,42.35
75,2,31,474,2000,41.57
75,2,31,474,2001,37.35
75,2,31,474,2002,33.87
75,2,31,474,2003,29.62
75,2,31,474,2004,27.57
75,2,31,474,2005,29.81
75,2,31,474,2006,33.39
75,2,31,474,2007,37.71
75,2,31,474,2008,42.01
75,2,31,474,2009,45.28
75,2,31,474,2010,44.96
75,2,31,474,2011,46
75,2,31,474,2012,43.96
75,2,31,474,2013,41.25
75,2,31,474,2014,40.52
75,2,31,474,2015,39.06
75,2,31,474,2016,38.68
75,2,31,474,2017,38.55
75,2,32,474,1990,12.42
75,2,32,474,1991,13
75,2,32,474,1992,13.82
75,2,32,474,1993,14.44
75,2,32,474,1994,14.7
75,2,32,474,1995,15.6
75,2,32,474,1996,16.12
75,2,32,474,1997,16.67
75,2,32,474,1998,17.81
75,2,32,474,1999,19.37
75,2,32,474,2000,20.52
75,2,32,474,2001,21.13
75,2,32,474,2002,21.46
75,2,32,474,2003,21.9
75,2,32,474,2004,21.61
75,2,32,474,2005,21.26
75,2,32,474,2006,18.65
75,2,32,474,2007,16.97
75,2,32,474,2008,15.38
75,2,32,474,2009,14.81
75,2,32,474,2010,17.36
75,2,32,474,2011,20.81
75,2,32,474,2012,23.32
75,2,32,474,2013,25.62
75,2,32,474,2014,28.51
75,2,32,474,2015,29.74
75,2,32,474,2016,30.63
75,2,32,474,2017,30.41
75,2,235,474,1990,2.16
75,2,235,474,1991,2.28
75,2,235,474,1992,2.43
75,2,235,474,1993,2.6
75,2,235,474,1994,2.77
75,2,235,474,1995,3.05
75,2,235,474,1996,3.22
75,2,235,474,1997,3.43
75,2,235,474,1998,3.65
75,2,235,474,1999,3.78
75,2,235,474,2000,4
75,2,235,474,2001,4.42
75,2,235,474,2002,4.72
75,2,235,474,2003,5.14
75,2,235,474,2004,5.34
75,2,235,474,2005,5.86
75,2,235,474,2006,6.29
75,2,235,474,2007,6.74
75,2,235,474,2008,7.16
75,2,235,474,2009,7.17
75,2,235,474,2010,7.32
75,2,235,474,2011,6.92
75,2,235,474,2012,6.48
75,2,235,474,2013,5.93
75,2,235,474,2014,6.44
75,2,235,474,2015,7.99
75,2,235,474,2016,9.27
75,2,235,474,2017,10.3
76,2,8,474,1990,0.03
76,2,8,474,1991,0.03
76,2,8,474,1992,0.03
76,2,8,474,1993,0.03
76,2,8,474,1994,0.03
76,2,8,474,1995,0.03
76,2,8,474,1996,0.03
76,2,8,474,1997,0.03
76,2,8,474,1998,0.03
76,2,8,474,1999,0.03
76,2,8,474,2000,0.03
76,2,8,474,2001,0.03
76,2,8,474,2002,0.03
76,2,8,474,2003,0.03
76,2,8,474,2004,0.03
76,2,8,474,2005,0.03
76,2,8,474,2006,0.03
76,2,8,474,2007,0.03
76,2,8,474,2008,0.03
76,2,8,474,2009,0.03
76,2,8,474,2010,0.03
76,2,8,474,2011,0.03
76,2,8,474,2012,0.03
76,2,8,474,2013,0.03
76,2,8,474,2014,0.03
76,2,8,474,2015,0.03
76,2,8,474,2016,0.03
76,2,8,474,2017,0.03
76,2,9,474,1990,0.1
76,2,9,474,1991,0.1
76,2,9,474,1992,0.1
76,2,9,474,1993,0.09
76,2,9,474,1994,0.09
76,2,9,474,1995,0.08
76,2,9,474,1996,0.07
76,2,9,474,1997,0.07
76,2,9,474,1998,0.06
76,2,9,474,1999,0.06
76,2,9,474,2000,0.06
76,2,9,474,2001,0.06
76,2,9,474,2002,0.05
76,2,9,474,2003,0.05
76,2,9,474,2004,0.05
76,2,9,474,2005,0.05
76,2,9,474,2006,0.05
76,2,9,474,2007,0.05
76,2,9,474,2008,0.05
76,2,9,474,2009,0.05
76,2,9,474,2010,0.05
76,2,9,474,2011,0.05
76,2,9,474,2012,0.05
76,2,9,474,2013,0.05
76,2,9,474,2014,0.05
76,2,9,474,2015,0.05
76,2,9,474,2016,0.05
76,2,9,474,2017,0.05
76,2,10,474,1990,0.1
76,2,10,474,1991,0.1
76,2,10,474,1992,0.1
76,2,10,474,1993,0.1
76,2,10,474,1994,0.1
76,2,10,474,1995,0.09
76,2,10,474,1996,0.09
76,2,10,474,1997,0.08
76,2,10,474,1998,0.08
76,2,10,474,1999,0.08
76,2,10,474,2000,0.08
76,2,10,474,2001,0.08
76,2,10,474,2002,0.08
76,2,10,474,2003,0.08
76,2,10,474,2004,0.07
76,2,10,474,2005,0.07
76,2,10,474,2006,0.07
76,2,10,474,2007,0.07
76,2,10,474,2008,0.08
76,2,10,474,2009,0.08
76,2,10,474,2010,0.08
76,2,10,474,2011,0.07
76,2,10,474,2012,0.06
76,2,10,474,2013,0.07
76,2,10,474,2014,0.06
76,2,10,474,2015,0.06
76,2,10,474,2016,0.07
76,2,10,474,2017,0.07
76,2,11,474,1990,0.27
76,2,11,474,1991,0.27
76,2,11,474,1992,0.28
76,2,11,474,1993,0.25
76,2,11,474,1994,0.25
76,2,11,474,1995,0.26
76,2,11,474,1996,0.24
76,2,11,474,1997,0.23
76,2,11,474,1998,0.22
76,2,11,474,1999,0.2
76,2,11,474,2000,0.21
76,2,11,474,2001,0.2
76,2,11,474,2002,0.19
76,2,11,474,2003,0.18
76,2,11,474,2004,0.17
76,2,11,474,2005,0.18
76,2,11,474,2006,0.17
76,2,11,474,2007,0.17
76,2,11,474,2008,0.15
76,2,11,474,2009,0.16
76,2,11,474,2010,0.17
76,2,11,474,2011,0.17
76,2,11,474,2012,0.16
76,2,11,474,2013,0.15
76,2,11,474,2014,0.15
76,2,11,474,2015,0.16
76,2,11,474,2016,0.16
76,2,11,474,2017,0.16
76,2,12,474,1990,0.54
76,2,12,474,1991,0.51
76,2,12,474,1992,0.55
76,2,12,474,1993,0.54
76,2,12,474,1994,0.54
76,2,12,474,1995,0.54
76,2,12,474,1996,0.52
76,2,12,474,1997,0.51
76,2,12,474,1998,0.5
76,2,12,474,1999,0.47
76,2,12,474,2000,0.47
76,2,12,474,2001,0.46
76,2,12,474,2002,0.43
76,2,12,474,2003,0.4
76,2,12,474,2004,0.39
76,2,12,474,2005,0.38
76,2,12,474,2006,0.36
76,2,12,474,2007,0.38
76,2,12,474,2008,0.36
76,2,12,474,2009,0.35
76,2,12,474,2010,0.35
76,2,12,474,2011,0.33
76,2,12,474,2012,0.33
76,2,12,474,2013,0.36
76,2,12,474,2014,0.34
76,2,12,474,2015,0.32
76,2,12,474,2016,0.31
76,2,12,474,2017,0.31
76,2,13,474,1990,1.14
76,2,13,474,1991,1.13
76,2,13,474,1992,1.16
76,2,13,474,1993,1.16
76,2,13,474,1994,1.18
76,2,13,474,1995,1.19
76,2,13,474,1996,1.13
76,2,13,474,1997,1.14
76,2,13,474,1998,1.16
76,2,13,474,1999,1.12
76,2,13,474,2000,1.09
76,2,13,474,2001,1.05
76,2,13,474,2002,0.99
76,2,13,474,2003,0.95
76,2,13,474,2004,0.94
76,2,13,474,2005,0.97
76,2,13,474,2006,0.95
76,2,13,474,2007,0.99
76,2,13,474,2008,0.97
76,2,13,474,2009,0.96
76,2,13,474,2010,0.9
76,2,13,474,2011,0.87
76,2,13,474,2012,0.85
76,2,13,474,2013,0.89
76,2,13,474,2014,0.88
76,2,13,474,2015,0.85
76,2,13,474,2016,0.75
76,2,13,474,2017,0.72
76,2,14,474,1990,1.7
76,2,14,474,1991,1.71
76,2,14,474,1992,1.92
76,2,14,474,1993,1.95
76,2,14,474,1994,1.98
76,2,14,474,1995,2.14
76,2,14,474,1996,2.13
76,2,14,474,1997,2.13
76,2,14,474,1998,2.13
76,2,14,474,1999,2.04
76,2,14,474,2000,2.02
76,2,14,474,2001,1.96
76,2,14,474,2002,1.99
76,2,14,474,2003,1.98
76,2,14,474,2004,1.93
76,2,14,474,2005,2
76,2,14,474,2006,1.98
76,2,14,474,2007,2.1
76,2,14,474,2008,2.1
76,2,14,474,2009,2.12
76,2,14,474,2010,2.13
76,2,14,474,2011,2.15
76,2,14,474,2012,2.05
76,2,14,474,2013,2.05
76,2,14,474,2014,1.95
76,2,14,474,2015,2
76,2,14,474,2016,1.89
76,2,14,474,2017,1.84
76,2,15,474,1990,3.89
76,2,15,474,1991,3.65
76,2,15,474,1992,3.7
76,2,15,474,1993,3.53
76,2,15,474,1994,3.58
76,2,15,474,1995,3.5
76,2,15,474,1996,3.46
76,2,15,474,1997,3.96
76,2,15,474,1998,4.17
76,2,15,474,1999,4.03
76,2,15,474,2000,4.01
76,2,15,474,2001,4.13
76,2,15,474,2002,4.12
76,2,15,474,2003,3.92
76,2,15,474,2004,3.9
76,2,15,474,2005,3.99
76,2,15,474,2006,3.95
76,2,15,474,2007,4.09
76,2,15,474,2008,4.14
76,2,15,474,2009,4.2
76,2,15,474,2010,4.3
76,2,15,474,2011,4.27
76,2,15,474,2012,4.42
76,2,15,474,2013,4.42
76,2,15,474,2014,4.13
76,2,15,474,2015,4.17
76,2,15,474,2016,4
76,2,15,474,2017,3.93
76,2,16,474,1990,7.44
76,2,16,474,1991,7
76,2,16,474,1992,7.08
76,2,16,474,1993,6.73
76,2,16,474,1994,6.63
76,2,16,474,1995,6.54
76,2,16,474,1996,6.18
76,2,16,474,1997,5.81
76,2,16,474,1998,5.73
76,2,16,474,1999,5.29
76,2,16,474,2000,5.28
76,2,16,474,2001,5.49
76,2,16,474,2002,5.75
76,2,16,474,2003,5.68
76,2,16,474,2004,5.48
76,2,16,474,2005,5.72
76,2,16,474,2006,5.79
76,2,16,474,2007,5.97
76,2,16,474,2008,6.23
76,2,16,474,2009,6.48
76,2,16,474,2010,6.67
76,2,16,474,2011,7.22
76,2,16,474,2012,7.39
76,2,16,474,2013,7.4
76,2,16,474,2014,6.93
76,2,16,474,2015,7.25
76,2,16,474,2016,6.83
76,2,16,474,2017,6.68
76,2,17,474,1990,14.62
76,2,17,474,1991,14.59
76,2,17,474,1992,14.74
76,2,17,474,1993,13.7
76,2,17,474,1994,13.5
76,2,17,474,1995,13.52
76,2,17,474,1996,12.41
76,2,17,474,1997,11.4
76,2,17,474,1998,11.1
76,2,17,474,1999,10.56
76,2,17,474,2000,10.31
76,2,17,474,2001,9.62
76,2,17,474,2002,9.26
76,2,17,474,2003,8.78
76,2,17,474,2004,8.2
76,2,17,474,2005,8.69
76,2,17,474,2006,8.7
76,2,17,474,2007,9.51
76,2,17,474,2008,9.98
76,2,17,474,2009,10.73
76,2,17,474,2010,11.38
76,2,17,474,2011,12
76,2,17,474,2012,11.76
76,2,17,474,2013,12.17
76,2,17,474,2014,11.87
76,2,17,474,2015,12.81
76,2,17,474,2016,12.45
76,2,17,474,2017,12.28
76,2,18,474,1990,23.66
76,2,18,474,1991,23.24
76,2,18,474,1992,23.73
76,2,18,474,1993,22.48
76,2,18,474,1994,22.47
76,2,18,474,1995,22.36
76,2,18,474,1996,21.93
76,2,18,474,1997,20.75
76,2,18,474,1998,19.86
76,2,18,474,1999,17.51
76,2,18,474,2000,17.4
76,2,18,474,2001,16.98
76,2,18,474,2002,16.34
76,2,18,474,2003,15.35
76,2,18,474,2004,14.63
76,2,18,474,2005,15.1
76,2,18,474,2006,14.25
76,2,18,474,2007,14.07
76,2,18,474,2008,13.88
76,2,18,474,2009,14.26
76,2,18,474,2010,14.44
76,2,18,474,2011,14.62
76,2,18,474,2012,15.17
76,2,18,474,2013,15.93
76,2,18,474,2014,15.76
76,2,18,474,2015,16.24
76,2,18,474,2016,16.03
76,2,18,474,2017,15.79
76,2,19,474,1990,26.42
76,2,19,474,1991,28.39
76,2,19,474,1992,32.09
76,2,19,474,1993,34.14
76,2,19,474,1994,36.83
76,2,19,474,1995,37.8
76,2,19,474,1996,36.41
76,2,19,474,1997,33.48
76,2,19,474,1998,32.87
76,2,19,474,1999,31.02
76,2,19,474,2000,29.98
76,2,19,474,2001,30.32
76,2,19,474,2002,29.02
76,2,19,474,2003,27.85
76,2,19,474,2004,26.49
76,2,19,474,2005,26.94
76,2,19,474,2006,24.63
76,2,19,474,2007,24.74
76,2,19,474,2008,24.12
76,2,19,474,2009,24.52
76,2,19,474,2010,24.89
76,2,19,474,2011,24.6
76,2,19,474,2012,23.8
76,2,19,474,2013,22.61
76,2,19,474,2014,21
76,2,19,474,2015,21.64
76,2,19,474,2016,21.68
76,2,19,474,2017,23.04
76,2,20,474,1990,53.2
76,2,20,474,1991,49.78
76,2,20,474,1992,47.01
76,2,20,474,1993,41.6
76,2,20,474,1994,37.82
76,2,20,474,1995,38.38
76,2,20,474,1996,39.36
76,2,20,474,1997,41.64
76,2,20,474,1998,44.49
76,2,20,474,1999,44.34
76,2,20,474,2000,44.38
76,2,20,474,2001,43.51
76,2,20,474,2002,42.65
76,2,20,474,2003,41.39
76,2,20,474,2004,39.73
76,2,20,474,2005,40.96
76,2,20,474,2006,39.22
76,2,20,474,2007,41
76,2,20,474,2008,41.23
76,2,20,474,2009,40.79
76,2,20,474,2010,41.23
76,2,20,474,2011,39.72
76,2,20,474,2012,38.51
76,2,20,474,2013,38
76,2,20,474,2014,36.45
76,2,20,474,2015,37.39
76,2,20,474,2016,35.09
76,2,20,474,2017,33.19
76,2,22,474,1990,280.67
76,2,22,474,1991,282.19
76,2,22,474,1992,295.27
76,2,22,474,1993,292.35
76,2,22,474,1994,291.14
76,2,22,474,1995,291.46
76,2,22,474,1996,284.53
76,2,22,474,1997,275.75
76,2,22,474,1998,267.65
76,2,22,474,1999,253.61
76,2,22,474,2000,249.02
76,2,22,474,2001,246.2
76,2,22,474,2002,243.28
76,2,22,474,2003,233.02
76,2,22,474,2004,228.63
76,2,22,474,2005,237.56
76,2,22,474,2006,230.86
76,2,22,474,2007,240.53
76,2,22,474,2008,248.32
76,2,22,474,2009,258.72
76,2,22,474,2010,272.71
76,2,22,474,2011,281.02
76,2,22,474,2012,287.27
76,2,22,474,2013,296.1
76,2,22,474,2014,290.71
76,2,22,474,2015,300.18
76,2,22,474,2016,289.42
76,2,22,474,2017,285.8
76,2,30,474,1990,66.39
76,2,30,474,1991,67.94
76,2,30,474,1992,71.85
76,2,30,474,1993,71.48
76,2,30,474,1994,70.17
76,2,30,474,1995,69.07
76,2,30,474,1996,64.91
76,2,30,474,1997,58.51
76,2,30,474,1998,50.35
76,2,30,474,1999,43.74
76,2,30,474,2000,42.59
76,2,30,474,2001,46.31
76,2,30,474,2002,50.82
76,2,30,474,2003,54.14
76,2,30,474,2004,57.78
76,2,30,474,2005,60.46
76,2,30,474,2006,56.23
76,2,30,474,2007,57.11
76,2,30,474,2008,58.74
76,2,30,474,2009,60.32
76,2,30,474,2010,63.26
76,2,30,474,2011,64.05
76,2,30,474,2012,64.5
76,2,30,474,2013,66.29
76,2,30,474,2014,63.88
76,2,30,474,2015,64.88
76,2,30,474,2016,60.35
76,2,30,474,2017,57.92
76,2,31,474,1990,52.81
76,2,31,474,1991,53.96
76,2,31,474,1992,58.17
76,2,31,474,1993,60.63
76,2,31,474,1994,60.81
76,2,31,474,1995,60.4
76,2,31,474,1996,59.56
76,2,31,474,1997,59.35
76,2,31,474,1998,58.03
76,2,31,474,1999,56.69
76,2,31,474,2000,54.88
76,2,31,474,2001,50.54
76,2,31,474,2002,46.04
76,2,31,474,2003,39.27
76,2,31,474,2004,35.95
76,2,31,474,2005,38.32
76,2,31,474,2006,42.24
76,2,31,474,2007,48.23
76,2,31,474,2008,54.74
76,2,31,474,2009,61.3
76,2,31,474,2010,65.84
76,2,31,474,2011,67.64
76,2,31,474,2012,68.75
76,2,31,474,2013,70.68
76,2,31,474,2014,68.62
76,2,31,474,2015,70.71
76,2,31,474,2016,68.98
76,2,31,474,2017,68.89
76,2,32,474,1990,23.28
76,2,32,474,1991,24.31
76,2,32,474,1992,26.7
76,2,32,474,1993,27.78
76,2,32,474,1994,28.85
76,2,32,474,1995,28.91
76,2,32,474,1996,28.72
76,2,32,474,1997,28.56
76,2,32,474,1998,28.32
76,2,32,474,1999,27.85
76,2,32,474,2000,27.42
76,2,32,474,2001,26.83
76,2,32,474,2002,26.98
76,2,32,474,2003,24.99
76,2,32,474,2004,24.86
76,2,32,474,2005,25.25
76,2,32,474,2006,23.59
76,2,32,474,2007,22.69
76,2,32,474,2008,21.46
76,2,32,474,2009,21.52
76,2,32,474,2010,25.31
76,2,32,474,2011,31.53
76,2,32,474,2012,38.19
76,2,32,474,2013,44.29
76,2,32,474,2014,48.18
76,2,32,474,2015,50.43
76,2,32,474,2016,48.31
76,2,32,474,2017,47.27
76,2,235,474,1990,5.07
76,2,235,474,1991,5.47
76,2,235,474,1992,6.04
76,2,235,474,1993,6.15
76,2,235,474,1994,6.32
76,2,235,474,1995,6.65
76,2,235,474,1996,7.38
76,2,235,474,1997,8.1
76,2,235,474,1998,8.55
76,2,235,474,1999,8.58
76,2,235,474,2000,8.82
76,2,235,474,2001,8.65
76,2,235,474,2002,8.54
76,2,235,474,2003,7.99
76,2,235,474,2004,8.05
76,2,235,474,2005,8.45
76,2,235,474,2006,8.65
76,2,235,474,2007,9.32
76,2,235,474,2008,10.05
76,2,235,474,2009,10.85
76,2,235,474,2010,11.67
76,2,235,474,2011,11.7
76,2,235,474,2012,11.25
76,2,235,474,2013,10.73
76,2,235,474,2014,10.44
76,2,235,474,2015,11.21
76,2,235,474,2016,12.46
76,2,235,474,2017,13.64
77,2,8,474,1990,0
77,2,8,474,1991,0.01
77,2,8,474,1992,0
77,2,8,474,1993,0
77,2,8,474,1994,0
77,2,8,474,1995,0
77,2,8,474,1996,0
77,2,8,474,1997,0
77,2,8,474,1998,0
77,2,8,474,1999,0
77,2,8,474,2000,0
77,2,8,474,2001,0
77,2,8,474,2002,0
77,2,8,474,2003,0
77,2,8,474,2004,0
77,2,8,474,2005,0
77,2,8,474,2006,0
77,2,8,474,2007,0
77,2,8,474,2008,0
77,2,8,474,2009,0
77,2,8,474,2010,0
77,2,8,474,2011,0
77,2,8,474,2012,0
77,2,8,474,2013,0
77,2,8,474,2014,0
77,2,8,474,2015,0
77,2,8,474,2016,0
77,2,8,474,2017,0
77,2,9,474,1990,0.01
77,2,9,474,1991,0.01
77,2,9,474,1992,0
77,2,9,474,1993,0
77,2,9,474,1994,0
77,2,9,474,1995,0
77,2,9,474,1996,0
77,2,9,474,1997,0
77,2,9,474,1998,0
77,2,9,474,1999,0
77,2,9,474,2000,0
77,2,9,474,2001,0
77,2,9,474,2002,0
77,2,9,474,2003,0
77,2,9,474,2004,0
77,2,9,474,2005,0
77,2,9,474,2006,0
77,2,9,474,2007,0.01
77,2,9,474,2008,0.01
77,2,9,474,2009,0.01
77,2,9,474,2010,0.01
77,2,9,474,2011,0.01
77,2,9,474,2012,0.01
77,2,9,474,2013,0.01
77,2,9,474,2014,0.01
77,2,9,474,2015,0.01
77,2,9,474,2016,0.01
77,2,9,474,2017,0.01
77,2,10,474,1990,0.01
77,2,10,474,1991,0.01
77,2,10,474,1992,0.01
77,2,10,474,1993,0.01
77,2,10,474,1994,0.01
77,2,10,474,1995,0.01
77,2,10,474,1996,0.01
77,2,10,474,1997,0.01
77,2,10,474,1998,0.01
77,2,10,474,1999,0.01
77,2,10,474,2000,0.01
77,2,10,474,2001,0.01
77,2,10,474,2002,0.01
77,2,10,474,2003,0.01
77,2,10,474,2004,0
77,2,10,474,2005,0
77,2,10,474,2006,0.01
77,2,10,474,2007,0.01
77,2,10,474,2008,0.01
77,2,10,474,2009,0.01
77,2,10,474,2010,0.01
77,2,10,474,2011,0.01
77,2,10,474,2012,0.01
77,2,10,474,2013,0.01
77,2,10,474,2014,0.01
77,2,10,474,2015,0.01
77,2,10,474,2016,0.01
77,2,10,474,2017,0.01
77,2,11,474,1990,0.01
77,2,11,474,1991,0.01
77,2,11,474,1992,0.01
77,2,11,474,1993,0.01
77,2,11,474,1994,0.01
77,2,11,474,1995,0.01
77,2,11,474,1996,0.01
77,2,11,474,1997,0.01
77,2,11,474,1998,0.01
77,2,11,474,1999,0.01
77,2,11,474,2000,0.01
77,2,11,474,2001,0.01
77,2,11,474,2002,0.01
77,2,11,474,2003,0.01
77,2,11,474,2004,0.01
77,2,11,474,2005,0.01
77,2,11,474,2006,0.01
77,2,11,474,2007,0.01
77,2,11,474,2008,0.01
77,2,11,474,2009,0.01
77,2,11,474,2010,0.01
77,2,11,474,2011,0.01
77,2,11,474,2012,0.01
77,2,11,474,2013,0.01
77,2,11,474,2014,0.01
77,2,11,474,2015,0.01
77,2,11,474,2016,0.01
77,2,11,474,2017,0.01
77,2,12,474,1990,0.02
77,2,12,474,1991,0.02
77,2,12,474,1992,0.02
77,2,12,474,1993,0.02
77,2,12,474,1994,0.02
77,2,12,474,1995,0.03
77,2,12,474,1996,0.03
77,2,12,474,1997,0.03
77,2,12,474,1998,0.03
77,2,12,474,1999,0.03
77,2,12,474,2000,0.03
77,2,12,474,2001,0.03
77,2,12,474,2002,0.03
77,2,12,474,2003,0.03
77,2,12,474,2004,0.03
77,2,12,474,2005,0.03
77,2,12,474,2006,0.03
77,2,12,474,2007,0.03
77,2,12,474,2008,0.03
77,2,12,474,2009,0.03
77,2,12,474,2010,0.03
77,2,12,474,2011,0.03
77,2,12,474,2012,0.03
77,2,12,474,2013,0.03
77,2,12,474,2014,0.03
77,2,12,474,2015,0.03
77,2,12,474,2016,0.03
77,2,12,474,2017,0.03
77,2,13,474,1990,0.05
77,2,13,474,1991,0.05
77,2,13,474,1992,0.05
77,2,13,474,1993,0.05
77,2,13,474,1994,0.05
77,2,13,474,1995,0.05
77,2,13,474,1996,0.05
77,2,13,474,1997,0.06
77,2,13,474,1998,0.06
77,2,13,474,1999,0.06
77,2,13,474,2000,0.07
77,2,13,474,2001,0.07
77,2,13,474,2002,0.07
77,2,13,474,2003,0.08
77,2,13,474,2004,0.08
77,2,13,474,2005,0.08
77,2,13,474,2006,0.08
77,2,13,474,2007,0.08
77,2,13,474,2008,0.08
77,2,13,474,2009,0.08
77,2,13,474,2010,0.08
77,2,13,474,2011,0.08
77,2,13,474,2012,0.09
77,2,13,474,2013,0.09
77,2,13,474,2014,0.09
77,2,13,474,2015,0.09
77,2,13,474,2016,0.09
77,2,13,474,2017,0.09
77,2,14,474,1990,0.09
77,2,14,474,1991,0.1
77,2,14,474,1992,0.09
77,2,14,474,1993,0.1
77,2,14,474,1994,0.11
77,2,14,474,1995,0.11
77,2,14,474,1996,0.11
77,2,14,474,1997,0.12
77,2,14,474,1998,0.12
77,2,14,474,1999,0.12
77,2,14,474,2000,0.12
77,2,14,474,2001,0.12
77,2,14,474,2002,0.13
77,2,14,474,2003,0.13
77,2,14,474,2004,0.13
77,2,14,474,2005,0.14
77,2,14,474,2006,0.14
77,2,14,474,2007,0.14
77,2,14,474,2008,0.14
77,2,14,474,2009,0.14
77,2,14,474,2010,0.14
77,2,14,474,2011,0.14
77,2,14,474,2012,0.14
77,2,14,474,2013,0.14
77,2,14,474,2014,0.14
77,2,14,474,2015,0.14
77,2,14,474,2016,0.14
77,2,14,474,2017,0.14
77,2,15,474,1990,0.13
77,2,15,474,1991,0.13
77,2,15,474,1992,0.12
77,2,15,474,1993,0.13
77,2,15,474,1994,0.14
77,2,15,474,1995,0.15
77,2,15,474,1996,0.15
77,2,15,474,1997,0.16
77,2,15,474,1998,0.17
77,2,15,474,1999,0.17
77,2,15,474,2000,0.17
77,2,15,474,2001,0.17
77,2,15,474,2002,0.17
77,2,15,474,2003,0.17
77,2,15,474,2004,0.17
77,2,15,474,2005,0.17
77,2,15,474,2006,0.17
77,2,15,474,2007,0.17
77,2,15,474,2008,0.17
77,2,15,474,2009,0.16
77,2,15,474,2010,0.17
77,2,15,474,2011,0.16
77,2,15,474,2012,0.16
77,2,15,474,2013,0.16
77,2,15,474,2014,0.16
77,2,15,474,2015,0.16
77,2,15,474,2016,0.16
77,2,15,474,2017,0.16
77,2,16,474,1990,0.27
77,2,16,474,1991,0.28
77,2,16,474,1992,0.28
77,2,16,474,1993,0.28
77,2,16,474,1994,0.29
77,2,16,474,1995,0.3
77,2,16,474,1996,0.32
77,2,16,474,1997,0.32
77,2,16,474,1998,0.34
77,2,16,474,1999,0.35
77,2,16,474,2000,0.34
77,2,16,474,2001,0.34
77,2,16,474,2002,0.34
77,2,16,474,2003,0.34
77,2,16,474,2004,0.34
77,2,16,474,2005,0.34
77,2,16,474,2006,0.34
77,2,16,474,2007,0.33
77,2,16,474,2008,0.33
77,2,16,474,2009,0.31
77,2,16,474,2010,0.31
77,2,16,474,2011,0.31
77,2,16,474,2012,0.31
77,2,16,474,2013,0.32
77,2,16,474,2014,0.32
77,2,16,474,2015,0.32
77,2,16,474,2016,0.33
77,2,16,474,2017,0.33
77,2,17,474,1990,0.46
77,2,17,474,1991,0.45
77,2,17,474,1992,0.47
77,2,17,474,1993,0.47
77,2,17,474,1994,0.48
77,2,17,474,1995,0.48
77,2,17,474,1996,0.5
77,2,17,474,1997,0.53
77,2,17,474,1998,0.54
77,2,17,474,1999,0.54
77,2,17,474,2000,0.53
77,2,17,474,2001,0.52
77,2,17,474,2002,0.51
77,2,17,474,2003,0.51
77,2,17,474,2004,0.5
77,2,17,474,2005,0.5
77,2,17,474,2006,0.5
77,2,17,474,2007,0.5
77,2,17,474,2008,0.5
77,2,17,474,2009,0.48
77,2,17,474,2010,0.49
77,2,17,474,2011,0.48
77,2,17,474,2012,0.48
77,2,17,474,2013,0.48
77,2,17,474,2014,0.48
77,2,17,474,2015,0.47
77,2,17,474,2016,0.47
77,2,17,474,2017,0.49
77,2,18,474,1990,0.88
77,2,18,474,1991,0.86
77,2,18,474,1992,0.86
77,2,18,474,1993,0.85
77,2,18,474,1994,0.85
77,2,18,474,1995,0.87
77,2,18,474,1996,0.91
77,2,18,474,1997,0.97
77,2,18,474,1998,0.97
77,2,18,474,1999,0.97
77,2,18,474,2000,0.97
77,2,18,474,2001,0.96
77,2,18,474,2002,0.95
77,2,18,474,2003,0.93
77,2,18,474,2004,0.91
77,2,18,474,2005,0.91
77,2,18,474,2006,0.88
77,2,18,474,2007,0.89
77,2,18,474,2008,0.9
77,2,18,474,2009,0.9
77,2,18,474,2010,0.92
77,2,18,474,2011,0.93
77,2,18,474,2012,0.94
77,2,18,474,2013,0.98
77,2,18,474,2014,1
77,2,18,474,2015,1.01
77,2,18,474,2016,1.01
77,2,18,474,2017,1.03
77,2,19,474,1990,1.37
77,2,19,474,1991,1.33
77,2,19,474,1992,1.32
77,2,19,474,1993,1.28
77,2,19,474,1994,1.29
77,2,19,474,1995,1.32
77,2,19,474,1996,1.35
77,2,19,474,1997,1.39
77,2,19,474,1998,1.41
77,2,19,474,1999,1.41
77,2,19,474,2000,1.36
77,2,19,474,2001,1.35
77,2,19,474,2002,1.34
77,2,19,474,2003,1.33
77,2,19,474,2004,1.32
77,2,19,474,2005,1.32
77,2,19,474,2006,1.27
77,2,19,474,2007,1.26
77,2,19,474,2008,1.27
77,2,19,474,2009,1.25
77,2,19,474,2010,1.27
77,2,19,474,2011,1.28
77,2,19,474,2012,1.3
77,2,19,474,2013,1.35
77,2,19,474,2014,1.39
77,2,19,474,2015,1.41
77,2,19,474,2016,1.42
77,2,19,474,2017,1.47
77,2,20,474,1990,1.59
77,2,20,474,1991,1.6
77,2,20,474,1992,1.7
77,2,20,474,1993,1.74
77,2,20,474,1994,1.77
77,2,20,474,1995,1.79
77,2,20,474,1996,1.83
77,2,20,474,1997,1.9
77,2,20,474,1998,1.87
77,2,20,474,1999,1.82
77,2,20,474,2000,1.76
77,2,20,474,2001,1.69
77,2,20,474,2002,1.65
77,2,20,474,2003,1.63
77,2,20,474,2004,1.64
77,2,20,474,2005,1.64
77,2,20,474,2006,1.6
77,2,20,474,2007,1.62
77,2,20,474,2008,1.64
77,2,20,474,2009,1.65
77,2,20,474,2010,1.7
77,2,20,474,2011,1.74
77,2,20,474,2012,1.78
77,2,20,474,2013,1.85
77,2,20,474,2014,1.9
77,2,20,474,2015,1.91
77,2,20,474,2016,1.9
77,2,20,474,2017,1.94
77,2,22,474,1990,7.37
77,2,22,474,1991,7.42
77,2,22,474,1992,7.73
77,2,22,474,1993,7.86
77,2,22,474,1994,8.1
77,2,22,474,1995,8.36
77,2,22,474,1996,8.7
77,2,22,474,1997,9.19
77,2,22,474,1998,9.28
77,2,22,474,1999,9.23
77,2,22,474,2000,9.17
77,2,22,474,2001,9.12
77,2,22,474,2002,9.16
77,2,22,474,2003,9.17
77,2,22,474,2004,9.14
77,2,22,474,2005,9.17
77,2,22,474,2006,9.01
77,2,22,474,2007,9.05
77,2,22,474,2008,9.16
77,2,22,474,2009,9.06
77,2,22,474,2010,9.34
77,2,22,474,2011,9.43
77,2,22,474,2012,9.67
77,2,22,474,2013,10.07
77,2,22,474,2014,10.3
77,2,22,474,2015,10.42
77,2,22,474,2016,10.55
77,2,22,474,2017,10.95
77,2,30,474,1990,1.45
77,2,30,474,1991,1.5
77,2,30,474,1992,1.61
77,2,30,474,1993,1.67
77,2,30,474,1994,1.75
77,2,30,474,1995,1.82
77,2,30,474,1996,1.92
77,2,30,474,1997,2.05
77,2,30,474,1998,2.08
77,2,30,474,1999,2.05
77,2,30,474,2000,2.04
77,2,30,474,2001,2.01
77,2,30,474,2002,1.99
77,2,30,474,2003,1.94
77,2,30,474,2004,1.87
77,2,30,474,2005,1.82
77,2,30,474,2006,1.75
77,2,30,474,2007,1.73
77,2,30,474,2008,1.74
77,2,30,474,2009,1.71
77,2,30,474,2010,1.76
77,2,30,474,2011,1.78
77,2,30,474,2012,1.83
77,2,30,474,2013,1.92
77,2,30,474,2014,1.97
77,2,30,474,2015,1.99
77,2,30,474,2016,2.02
77,2,30,474,2017,2.09
77,2,31,474,1990,0.78
77,2,31,474,1991,0.81
77,2,31,474,1992,0.88
77,2,31,474,1993,0.92
77,2,31,474,1994,0.98
77,2,31,474,1995,1.04
77,2,31,474,1996,1.11
77,2,31,474,1997,1.19
77,2,31,474,1998,1.22
77,2,31,474,1999,1.24
77,2,31,474,2000,1.27
77,2,31,474,2001,1.32
77,2,31,474,2002,1.4
77,2,31,474,2003,1.47
77,2,31,474,2004,1.52
77,2,31,474,2005,1.57
77,2,31,474,2006,1.56
77,2,31,474,2007,1.56
77,2,31,474,2008,1.56
77,2,31,474,2009,1.53
77,2,31,474,2010,1.6
77,2,31,474,2011,1.6
77,2,31,474,2012,1.66
77,2,31,474,2013,1.75
77,2,31,474,2014,1.81
77,2,31,474,2015,1.86
77,2,31,474,2016,1.92
77,2,31,474,2017,2.04
77,2,32,474,1990,0.22
77,2,32,474,1991,0.24
77,2,32,474,1992,0.26
77,2,32,474,1993,0.27
77,2,32,474,1994,0.3
77,2,32,474,1995,0.32
77,2,32,474,1996,0.35
77,2,32,474,1997,0.37
77,2,32,474,1998,0.39
77,2,32,474,1999,0.4
77,2,32,474,2000,0.42
77,2,32,474,2001,0.45
77,2,32,474,2002,0.49
77,2,32,474,2003,0.52
77,2,32,474,2004,0.55
77,2,32,474,2005,0.58
77,2,32,474,2006,0.61
77,2,32,474,2007,0.65
77,2,32,474,2008,0.69
77,2,32,474,2009,0.71
77,2,32,474,2010,0.76
77,2,32,474,2011,0.77
77,2,32,474,2012,0.81
77,2,32,474,2013,0.85
77,2,32,474,2014,0.86
77,2,32,474,2015,0.87
77,2,32,474,2016,0.9
77,2,32,474,2017,0.96
77,2,235,474,1990,0.03
77,2,235,474,1991,0.03
77,2,235,474,1992,0.04
77,2,235,474,1993,0.04
77,2,235,474,1994,0.04
77,2,235,474,1995,0.04
77,2,235,474,1996,0.05
77,2,235,474,1997,0.05
77,2,235,474,1998,0.06
77,2,235,474,1999,0.06
77,2,235,474,2000,0.06
77,2,235,474,2001,0.06
77,2,235,474,2002,0.06
77,2,235,474,2003,0.07
77,2,235,474,2004,0.07
77,2,235,474,2005,0.07
77,2,235,474,2006,0.07
77,2,235,474,2007,0.08
77,2,235,474,2008,0.08
77,2,235,474,2009,0.08
77,2,235,474,2010,0.09
77,2,235,474,2011,0.09
77,2,235,474,2012,0.1
77,2,235,474,2013,0.11
77,2,235,474,2014,0.12
77,2,235,474,2015,0.12
77,2,235,474,2016,0.14
77,2,235,474,2017,0.15
78,2,8,474,1990,0.02
78,2,8,474,1991,0.02
78,2,8,474,1992,0.02
78,2,8,474,1993,0.02
78,2,8,474,1994,0.02
78,2,8,474,1995,0.02
78,2,8,474,1996,0.02
78,2,8,474,1997,0.02
78,2,8,474,1998,0.01
78,2,8,474,1999,0.01
78,2,8,474,2000,0.01
78,2,8,474,2001,0.01
78,2,8,474,2002,0.01
78,2,8,474,2003,0.01
78,2,8,474,2004,0.01
78,2,8,474,2005,0.02
78,2,8,474,2006,0.02
78,2,8,474,2007,0.02
78,2,8,474,2008,0.02
78,2,8,474,2009,0.02
78,2,8,474,2010,0.02
78,2,8,474,2011,0.02
78,2,8,474,2012,0.02
78,2,8,474,2013,0.02
78,2,8,474,2014,0.02
78,2,8,474,2015,0.02
78,2,8,474,2016,0.02
78,2,8,474,2017,0.02
78,2,9,474,1990,0.04
78,2,9,474,1991,0.04
78,2,9,474,1992,0.04
78,2,9,474,1993,0.04
78,2,9,474,1994,0.04
78,2,9,474,1995,0.04
78,2,9,474,1996,0.04
78,2,9,474,1997,0.03
78,2,9,474,1998,0.03
78,2,9,474,1999,0.03
78,2,9,474,2000,0.03
78,2,9,474,2001,0.03
78,2,9,474,2002,0.03
78,2,9,474,2003,0.03
78,2,9,474,2004,0.03
78,2,9,474,2005,0.02
78,2,9,474,2006,0.02
78,2,9,474,2007,0.02
78,2,9,474,2008,0.02
78,2,9,474,2009,0.02
78,2,9,474,2010,0.02
78,2,9,474,2011,0.02
78,2,9,474,2012,0.02
78,2,9,474,2013,0.02
78,2,9,474,2014,0.02
78,2,9,474,2015,0.02
78,2,9,474,2016,0.02
78,2,9,474,2017,0.02
78,2,10,474,1990,0.07
78,2,10,474,1991,0.07
78,2,10,474,1992,0.06
78,2,10,474,1993,0.06
78,2,10,474,1994,0.05
78,2,10,474,1995,0.05
78,2,10,474,1996,0.05
78,2,10,474,1997,0.04
78,2,10,474,1998,0.03
78,2,10,474,1999,0.04
78,2,10,474,2000,0.03
78,2,10,474,2001,0.03
78,2,10,474,2002,0.03
78,2,10,474,2003,0.02
78,2,10,474,2004,0.02
78,2,10,474,2005,0.02
78,2,10,474,2006,0.02
78,2,10,474,2007,0.02
78,2,10,474,2008,0.02
78,2,10,474,2009,0.02
78,2,10,474,2010,0.02
78,2,10,474,2011,0.02
78,2,10,474,2012,0.02
78,2,10,474,2013,0.02
78,2,10,474,2014,0.02
78,2,10,474,2015,0.02
78,2,10,474,2016,0.02
78,2,10,474,2017,0.02
78,2,11,474,1990,0.16
78,2,11,474,1991,0.16
78,2,11,474,1992,0.16
78,2,11,474,1993,0.15
78,2,11,474,1994,0.16
78,2,11,474,1995,0.17
78,2,11,474,1996,0.17
78,2,11,474,1997,0.17
78,2,11,474,1998,0.16
78,2,11,474,1999,0.17
78,2,11,474,2000,0.14
78,2,11,474,2001,0.13
78,2,11,474,2002,0.14
78,2,11,474,2003,0.13
78,2,11,474,2004,0.11
78,2,11,474,2005,0.1
78,2,11,474,2006,0.09
78,2,11,474,2007,0.09
78,2,11,474,2008,0.1
78,2,11,474,2009,0.09
78,2,11,474,2010,0.09
78,2,11,474,2011,0.08
78,2,11,474,2012,0.08
78,2,11,474,2013,0.07
78,2,11,474,2014,0.07
78,2,11,474,2015,0.07
78,2,11,474,2016,0.07
78,2,11,474,2017,0.07
78,2,12,474,1990,0.42
78,2,12,474,1991,0.41
78,2,12,474,1992,0.45
78,2,12,474,1993,0.46
78,2,12,474,1994,0.45
78,2,12,474,1995,0.48
78,2,12,474,1996,0.48
78,2,12,474,1997,0.47
78,2,12,474,1998,0.46
78,2,12,474,1999,0.49
78,2,12,474,2000,0.45
78,2,12,474,2001,0.47
78,2,12,474,2002,0.48
78,2,12,474,2003,0.45
78,2,12,474,2004,0.43
78,2,12,474,2005,0.4
78,2,12,474,2006,0.37
78,2,12,474,2007,0.37
78,2,12,474,2008,0.38
78,2,12,474,2009,0.34
78,2,12,474,2010,0.3
78,2,12,474,2011,0.27
78,2,12,474,2012,0.26
78,2,12,474,2013,0.25
78,2,12,474,2014,0.24
78,2,12,474,2015,0.23
78,2,12,474,2016,0.24
78,2,12,474,2017,0.24
78,2,13,474,1990,1.17
78,2,13,474,1991,1.08
78,2,13,474,1992,1.08
78,2,13,474,1993,1.11
78,2,13,474,1994,1.12
78,2,13,474,1995,1.14
78,2,13,474,1996,1.15
78,2,13,474,1997,1.17
78,2,13,474,1998,1.1
78,2,13,474,1999,1.08
78,2,13,474,2000,0.97
78,2,13,474,2001,1
78,2,13,474,2002,0.98
78,2,13,474,2003,0.96
78,2,13,474,2004,0.97
78,2,13,474,2005,0.98
78,2,13,474,2006,0.98
78,2,13,474,2007,0.97
78,2,13,474,2008,0.91
78,2,13,474,2009,0.83
78,2,13,474,2010,0.78
78,2,13,474,2011,0.73
78,2,13,474,2012,0.69
78,2,13,474,2013,0.66
78,2,13,474,2014,0.63
78,2,13,474,2015,0.63
78,2,13,474,2016,0.61
78,2,13,474,2017,0.59
78,2,14,474,1990,2.14
78,2,14,474,1991,2.16
78,2,14,474,1992,2.18
78,2,14,474,1993,2.29
78,2,14,474,1994,2.39
78,2,14,474,1995,2.28
78,2,14,474,1996,2.18
78,2,14,474,1997,2.03
78,2,14,474,1998,1.84
78,2,14,474,1999,1.93
78,2,14,474,2000,1.76
78,2,14,474,2001,1.73
78,2,14,474,2002,1.73
78,2,14,474,2003,1.79
78,2,14,474,2004,1.67
78,2,14,474,2005,1.59
78,2,14,474,2006,1.53
78,2,14,474,2007,1.63
78,2,14,474,2008,1.56
78,2,14,474,2009,1.55
78,2,14,474,2010,1.58
78,2,14,474,2011,1.49
78,2,14,474,2012,1.4
78,2,14,474,2013,1.25
78,2,14,474,2014,1.21
78,2,14,474,2015,1.22
78,2,14,474,2016,1.19
78,2,14,474,2017,1.16
78,2,15,474,1990,3.75
78,2,15,474,1991,3.58
78,2,15,474,1992,3.64
78,2,15,474,1993,3.87
78,2,15,474,1994,4.07
78,2,15,474,1995,4.2
78,2,15,474,1996,4.24
78,2,15,474,1997,4.34
78,2,15,474,1998,4.04
78,2,15,474,1999,4.22
78,2,15,474,2000,3.8
78,2,15,474,2001,3.69
78,2,15,474,2002,3.54
78,2,15,474,2003,3.46
78,2,15,474,2004,3.4
78,2,15,474,2005,3.38
78,2,15,474,2006,3.29
78,2,15,474,2007,3.32
78,2,15,474,2008,3.1
78,2,15,474,2009,2.92
78,2,15,474,2010,2.89
78,2,15,474,2011,2.76
78,2,15,474,2012,2.66
78,2,15,474,2013,2.49
78,2,15,474,2014,2.36
78,2,15,474,2015,2.52
78,2,15,474,2016,2.61
78,2,15,474,2017,2.73
78,2,16,474,1990,7.02
78,2,16,474,1991,6.75
78,2,16,474,1992,6.78
78,2,16,474,1993,6.86
78,2,16,474,1994,6.9
78,2,16,474,1995,6.94
78,2,16,474,1996,6.83
78,2,16,474,1997,6.94
78,2,16,474,1998,6.96
78,2,16,474,1999,7.77
78,2,16,474,2000,7.72
78,2,16,474,2001,8.06
78,2,16,474,2002,8.04
78,2,16,474,2003,7.97
78,2,16,474,2004,7.56
78,2,16,474,2005,7.3
78,2,16,474,2006,7.12
78,2,16,474,2007,6.83
78,2,16,474,2008,6.28
78,2,16,474,2009,6.04
78,2,16,474,2010,5.76
78,2,16,474,2011,5.42
78,2,16,474,2012,5.24
78,2,16,474,2013,5.31
78,2,16,474,2014,5.15
78,2,16,474,2015,5.2
78,2,16,474,2016,5.22
78,2,16,474,2017,5.25
78,2,17,474,1990,12.22
78,2,17,474,1991,12.2
78,2,17,474,1992,12.44
78,2,17,474,1993,12.6
78,2,17,474,1994,12.44
78,2,17,474,1995,12.59
78,2,17,474,1996,12.55
78,2,17,474,1997,12.26
78,2,17,474,1998,11.91
78,2,17,474,1999,12.56
78,2,17,474,2000,11.57
78,2,17,474,2001,11.21
78,2,17,474,2002,10.72
78,2,17,474,2003,10.69
78,2,17,474,2004,10.66
78,2,17,474,2005,11.01
78,2,17,474,2006,11.66
78,2,17,474,2007,12.17
78,2,17,474,2008,11.59
78,2,17,474,2009,11.35
78,2,17,474,2010,10.62
78,2,17,474,2011,10.03
78,2,17,474,2012,9.45
78,2,17,474,2013,9.16
78,2,17,474,2014,9.2
78,2,17,474,2015,9.23
78,2,17,474,2016,9.53
78,2,17,474,2017,9.7
78,2,18,474,1990,19.77
78,2,18,474,1991,19.14
78,2,18,474,1992,19.59
78,2,18,474,1993,20.18
78,2,18,474,1994,20.58
78,2,18,474,1995,20.22
78,2,18,474,1996,19.46
78,2,18,474,1997,18.99
78,2,18,474,1998,18.17
78,2,18,474,1999,19.55
78,2,18,474,2000,18.46
78,2,18,474,2001,18.59
78,2,18,474,2002,18.07
78,2,18,474,2003,17.4
78,2,18,474,2004,16.71
78,2,18,474,2005,16.36
78,2,18,474,2006,16.74
78,2,18,474,2007,16.96
78,2,18,474,2008,16.89
78,2,18,474,2009,17.39
78,2,18,474,2010,17.71
78,2,18,474,2011,17.44
78,2,18,474,2012,17.7
78,2,18,474,2013,16.77
78,2,18,474,2014,16.24
78,2,18,474,2015,15.32
78,2,18,474,2016,15.62
78,2,18,474,2017,15.3
78,2,19,474,1990,24.22
78,2,19,474,1991,25.13
78,2,19,474,1992,26.08
78,2,19,474,1993,26.7
78,2,19,474,1994,26.8
78,2,19,474,1995,27.19
78,2,19,474,1996,27.23
78,2,19,474,1997,27.09
78,2,19,474,1998,26.44
78,2,19,474,1999,27.6
78,2,19,474,2000,26.08
78,2,19,474,2001,25.86
78,2,19,474,2002,26.22
78,2,19,474,2003,26.43
78,2,19,474,2004,25.75
78,2,19,474,2005,24.55
78,2,19,474,2006,24.83
78,2,19,474,2007,25.36
78,2,19,474,2008,24.65
78,2,19,474,2009,24.51
78,2,19,474,2010,24.64
78,2,19,474,2011,24.11
78,2,19,474,2012,24.17
78,2,19,474,2013,23.57
78,2,19,474,2014,23.57
78,2,19,474,2015,24.46
78,2,19,474,2016,26.44
78,2,19,474,2017,28.15
78,2,20,474,1990,31.67
78,2,20,474,1991,31.29
78,2,20,474,1992,31.76
78,2,20,474,1993,32.79
78,2,20,474,1994,33.34
78,2,20,474,1995,33.15
78,2,20,474,1996,34.78
78,2,20,474,1997,35.54
78,2,20,474,1998,35.86
78,2,20,474,1999,37.97
78,2,20,474,2000,36.72
78,2,20,474,2001,36.84
78,2,20,474,2002,36.63
78,2,20,474,2003,35.98
78,2,20,474,2004,35.02
78,2,20,474,2005,34.43
78,2,20,474,2006,34.85
78,2,20,474,2007,34.5
78,2,20,474,2008,34.17
78,2,20,474,2009,33.9
78,2,20,474,2010,33.68
78,2,20,474,2011,32.79
78,2,20,474,2012,32.68
78,2,20,474,2013,31.51
78,2,20,474,2014,30.67
78,2,20,474,2015,30.63
78,2,20,474,2016,32.12
78,2,20,474,2017,33.33
78,2,22,474,1990,168.56
78,2,22,474,1991,168.97
78,2,22,474,1992,173.83
78,2,22,474,1993,180.76
78,2,22,474,1994,186.27
78,2,22,474,1995,189.1
78,2,22,474,1996,189.58
78,2,22,474,1997,191.15
78,2,22,474,1998,188.63
78,2,22,474,1999,198.87
78,2,22,474,2000,194.46
78,2,22,474,2001,198.38
78,2,22,474,2002,200.04
78,2,22,474,2003,199.67
78,2,22,474,2004,194.27
78,2,22,474,2005,190.51
78,2,22,474,2006,192.57
78,2,22,474,2007,193.88
78,2,22,474,2008,188.67
78,2,22,474,2009,187.83
78,2,22,474,2010,185.28
78,2,22,474,2011,183.03
78,2,22,474,2012,183.49
78,2,22,474,2013,180.15
78,2,22,474,2014,178.7
78,2,22,474,2015,179.93
78,2,22,474,2016,184.61
78,2,22,474,2017,188.3
78,2,30,474,1990,35.83
78,2,30,474,1991,36.13
78,2,30,474,1992,37.05
78,2,30,474,1993,38.52
78,2,30,474,1994,39.59
78,2,30,474,1995,39.88
78,2,30,474,1996,39.02
78,2,30,474,1997,38.52
78,2,30,474,1998,37.54
78,2,30,474,1999,39.32
78,2,30,474,2000,38.47
78,2,30,474,2001,39.95
78,2,30,474,2002,41.6
78,2,30,474,2003,42.02
78,2,30,474,2004,41.09
78,2,30,474,2005,40.31
78,2,30,474,2006,38.84
78,2,30,474,2007,38.76
78,2,30,474,2008,37.09
78,2,30,474,2009,36.73
78,2,30,474,2010,36.13
78,2,30,474,2011,35.81
78,2,30,474,2012,35.75
78,2,30,474,2013,34.12
78,2,30,474,2014,33.53
78,2,30,474,2015,34.48
78,2,30,474,2016,35.02
78,2,30,474,2017,35.97
78,2,31,474,1990,21.11
78,2,31,474,1991,21.43
78,2,31,474,1992,22.28
78,2,31,474,1993,23.78
78,2,31,474,1994,25.71
78,2,31,474,1995,27.11
78,2,31,474,1996,27.18
78,2,31,474,1997,28.12
78,2,31,474,1998,28.07
78,2,31,474,1999,28.96
78,2,31,474,2000,29.83
78,2,31,474,2001,31.06
78,2,31,474,2002,31.65
78,2,31,474,2003,30.97
78,2,31,474,2004,29.51
78,2,31,474,2005,28.9
78,2,31,474,2006,30.57
78,2,31,474,2007,31.19
78,2,31,474,2008,29.88
78,2,31,474,2009,29.93
78,2,31,474,2010,29.36
78,2,31,474,2011,28.8
78,2,31,474,2012,28.58
78,2,31,474,2013,29.05
78,2,31,474,2014,28.98
78,2,31,474,2015,28.94
78,2,31,474,2016,29.11
78,2,31,474,2017,29.07
78,2,32,474,1990,7.42
78,2,32,474,1991,7.73
78,2,32,474,1992,8.38
78,2,32,474,1993,9.3
78,2,32,474,1994,10.32
78,2,32,474,1995,11.14
78,2,32,474,1996,11.51
78,2,32,474,1997,12.5
78,2,32,474,1998,12.88
78,2,32,474,1999,13.84
78,2,32,474,2000,14.86
78,2,32,474,2001,15.99
78,2,32,474,2002,16.27
78,2,32,474,2003,17.26
78,2,32,474,2004,17.11
78,2,32,474,2005,16.77
78,2,32,474,2006,17.08
78,2,32,474,2007,17.06
78,2,32,474,2008,17.2
78,2,32,474,2009,17.12
78,2,32,474,2010,16.68
78,2,32,474,2011,18.05
78,2,32,474,2012,19.17
78,2,32,474,2013,20
78,2,32,474,2014,20.48
78,2,32,474,2015,20.5
78,2,32,474,2016,20.06
78,2,32,474,2017,19.73
78,2,235,474,1990,1.53
78,2,235,474,1991,1.66
78,2,235,474,1992,1.83
78,2,235,474,1993,2.02
78,2,235,474,1994,2.29
78,2,235,474,1995,2.5
78,2,235,474,1996,2.7
78,2,235,474,1997,2.94
78,2,235,474,1998,3.12
78,2,235,474,1999,3.35
78,2,235,474,2000,3.55
78,2,235,474,2001,3.72
78,2,235,474,2002,3.9
78,2,235,474,2003,4.08
78,2,235,474,2004,4.23
78,2,235,474,2005,4.37
78,2,235,474,2006,4.56
78,2,235,474,2007,4.62
78,2,235,474,2008,4.84
78,2,235,474,2009,5.05
78,2,235,474,2010,5
78,2,235,474,2011,5.18
78,2,235,474,2012,5.61
78,2,235,474,2013,5.89
78,2,235,474,2014,6.32
78,2,235,474,2015,6.43
78,2,235,474,2016,6.72
78,2,235,474,2017,6.95
79,2,8,474,1990,0.01
79,2,8,474,1991,0.01
79,2,8,474,1992,0.02
79,2,8,474,1993,0.02
79,2,8,474,1994,0.02
79,2,8,474,1995,0.02
79,2,8,474,1996,0.02
79,2,8,474,1997,0.02
79,2,8,474,1998,0.02
79,2,8,474,1999,0.02
79,2,8,474,2000,0.02
79,2,8,474,2001,0.02
79,2,8,474,2002,0.02
79,2,8,474,2003,0.02
79,2,8,474,2004,0.02
79,2,8,474,2005,0.02
79,2,8,474,2006,0.02
79,2,8,474,2007,0.02
79,2,8,474,2008,0.02
79,2,8,474,2009,0.02
79,2,8,474,2010,0.02
79,2,8,474,2011,0.02
79,2,8,474,2012,0.02
79,2,8,474,2013,0.01
79,2,8,474,2014,0.01
79,2,8,474,2015,0.01
79,2,8,474,2016,0.01
79,2,8,474,2017,0.01
79,2,9,474,1990,0.02
79,2,9,474,1991,0.02
79,2,9,474,1992,0.02
79,2,9,474,1993,0.02
79,2,9,474,1994,0.01
79,2,9,474,1995,0.01
79,2,9,474,1996,0.01
79,2,9,474,1997,0.01
79,2,9,474,1998,0.02
79,2,9,474,1999,0.02
79,2,9,474,2000,0.02
79,2,9,474,2001,0.02
79,2,9,474,2002,0.02
79,2,9,474,2003,0.02
79,2,9,474,2004,0.02
79,2,9,474,2005,0.02
79,2,9,474,2006,0.02
79,2,9,474,2007,0.02
79,2,9,474,2008,0.02
79,2,9,474,2009,0.01
79,2,9,474,2010,0.02
79,2,9,474,2011,0.02
79,2,9,474,2012,0.02
79,2,9,474,2013,0.02
79,2,9,474,2014,0.02
79,2,9,474,2015,0.02
79,2,9,474,2016,0.02
79,2,9,474,2017,0.02
79,2,10,474,1990,0.02
79,2,10,474,1991,0.02
79,2,10,474,1992,0.02
79,2,10,474,1993,0.02
79,2,10,474,1994,0.02
79,2,10,474,1995,0.02
79,2,10,474,1996,0.02
79,2,10,474,1997,0.02
79,2,10,474,1998,0.02
79,2,10,474,1999,0.02
79,2,10,474,2000,0.02
79,2,10,474,2001,0.02
79,2,10,474,2002,0.02
79,2,10,474,2003,0.02
79,2,10,474,2004,0.02
79,2,10,474,2005,0.02
79,2,10,474,2006,0.02
79,2,10,474,2007,0.02
79,2,10,474,2008,0.02
79,2,10,474,2009,0.02
79,2,10,474,2010,0.02
79,2,10,474,2011,0.02
79,2,10,474,2012,0.02
79,2,10,474,2013,0.02
79,2,10,474,2014,0.02
79,2,10,474,2015,0.02
79,2,10,474,2016,0.02
79,2,10,474,2017,0.02
79,2,11,474,1990,0.08
79,2,11,474,1991,0.07
79,2,11,474,1992,0.07
79,2,11,474,1993,0.07
79,2,11,474,1994,0.06
79,2,11,474,1995,0.06
79,2,11,474,1996,0.06
79,2,11,474,1997,0.07
79,2,11,474,1998,0.06
79,2,11,474,1999,0.06
79,2,11,474,2000,0.06
79,2,11,474,2001,0.05
79,2,11,474,2002,0.05
79,2,11,474,2003,0.04
79,2,11,474,2004,0.04
79,2,11,474,2005,0.04
79,2,11,474,2006,0.04
79,2,11,474,2007,0.04
79,2,11,474,2008,0.04
79,2,11,474,2009,0.04
79,2,11,474,2010,0.03
79,2,11,474,2011,0.03
79,2,11,474,2012,0.03
79,2,11,474,2013,0.03
79,2,11,474,2014,0.04
79,2,11,474,2015,0.03
79,2,11,474,2016,0.03
79,2,11,474,2017,0.03
79,2,12,474,1990,0.19
79,2,12,474,1991,0.19
79,2,12,474,1992,0.18
79,2,12,474,1993,0.17
79,2,12,474,1994,0.16
79,2,12,474,1995,0.16
79,2,12,474,1996,0.15
79,2,12,474,1997,0.14
79,2,12,474,1998,0.14
79,2,12,474,1999,0.14
79,2,12,474,2000,0.14
79,2,12,474,2001,0.15
79,2,12,474,2002,0.14
79,2,12,474,2003,0.12
79,2,12,474,2004,0.13
79,2,12,474,2005,0.12
79,2,12,474,2006,0.1
79,2,12,474,2007,0.09
79,2,12,474,2008,0.09
79,2,12,474,2009,0.08
79,2,12,474,2010,0.08
79,2,12,474,2011,0.08
79,2,12,474,2012,0.08
79,2,12,474,2013,0.08
79,2,12,474,2014,0.07
79,2,12,474,2015,0.07
79,2,12,474,2016,0.07
79,2,12,474,2017,0.07
79,2,13,474,1990,0.5
79,2,13,474,1991,0.49
79,2,13,474,1992,0.48
79,2,13,474,1993,0.46
79,2,13,474,1994,0.43
79,2,13,474,1995,0.44
79,2,13,474,1996,0.44
79,2,13,474,1997,0.44
79,2,13,474,1998,0.41
79,2,13,474,1999,0.4
79,2,13,474,2000,0.41
79,2,13,474,2001,0.4
79,2,13,474,2002,0.38
79,2,13,474,2003,0.35
79,2,13,474,2004,0.38
79,2,13,474,2005,0.35
79,2,13,474,2006,0.32
79,2,13,474,2007,0.32
79,2,13,474,2008,0.31
79,2,13,474,2009,0.3
79,2,13,474,2010,0.27
79,2,13,474,2011,0.24
79,2,13,474,2012,0.23
79,2,13,474,2013,0.21
79,2,13,474,2014,0.18
79,2,13,474,2015,0.17
79,2,13,474,2016,0.17
79,2,13,474,2017,0.17
79,2,14,474,1990,0.61
79,2,14,474,1991,0.62
79,2,14,474,1992,0.7
79,2,14,474,1993,0.72
79,2,14,474,1994,0.73
79,2,14,474,1995,0.77
79,2,14,474,1996,0.74
79,2,14,474,1997,0.77
79,2,14,474,1998,0.75
79,2,14,474,1999,0.72
79,2,14,474,2000,0.7
79,2,14,474,2001,0.67
79,2,14,474,2002,0.64
79,2,14,474,2003,0.59
79,2,14,474,2004,0.61
79,2,14,474,2005,0.61
79,2,14,474,2006,0.54
79,2,14,474,2007,0.51
79,2,14,474,2008,0.5
79,2,14,474,2009,0.5
79,2,14,474,2010,0.48
79,2,14,474,2011,0.43
79,2,14,474,2012,0.42
79,2,14,474,2013,0.41
79,2,14,474,2014,0.36
79,2,14,474,2015,0.36
79,2,14,474,2016,0.35
79,2,14,474,2017,0.34
79,2,15,474,1990,0.93
79,2,15,474,1991,0.95
79,2,15,474,1992,0.92
79,2,15,474,1993,0.93
79,2,15,474,1994,0.92
79,2,15,474,1995,0.98
79,2,15,474,1996,0.93
79,2,15,474,1997,1.06
79,2,15,474,1998,1.16
79,2,15,474,1999,1.19
79,2,15,474,2000,1.23
79,2,15,474,2001,1.19
79,2,15,474,2002,1.15
79,2,15,474,2003,1.04
79,2,15,474,2004,1.07
79,2,15,474,2005,1.09
79,2,15,474,2006,0.98
79,2,15,474,2007,0.91
79,2,15,474,2008,0.89
79,2,15,474,2009,0.84
79,2,15,474,2010,0.81
79,2,15,474,2011,0.77
79,2,15,474,2012,0.72
79,2,15,474,2013,0.69
79,2,15,474,2014,0.68
79,2,15,474,2015,0.66
79,2,15,474,2016,0.64
79,2,15,474,2017,0.63
79,2,16,474,1990,1.84
79,2,16,474,1991,1.76
79,2,16,474,1992,1.75
79,2,16,474,1993,1.72
79,2,16,474,1994,1.7
79,2,16,474,1995,1.71
79,2,16,474,1996,1.71
79,2,16,474,1997,1.71
79,2,16,474,1998,1.7
79,2,16,474,1999,1.7
79,2,16,474,2000,1.81
79,2,16,474,2001,1.8
79,2,16,474,2002,2.07
79,2,16,474,2003,2.14
79,2,16,474,2004,2.38
79,2,16,474,2005,2.62
79,2,16,474,2006,2.43
79,2,16,474,2007,2.37
79,2,16,474,2008,2.4
79,2,16,474,2009,2.28
79,2,16,474,2010,2.17
79,2,16,474,2011,2.16
79,2,16,474,2012,2.13
79,2,16,474,2013,2.05
79,2,16,474,2014,1.89
79,2,16,474,2015,1.78
79,2,16,474,2016,1.74
79,2,16,474,2017,1.74
79,2,17,474,1990,3.75
79,2,17,474,1991,3.64
79,2,17,474,1992,3.61
79,2,17,474,1993,3.49
79,2,17,474,1994,3.23
79,2,17,474,1995,3.02
79,2,17,474,1996,2.78
79,2,17,474,1997,2.83
79,2,17,474,1998,2.79
79,2,17,474,1999,2.78
79,2,17,474,2000,2.87
79,2,17,474,2001,2.97
79,2,17,474,2002,2.87
79,2,17,474,2003,2.62
79,2,17,474,2004,2.59
79,2,17,474,2005,2.85
79,2,17,474,2006,2.78
79,2,17,474,2007,3
79,2,17,474,2008,3.27
79,2,17,474,2009,3.41
79,2,17,474,2010,3.55
79,2,17,474,2011,3.58
79,2,17,474,2012,3.48
79,2,17,474,2013,3.3
79,2,17,474,2014,3.17
79,2,17,474,2015,3.07
79,2,17,474,2016,3.09
79,2,17,474,2017,3.09
79,2,18,474,1990,6.37
79,2,18,474,1991,6.32
79,2,18,474,1992,6.43
79,2,18,474,1993,6.22
79,2,18,474,1994,5.99
79,2,18,474,1995,5.93
79,2,18,474,1996,5.81
79,2,18,474,1997,5.85
79,2,18,474,1998,5.49
79,2,18,474,1999,5.09
79,2,18,474,2000,5.06
79,2,18,474,2001,4.94
79,2,18,474,2002,4.85
79,2,18,474,2003,4.57
79,2,18,474,2004,4.87
79,2,18,474,2005,4.71
79,2,18,474,2006,4.74
79,2,18,474,2007,4.67
79,2,18,474,2008,4.69
79,2,18,474,2009,4.51
79,2,18,474,2010,4.77
79,2,18,474,2011,4.98
79,2,18,474,2012,5.34
79,2,18,474,2013,5.58
79,2,18,474,2014,5.82
79,2,18,474,2015,5.84
79,2,18,474,2016,5.74
79,2,18,474,2017,5.63
79,2,19,474,1990,9.3
79,2,19,474,1991,9.21
79,2,19,474,1992,9.62
79,2,19,474,1993,10.17
79,2,19,474,1994,10.36
79,2,19,474,1995,10.51
79,2,19,474,1996,10.14
79,2,19,474,1997,10.31
79,2,19,474,1998,10.28
79,2,19,474,1999,9.94
79,2,19,474,2000,9.72
79,2,19,474,2001,9.19
79,2,19,474,2002,9.07
79,2,19,474,2003,8.31
79,2,19,474,2004,8.23
79,2,19,474,2005,7.87
79,2,19,474,2006,7.15
79,2,19,474,2007,6.9
79,2,19,474,2008,7.16
79,2,19,474,2009,7.13
79,2,19,474,2010,6.85
79,2,19,474,2011,7.05
79,2,19,474,2012,7
79,2,19,474,2013,7.07
79,2,19,474,2014,6.58
79,2,19,474,2015,6.84
79,2,19,474,2016,7.45
79,2,19,474,2017,8.55
79,2,20,474,1990,16.32
79,2,20,474,1991,15.64
79,2,20,474,1992,15.56
79,2,20,474,1993,15.11
79,2,20,474,1994,13.62
79,2,20,474,1995,13.94
79,2,20,474,1996,13.19
79,2,20,474,1997,13.49
79,2,20,474,1998,13.74
79,2,20,474,1999,14.34
79,2,20,474,2000,14.78
79,2,20,474,2001,14.72
79,2,20,474,2002,14.44
79,2,20,474,2003,13.39
79,2,20,474,2004,13.26
79,2,20,474,2005,12.53
79,2,20,474,2006,11.81
79,2,20,474,2007,11.83
79,2,20,474,2008,11.57
79,2,20,474,2009,11.13
79,2,20,474,2010,10.62
79,2,20,474,2011,10.36
79,2,20,474,2012,10.13
79,2,20,474,2013,10.32
79,2,20,474,2014,10.24
79,2,20,474,2015,10.1
79,2,20,474,2016,10.71
79,2,20,474,2017,10.45
79,2,22,474,1990,75.61
79,2,22,474,1991,75.51
79,2,22,474,1992,78.4
79,2,22,474,1993,80.67
79,2,22,474,1994,78.2
79,2,22,474,1995,79.38
79,2,22,474,1996,76.86
79,2,22,474,1997,77.78
79,2,22,474,1998,78.24
79,2,22,474,1999,78.54
79,2,22,474,2000,79.85
79,2,22,474,2001,80.12
79,2,22,474,2002,81.11
79,2,22,474,2003,78.4
79,2,22,474,2004,79.89
79,2,22,474,2005,79.32
79,2,22,474,2006,77.3
79,2,22,474,2007,78.58
79,2,22,474,2008,80.65
79,2,22,474,2009,80.41
79,2,22,474,2010,80.24
79,2,22,474,2011,80.86
79,2,22,474,2012,80.46
79,2,22,474,2013,80.6
79,2,22,474,2014,80.03
79,2,22,474,2015,79.8
79,2,22,474,2016,81.92
79,2,22,474,2017,83.73
79,2,30,474,1990,20.15
79,2,30,474,1991,20.3
79,2,30,474,1992,21.21
79,2,30,474,1993,21.98
79,2,30,474,1994,20.82
79,2,30,474,1995,20.66
79,2,30,474,1996,19.26
79,2,30,474,1997,19.02
79,2,30,474,1998,18.7
79,2,30,474,1999,18.34
79,2,30,474,2000,18.83
79,2,30,474,2001,19.16
79,2,30,474,2002,19.29
79,2,30,474,2003,18.76
79,2,30,474,2004,19.89
79,2,30,474,2005,19.77
79,2,30,474,2006,18.87
79,2,30,474,2007,18.53
79,2,30,474,2008,18.74
79,2,30,474,2009,18.56
79,2,30,474,2010,18.26
79,2,30,474,2011,18.03
79,2,30,474,2012,17.42
79,2,30,474,2013,16.79
79,2,30,474,2014,16.18
79,2,30,474,2015,15.78
79,2,30,474,2016,15.73
79,2,30,474,2017,16.07
79,2,31,474,1990,11.14
79,2,31,474,1991,11.58
79,2,31,474,1992,12.69
79,2,31,474,1993,13.96
79,2,31,474,1994,14.27
79,2,31,474,1995,14.96
79,2,31,474,1996,15.11
79,2,31,474,1997,15.15
79,2,31,474,1998,15.66
79,2,31,474,1999,16.01
79,2,31,474,2000,16.01
79,2,31,474,2001,15.92
79,2,31,474,2002,16.42
79,2,31,474,2003,16.24
79,2,31,474,2004,15.62
79,2,31,474,2005,15.81
79,2,31,474,2006,16.17
79,2,31,474,2007,17.3
79,2,31,474,2008,18.18
79,2,31,474,2009,19.2
79,2,31,474,2010,19.38
79,2,31,474,2011,19.47
79,2,31,474,2012,19.45
79,2,31,474,2013,19.36
79,2,31,474,2014,19.54
79,2,31,474,2015,19.56
79,2,31,474,2016,19.98
79,2,31,474,2017,20.18
79,2,32,474,1990,3.74
79,2,32,474,1991,4
79,2,32,474,1992,4.37
79,2,32,474,1993,4.75
79,2,32,474,1994,4.94
79,2,32,474,1995,5.21
79,2,32,474,1996,5.47
79,2,32,474,1997,5.8
79,2,32,474,1998,6.16
79,2,32,474,1999,6.55
79,2,32,474,2000,6.88
79,2,32,474,2001,7.47
79,2,32,474,2002,8.1
79,2,32,474,2003,8.41
79,2,32,474,2004,8.78
79,2,32,474,2005,8.75
79,2,32,474,2006,8.93
79,2,32,474,2007,9.4
79,2,32,474,2008,9.87
79,2,32,474,2009,9.38
79,2,32,474,2010,9.83
79,2,32,474,2011,10.44
79,2,32,474,2012,10.65
79,2,32,474,2013,11.15
79,2,32,474,2014,11.74
79,2,32,474,2015,11.77
79,2,32,474,2016,12.13
79,2,32,474,2017,12.42
79,2,235,474,1990,0.64
79,2,235,474,1991,0.69
79,2,235,474,1992,0.76
79,2,235,474,1993,0.86
79,2,235,474,1994,0.91
79,2,235,474,1995,0.97
79,2,235,474,1996,1.03
79,2,235,474,1997,1.09
79,2,235,474,1998,1.14
79,2,235,474,1999,1.22
79,2,235,474,2000,1.29
79,2,235,474,2001,1.43
79,2,235,474,2002,1.6
79,2,235,474,2003,1.78
79,2,235,474,2004,2.02
79,2,235,474,2005,2.13
79,2,235,474,2006,2.39
79,2,235,474,2007,2.66
79,2,235,474,2008,2.89
79,2,235,474,2009,3.01
79,2,235,474,2010,3.08
79,2,235,474,2011,3.17
79,2,235,474,2012,3.33
79,2,235,474,2013,3.52
79,2,235,474,2014,3.49
79,2,235,474,2015,3.74
79,2,235,474,2016,4.05
79,2,235,474,2017,4.29
80,2,8,474,1990,0.24
80,2,8,474,1991,0.23
80,2,8,474,1992,0.22
80,2,8,474,1993,0.21
80,2,8,474,1994,0.2
80,2,8,474,1995,0.2
80,2,8,474,1996,0.2
80,2,8,474,1997,0.2
80,2,8,474,1998,0.2
80,2,8,474,1999,0.2
80,2,8,474,2000,0.2
80,2,8,474,2001,0.2
80,2,8,474,2002,0.2
80,2,8,474,2003,0.2
80,2,8,474,2004,0.2
80,2,8,474,2005,0.2
80,2,8,474,2006,0.2
80,2,8,474,2007,0.2
80,2,8,474,2008,0.2
80,2,8,474,2009,0.19
80,2,8,474,2010,0.19
80,2,8,474,2011,0.19
80,2,8,474,2012,0.19
80,2,8,474,2013,0.19
80,2,8,474,2014,0.19
80,2,8,474,2015,0.19
80,2,8,474,2016,0.19
80,2,8,474,2017,0.19
80,2,9,474,1990,0.32
80,2,9,474,1991,0.31
80,2,9,474,1992,0.31
80,2,9,474,1993,0.31
80,2,9,474,1994,0.3
80,2,9,474,1995,0.29
80,2,9,474,1996,0.28
80,2,9,474,1997,0.28
80,2,9,474,1998,0.28
80,2,9,474,1999,0.26
80,2,9,474,2000,0.24
80,2,9,474,2001,0.24
80,2,9,474,2002,0.24
80,2,9,474,2003,0.23
80,2,9,474,2004,0.23
80,2,9,474,2005,0.23
80,2,9,474,2006,0.22
80,2,9,474,2007,0.22
80,2,9,474,2008,0.21
80,2,9,474,2009,0.21
80,2,9,474,2010,0.21
80,2,9,474,2011,0.21
80,2,9,474,2012,0.21
80,2,9,474,2013,0.2
80,2,9,474,2014,0.2
80,2,9,474,2015,0.2
80,2,9,474,2016,0.2
80,2,9,474,2017,0.2
80,2,10,474,1990,0.79
80,2,10,474,1991,0.73
80,2,10,474,1992,0.68
80,2,10,474,1993,0.66
80,2,10,474,1994,0.65
80,2,10,474,1995,0.65
80,2,10,474,1996,0.68
80,2,10,474,1997,0.74
80,2,10,474,1998,0.77
80,2,10,474,1999,0.75
80,2,10,474,2000,0.66
80,2,10,474,2001,0.67
80,2,10,474,2002,0.64
80,2,10,474,2003,0.62
80,2,10,474,2004,0.57
80,2,10,474,2005,0.56
80,2,10,474,2006,0.56
80,2,10,474,2007,0.54
80,2,10,474,2008,0.57
80,2,10,474,2009,0.58
80,2,10,474,2010,0.58
80,2,10,474,2011,0.56
80,2,10,474,2012,0.53
80,2,10,474,2013,0.51
80,2,10,474,2014,0.51
80,2,10,474,2015,0.48
80,2,10,474,2016,0.48
80,2,10,474,2017,0.48
80,2,11,474,1990,1.41
80,2,11,474,1991,1.36
80,2,11,474,1992,1.29
80,2,11,474,1993,1.26
80,2,11,474,1994,1.21
80,2,11,474,1995,1.24
80,2,11,474,1996,1.34
80,2,11,474,1997,1.42
80,2,11,474,1998,1.4
80,2,11,474,1999,1.37
80,2,11,474,2000,1.29
80,2,11,474,2001,1.32
80,2,11,474,2002,1.27
80,2,11,474,2003,1.33
80,2,11,474,2004,1.3
80,2,11,474,2005,1.26
80,2,11,474,2006,1.2
80,2,11,474,2007,1.15
80,2,11,474,2008,1.17
80,2,11,474,2009,1.13
80,2,11,474,2010,1.04
80,2,11,474,2011,1.06
80,2,11,474,2012,1.06
80,2,11,474,2013,1.05
80,2,11,474,2014,1.05
80,2,11,474,2015,1.04
80,2,11,474,2016,1.06
80,2,11,474,2017,1.08
80,2,12,474,1990,2.47
80,2,12,474,1991,2.44
80,2,12,474,1992,2.38
80,2,12,474,1993,2.47
80,2,12,474,1994,2.42
80,2,12,474,1995,2.39
80,2,12,474,1996,2.3
80,2,12,474,1997,2.54
80,2,12,474,1998,2.6
80,2,12,474,1999,2.65
80,2,12,474,2000,2.37
80,2,12,474,2001,2.56
80,2,12,474,2002,2.56
80,2,12,474,2003,2.58
80,2,12,474,2004,2.54
80,2,12,474,2005,2.52
80,2,12,474,2006,2.51
80,2,12,474,2007,2.44
80,2,12,474,2008,2.43
80,2,12,474,2009,2.41
80,2,12,474,2010,2.29
80,2,12,474,2011,2.23
80,2,12,474,2012,2.05
80,2,12,474,2013,1.89
80,2,12,474,2014,1.91
80,2,12,474,2015,1.82
80,2,12,474,2016,1.77
80,2,12,474,2017,1.79
80,2,13,474,1990,4.65
80,2,13,474,1991,4.79
80,2,13,474,1992,4.91
80,2,13,474,1993,5.21
80,2,13,474,1994,5.01
80,2,13,474,1995,5.16
80,2,13,474,1996,5.05
80,2,13,474,1997,5.15
80,2,13,474,1998,5.25
80,2,13,474,1999,5.58
80,2,13,474,2000,5.24
80,2,13,474,2001,5.55
80,2,13,474,2002,5.6
80,2,13,474,2003,5.58
80,2,13,474,2004,5.39
80,2,13,474,2005,5.12
80,2,13,474,2006,5.15
80,2,13,474,2007,4.93
80,2,13,474,2008,5.1
80,2,13,474,2009,5.11
80,2,13,474,2010,4.78
80,2,13,474,2011,4.8
80,2,13,474,2012,4.65
80,2,13,474,2013,4.56
80,2,13,474,2014,4.59
80,2,13,474,2015,4.21
80,2,13,474,2016,3.9
80,2,13,474,2017,3.78
80,2,14,474,1990,6.73
80,2,14,474,1991,6.87
80,2,14,474,1992,7.15
80,2,14,474,1993,8.03
80,2,14,474,1994,8.24
80,2,14,474,1995,9.48
80,2,14,474,1996,10.22
80,2,14,474,1997,10.57
80,2,14,474,1998,11.03
80,2,14,474,1999,11.45
80,2,14,474,2000,11.55
80,2,14,474,2001,11.46
80,2,14,474,2002,11.17
80,2,14,474,2003,11.61
80,2,14,474,2004,11.73
80,2,14,474,2005,11.92
80,2,14,474,2006,12.25
80,2,14,474,2007,11.84
80,2,14,474,2008,11.86
80,2,14,474,2009,12.04
80,2,14,474,2010,11.9
80,2,14,474,2011,11.69
80,2,14,474,2012,11.25
80,2,14,474,2013,10.89
80,2,14,474,2014,10.56
80,2,14,474,2015,10.08
80,2,14,474,2016,9.85
80,2,14,474,2017,9.84
80,2,15,474,1990,14.09
80,2,15,474,1991,13.78
80,2,15,474,1992,13.31
80,2,15,474,1993,13.53
80,2,15,474,1994,12.95
80,2,15,474,1995,13.75
80,2,15,474,1996,14.87
80,2,15,474,1997,15.56
80,2,15,474,1998,16.15
80,2,15,474,1999,17.2
80,2,15,474,2000,18.24
80,2,15,474,2001,19.31
80,2,15,474,2002,19.95
80,2,15,474,2003,21.57
80,2,15,474,2004,21.8
80,2,15,474,2005,22.2
80,2,15,474,2006,22.43
80,2,15,474,2007,21.73
80,2,15,474,2008,21.38
80,2,15,474,2009,21.45
80,2,15,474,2010,21.35
80,2,15,474,2011,20.79
80,2,15,474,2012,20.42
80,2,15,474,2013,19.77
80,2,15,474,2014,18.46
80,2,15,474,2015,18.31
80,2,15,474,2016,17.75
80,2,15,474,2017,17.66
80,2,16,474,1990,26.96
80,2,16,474,1991,26.52
80,2,16,474,1992,25.72
80,2,16,474,1993,25.61
80,2,16,474,1994,23.53
80,2,16,474,1995,22.58
80,2,16,474,1996,21.54
80,2,16,474,1997,22.31
80,2,16,474,1998,22.26
80,2,16,474,1999,22.08
80,2,16,474,2000,22.69
80,2,16,474,2001,24.79
80,2,16,474,2002,26.66
80,2,16,474,2003,29.64
80,2,16,474,2004,32.66
80,2,16,474,2005,35.77
80,2,16,474,2006,37.66
80,2,16,474,2007,38.65
80,2,16,474,2008,40.17
80,2,16,474,2009,40.75
80,2,16,474,2010,40.83
80,2,16,474,2011,41.19
80,2,16,474,2012,40.79
80,2,16,474,2013,40.82
80,2,16,474,2014,40.63
80,2,16,474,2015,39.96
80,2,16,474,2016,39.61
80,2,16,474,2017,39.49
80,2,17,474,1990,45.85
80,2,17,474,1991,45.62
80,2,17,474,1992,45.39
80,2,17,474,1993,45.31
80,2,17,474,1994,42.93
80,2,17,474,1995,41.82
80,2,17,474,1996,40.36
80,2,17,474,1997,38.74
80,2,17,474,1998,38.99
80,2,17,474,1999,38.76
80,2,17,474,2000,37.12
80,2,17,474,2001,35.72
80,2,17,474,2002,35.22
80,2,17,474,2003,35.31
80,2,17,474,2004,35.91
80,2,17,474,2005,36.94
80,2,17,474,2006,39.57
80,2,17,474,2007,42.13
80,2,17,474,2008,45.7
80,2,17,474,2009,49.16
80,2,17,474,2010,52.51
80,2,17,474,2011,55.51
80,2,17,474,2012,56.47
80,2,17,474,2013,57.36
80,2,17,474,2014,58.14
80,2,17,474,2015,57.24
80,2,17,474,2016,57.43
80,2,17,474,2017,57.58
80,2,18,474,1990,88.53
80,2,18,474,1991,88.23
80,2,18,474,1992,86.82
80,2,18,474,1993,85.18
80,2,18,474,1994,81.64
80,2,18,474,1995,80.14
80,2,18,474,1996,79.33
80,2,18,474,1997,77.69
80,2,18,474,1998,78.03
80,2,18,474,1999,76.59
80,2,18,474,2000,71.41
80,2,18,474,2001,69.78
80,2,18,474,2002,69.56
80,2,18,474,2003,67.33
80,2,18,474,2004,64.52
80,2,18,474,2005,62.24
80,2,18,474,2006,59.5
80,2,18,474,2007,56.69
80,2,18,474,2008,56.5
80,2,18,474,2009,56.6
80,2,18,474,2010,58.17
80,2,18,474,2011,62.05
80,2,18,474,2012,66.71
80,2,18,474,2013,71.83
80,2,18,474,2014,78.74
80,2,18,474,2015,83.56
80,2,18,474,2016,86.34
80,2,18,474,2017,88.01
80,2,19,474,1990,84.43
80,2,19,474,1991,95.61
80,2,19,474,1992,110.77
80,2,19,474,1993,125.33
80,2,19,474,1994,132.53
80,2,19,474,1995,140.31
80,2,19,474,1996,138.35
80,2,19,474,1997,133.4
80,2,19,474,1998,135.83
80,2,19,474,1999,136.17
80,2,19,474,2000,129.25
80,2,19,474,2001,127.19
80,2,19,474,2002,127.26
80,2,19,474,2003,126.34
80,2,19,474,2004,120.34
80,2,19,474,2005,115.51
80,2,19,474,2006,110.44
80,2,19,474,2007,104.2
80,2,19,474,2008,101.58
80,2,19,474,2009,98.99
80,2,19,474,2010,96.67
80,2,19,474,2011,95.79
80,2,19,474,2012,95.29
80,2,19,474,2013,95.3
80,2,19,474,2014,95.4
80,2,19,474,2015,98.26
80,2,19,474,2016,104.96
80,2,19,474,2017,112.4
80,2,20,474,1990,229.63
80,2,20,474,1991,212.63
80,2,20,474,1992,190.18
80,2,20,474,1993,169.56
80,2,20,474,1994,146.22
80,2,20,474,1995,143.44
80,2,20,474,1996,161.58
80,2,20,474,1997,178.2
80,2,20,474,1998,197.41
80,2,20,474,1999,213.1
80,2,20,474,2000,209
80,2,20,474,2001,203.47
80,2,20,474,2002,207.21
80,2,20,474,2003,209.51
80,2,20,474,2004,204.67
80,2,20,474,2005,204.18
80,2,20,474,2006,206.51
80,2,20,474,2007,203.37
80,2,20,474,2008,203.97
80,2,20,474,2009,197.93
80,2,20,474,2010,190.32
80,2,20,474,2011,183.94
80,2,20,474,2012,176.8
80,2,20,474,2013,167.82
80,2,20,474,2014,161.81
80,2,20,474,2015,154.73
80,2,20,474,2016,148.97
80,2,20,474,2017,147.35
80,2,22,474,1990,1263.58
80,2,22,474,1991,1278.55
80,2,22,474,1992,1286.57
80,2,22,474,1993,1289.7
80,2,22,474,1994,1264.29
80,2,22,474,1995,1268.73
80,2,22,474,1996,1267.45
80,2,22,474,1997,1256.02
80,2,22,474,1998,1277.72
80,2,22,474,1999,1287.95
80,2,22,474,2000,1248.65
80,2,22,474,2001,1252.23
80,2,22,474,2002,1281.55
80,2,22,474,2003,1304.93
80,2,22,474,2004,1285.98
80,2,22,474,2005,1305.1
80,2,22,474,2006,1330.37
80,2,22,474,2007,1346.52
80,2,22,474,2008,1392.59
80,2,22,474,2009,1423.56
80,2,22,474,2010,1436.35
80,2,22,474,2011,1477.04
80,2,22,474,2012,1496.2
80,2,22,474,2013,1505.07
80,2,22,474,2014,1525.46
80,2,22,474,2015,1546.65
80,2,22,474,2016,1569.45
80,2,22,474,2017,1605.39
80,2,30,474,1990,309.06
80,2,30,474,1991,315.06
80,2,30,474,1992,317.42
80,2,30,474,1993,321.69
80,2,30,474,1994,312.1
80,2,30,474,1995,297.75
80,2,30,474,1996,261.9
80,2,30,474,1997,233.32
80,2,30,474,1998,214.59
80,2,30,474,1999,196.56
80,2,30,474,2000,188.29
80,2,30,474,2001,213.91
80,2,30,474,2002,249.16
80,2,30,474,2003,284.64
80,2,30,474,2004,298.83
80,2,30,474,2005,307.45
80,2,30,474,2006,303.53
80,2,30,474,2007,296.48
80,2,30,474,2008,296.86
80,2,30,474,2009,296.85
80,2,30,474,2010,293.51
80,2,30,474,2011,295.66
80,2,30,474,2012,288.62
80,2,30,474,2013,279.52
80,2,30,474,2014,273.2
80,2,30,474,2015,263.57
80,2,30,474,2016,256.83
80,2,30,474,2017,255.24
80,2,31,474,1990,294.76
80,2,31,474,1991,300.54
80,2,31,474,1992,305.07
80,2,31,474,1993,299.19
80,2,31,474,1994,297.93
80,2,31,474,1995,302.36
80,2,31,474,1996,309.22
80,2,31,474,1997,313.55
80,2,31,474,1998,324.35
80,2,31,474,1999,327.84
80,2,31,474,2000,309.74
80,2,31,474,2001,283.18
80,2,31,474,2002,257.95
80,2,31,474,2003,230.58
80,2,31,474,2004,205.57
80,2,31,474,2005,213.06
80,2,31,474,2006,249.12
80,2,31,474,2007,288.98
80,2,31,474,2008,334.19
80,2,31,474,2009,367.43
80,2,31,474,2010,377.74
80,2,31,474,2011,380.31
80,2,31,474,2012,376.05
80,2,31,474,2013,368.23
80,2,31,474,2014,366.52
80,2,31,474,2015,367.45
80,2,31,474,2016,369.14
80,2,31,474,2017,374.14
80,2,32,474,1990,123.65
80,2,32,474,1991,130.98
80,2,32,474,1992,139.1
80,2,32,474,1993,147.33
80,2,32,474,1994,154.79
80,2,32,474,1995,162.55
80,2,32,474,1996,172.07
80,2,32,474,1997,172.35
80,2,32,474,1998,175.55
80,2,32,474,1999,181.52
80,2,32,474,2000,182.02
80,2,32,474,2001,189.18
80,2,32,474,2002,199.07
80,2,32,474,2003,206.95
80,2,32,474,2004,203.55
80,2,32,474,2005,202.39
80,2,32,474,2006,188.06
80,2,32,474,2007,171.21
80,2,32,474,2008,159.24
80,2,32,474,2009,153.87
80,2,32,474,2010,164.11
80,2,32,474,2011,203.05
80,2,32,474,2012,243.88
80,2,32,474,2013,276.88
80,2,32,474,2014,304.51
80,2,32,474,2015,329.88
80,2,32,474,2016,338.19
80,2,32,474,2017,343.93
80,2,235,474,1990,30.01
80,2,235,474,1991,32.84
80,2,235,474,1992,35.86
80,2,235,474,1993,38.81
80,2,235,474,1994,41.62
80,2,235,474,1995,44.62
80,2,235,474,1996,48.15
80,2,235,474,1997,50.02
80,2,235,474,1998,53.03
80,2,235,474,1999,55.89
80,2,235,474,2000,59.33
80,2,235,474,2001,63.69
80,2,235,474,2002,67.83
80,2,235,474,2003,70.92
80,2,235,474,2004,76.16
80,2,235,474,2005,83.56
80,2,235,474,2006,91.44
80,2,235,474,2007,101.75
80,2,235,474,2008,111.46
80,2,235,474,2009,118.82
80,2,235,474,2010,120.14
80,2,235,474,2011,118.01
80,2,235,474,2012,111.23
80,2,235,474,2013,108.25
80,2,235,474,2014,109.04
80,2,235,474,2015,115.67
80,2,235,474,2016,132.78
80,2,235,474,2017,152.26
81,2,8,474,1990,0.21
81,2,8,474,1991,0.2
81,2,8,474,1992,0.2
81,2,8,474,1993,0.2
81,2,8,474,1994,0.2
81,2,8,474,1995,0.21
81,2,8,474,1996,0.22
81,2,8,474,1997,0.22
81,2,8,474,1998,0.22
81,2,8,474,1999,0.23
81,2,8,474,2000,0.22
81,2,8,474,2001,0.22
81,2,8,474,2002,0.22
81,2,8,474,2003,0.22
81,2,8,474,2004,0.23
81,2,8,474,2005,0.23
81,2,8,474,2006,0.22
81,2,8,474,2007,0.22
81,2,8,474,2008,0.21
81,2,8,474,2009,0.21
81,2,8,474,2010,0.2
81,2,8,474,2011,0.2
81,2,8,474,2012,0.2
81,2,8,474,2013,0.2
81,2,8,474,2014,0.19
81,2,8,474,2015,0.2
81,2,8,474,2016,0.2
81,2,8,474,2017,0.2
81,2,9,474,1990,0.3
81,2,9,474,1991,0.29
81,2,9,474,1992,0.27
81,2,9,474,1993,0.24
81,2,9,474,1994,0.23
81,2,9,474,1995,0.23
81,2,9,474,1996,0.22
81,2,9,474,1997,0.21
81,2,9,474,1998,0.21
81,2,9,474,1999,0.21
81,2,9,474,2000,0.22
81,2,9,474,2001,0.23
81,2,9,474,2002,0.23
81,2,9,474,2003,0.23
81,2,9,474,2004,0.24
81,2,9,474,2005,0.23
81,2,9,474,2006,0.23
81,2,9,474,2007,0.23
81,2,9,474,2008,0.23
81,2,9,474,2009,0.24
81,2,9,474,2010,0.24
81,2,9,474,2011,0.24
81,2,9,474,2012,0.24
81,2,9,474,2013,0.24
81,2,9,474,2014,0.23
81,2,9,474,2015,0.23
81,2,9,474,2016,0.23
81,2,9,474,2017,0.22
81,2,10,474,1990,1.08
81,2,10,474,1991,1.12
81,2,10,474,1992,1.14
81,2,10,474,1993,1.1
81,2,10,474,1994,1.03
81,2,10,474,1995,1.01
81,2,10,474,1996,0.98
81,2,10,474,1997,0.93
81,2,10,474,1998,0.82
81,2,10,474,1999,0.77
81,2,10,474,2000,0.7
81,2,10,474,2001,0.63
81,2,10,474,2002,0.59
81,2,10,474,2003,0.58
81,2,10,474,2004,0.55
81,2,10,474,2005,0.54
81,2,10,474,2006,0.54
81,2,10,474,2007,0.57
81,2,10,474,2008,0.58
81,2,10,474,2009,0.57
81,2,10,474,2010,0.55
81,2,10,474,2011,0.53
81,2,10,474,2012,0.51
81,2,10,474,2013,0.5
81,2,10,474,2014,0.47
81,2,10,474,2015,0.5
81,2,10,474,2016,0.52
81,2,10,474,2017,0.51
81,2,11,474,1990,2.16
81,2,11,474,1991,2.32
81,2,11,474,1992,2.41
81,2,11,474,1993,2.48
81,2,11,474,1994,2.53
81,2,11,474,1995,2.56
81,2,11,474,1996,2.53
81,2,11,474,1997,2.51
81,2,11,474,1998,2.31
81,2,11,474,1999,2.23
81,2,11,474,2000,2.09
81,2,11,474,2001,1.83
81,2,11,474,2002,1.72
81,2,11,474,2003,1.58
81,2,11,474,2004,1.43
81,2,11,474,2005,1.34
81,2,11,474,2006,1.25
81,2,11,474,2007,1.2
81,2,11,474,2008,1.16
81,2,11,474,2009,1.19
81,2,11,474,2010,1.23
81,2,11,474,2011,1.28
81,2,11,474,2012,1.28
81,2,11,474,2013,1.33
81,2,11,474,2014,1.31
81,2,11,474,2015,1.39
81,2,11,474,2016,1.45
81,2,11,474,2017,1.42
81,2,12,474,1990,3.6
81,2,12,474,1991,3.75
81,2,12,474,1992,3.72
81,2,12,474,1993,3.75
81,2,12,474,1994,3.73
81,2,12,474,1995,4
81,2,12,474,1996,4.25
81,2,12,474,1997,4.28
81,2,12,474,1998,4.07
81,2,12,474,1999,4.2
81,2,12,474,2000,4.28
81,2,12,474,2001,4.21
81,2,12,474,2002,4.01
81,2,12,474,2003,3.77
81,2,12,474,2004,3.49
81,2,12,474,2005,3.4
81,2,12,474,2006,3.19
81,2,12,474,2007,3.01
81,2,12,474,2008,2.82
81,2,12,474,2009,2.63
81,2,12,474,2010,2.46
81,2,12,474,2011,2.38
81,2,12,474,2012,2.26
81,2,12,474,2013,2.29
81,2,12,474,2014,2.2
81,2,12,474,2015,2.29
81,2,12,474,2016,2.41
81,2,12,474,2017,2.51
81,2,13,474,1990,6.82
81,2,13,474,1991,7.58
81,2,13,474,1992,8
81,2,13,474,1993,8.78
81,2,13,474,1994,8.91
81,2,13,474,1995,9.46
81,2,13,474,1996,10.07
81,2,13,474,1997,10.35
81,2,13,474,1998,10.3
81,2,13,474,1999,10.58
81,2,13,474,2000,10.8
81,2,13,474,2001,10.67
81,2,13,474,2002,10.75
81,2,13,474,2003,10.75
81,2,13,474,2004,10.37
81,2,13,474,2005,10.47
81,2,13,474,2006,10.13
81,2,13,474,2007,9.86
81,2,13,474,2008,9.71
81,2,13,474,2009,9.49
81,2,13,474,2010,9.04
81,2,13,474,2011,8.68
81,2,13,474,2012,7.94
81,2,13,474,2013,7.44
81,2,13,474,2014,6.67
81,2,13,474,2015,6.41
81,2,13,474,2016,6.3
81,2,13,474,2017,6.33
81,2,14,474,1990,16.51
81,2,14,474,1991,15.39
81,2,14,474,1992,14.83
81,2,14,474,1993,15.11
81,2,14,474,1994,14.51
81,2,14,474,1995,15.27
81,2,14,474,1996,16.46
81,2,14,474,1997,17.12
81,2,14,474,1998,17.09
81,2,14,474,1999,17.07
81,2,14,474,2000,17.05
81,2,14,474,2001,16.57
81,2,14,474,2002,17.23
81,2,14,474,2003,17.62
81,2,14,474,2004,17.74
81,2,14,474,2005,18.1
81,2,14,474,2006,18.45
81,2,14,474,2007,18.93
81,2,14,474,2008,19.67
81,2,14,474,2009,20.03
81,2,14,474,2010,19.74
81,2,14,474,2011,19.74
81,2,14,474,2012,18.96
81,2,14,474,2013,18.91
81,2,14,474,2014,17.73
81,2,14,474,2015,17.65
81,2,14,474,2016,17.24
81,2,14,474,2017,16.78
81,2,15,474,1990,34.6
81,2,15,474,1991,35.37
81,2,15,474,1992,34.22
81,2,15,474,1993,34.94
81,2,15,474,1994,33.38
81,2,15,474,1995,30.04
81,2,15,474,1996,27.33
81,2,15,474,1997,25.92
81,2,15,474,1998,24.02
81,2,15,474,1999,23.72
81,2,15,474,2000,25.1
81,2,15,474,2001,26.01
81,2,15,474,2002,27.49
81,2,15,474,2003,28.42
81,2,15,474,2004,28.44
81,2,15,474,2005,28.85
81,2,15,474,2006,30.01
81,2,15,474,2007,30.63
81,2,15,474,2008,31.16
81,2,15,474,2009,32.03
81,2,15,474,2010,32.72
81,2,15,474,2011,33.75
81,2,15,474,2012,34.2
81,2,15,474,2013,36.68
81,2,15,474,2014,36.64
81,2,15,474,2015,37.52
81,2,15,474,2016,37.75
81,2,15,474,2017,37.76
81,2,16,474,1990,55.65
81,2,16,474,1991,56.55
81,2,16,474,1992,57.41
81,2,16,474,1993,58.61
81,2,16,474,1994,58.13
81,2,16,474,1995,58.84
81,2,16,474,1996,58.1
81,2,16,474,1997,55.72
81,2,16,474,1998,52.01
81,2,16,474,1999,50.66
81,2,16,474,2000,45.96
81,2,16,474,2001,41.48
81,2,16,474,2002,40.31
81,2,16,474,2003,39.88
81,2,16,474,2004,39.91
81,2,16,474,2005,42.35
81,2,16,474,2006,45.32
81,2,16,474,2007,48.05
81,2,16,474,2008,49.77
81,2,16,474,2009,49.97
81,2,16,474,2010,50.51
81,2,16,474,2011,52.59
81,2,16,474,2012,53.18
81,2,16,474,2013,56.03
81,2,16,474,2014,55.81
81,2,16,474,2015,57.8
81,2,16,474,2016,59.68
81,2,16,474,2017,60.25
81,2,17,474,1990,114.9
81,2,17,474,1991,112.01
81,2,17,474,1992,106.53
81,2,17,474,1993,101.62
81,2,17,474,1994,98.3
81,2,17,474,1995,97.4
81,2,17,474,1996,98.29
81,2,17,474,1997,98.73
81,2,17,474,1998,98.62
81,2,17,474,1999,99.98
81,2,17,474,2000,101.77
81,2,17,474,2001,98.38
81,2,17,474,2002,95.94
81,2,17,474,2003,92.52
81,2,17,474,2004,86.96
81,2,17,474,2005,79.66
81,2,17,474,2006,72.15
81,2,17,474,2007,69.91
81,2,17,474,2008,69.44
81,2,17,474,2009,69.55
81,2,17,474,2010,74.24
81,2,17,474,2011,79.19
81,2,17,474,2012,79.83
81,2,17,474,2013,82.96
81,2,17,474,2014,81.63
81,2,17,474,2015,84.12
81,2,17,474,2016,86.71
81,2,17,474,2017,85.64
81,2,18,474,1990,204.41
81,2,18,474,1991,196.37
81,2,18,474,1992,187.38
81,2,18,474,1993,185.02
81,2,18,474,1994,178.22
81,2,18,474,1995,176.8
81,2,18,474,1996,175.38
81,2,18,474,1997,167.91
81,2,18,474,1998,155.54
81,2,18,474,1999,150.62
81,2,18,474,2000,148.71
81,2,18,474,2001,146.05
81,2,18,474,2002,150.07
81,2,18,474,2003,156.46
81,2,18,474,2004,156.27
81,2,18,474,2005,156.21
81,2,18,474,2006,154.31
81,2,18,474,2007,150.86
81,2,18,474,2008,146.66
81,2,18,474,2009,138.65
81,2,18,474,2010,124.55
81,2,18,474,2011,114.56
81,2,18,474,2012,109.46
81,2,18,474,2013,109.11
81,2,18,474,2014,106.35
81,2,18,474,2015,115.68
81,2,18,474,2016,124.78
81,2,18,474,2017,128.16
81,2,19,474,1990,238.03
81,2,19,474,1991,261.71
81,2,19,474,1992,287.54
81,2,19,474,1993,321.09
81,2,19,474,1994,330.36
81,2,19,474,1995,323.4
81,2,19,474,1996,310.2
81,2,19,474,1997,296.38
81,2,19,474,1998,279.29
81,2,19,474,1999,268.81
81,2,19,474,2000,261.29
81,2,19,474,2001,247.43
81,2,19,474,2002,240.93
81,2,19,474,2003,229.82
81,2,19,474,2004,218.1
81,2,19,474,2005,214.09
81,2,19,474,2006,213.68
81,2,19,474,2007,217.89
81,2,19,474,2008,226.76
81,2,19,474,2009,229.81
81,2,19,474,2010,233.01
81,2,19,474,2011,233.93
81,2,19,474,2012,221.73
81,2,19,474,2013,218.4
81,2,19,474,2014,202.61
81,2,19,474,2015,190.89
81,2,19,474,2016,180.74
81,2,19,474,2017,173.51
81,2,20,474,1990,482.49
81,2,20,474,1991,452.39
81,2,20,474,1992,404.57
81,2,20,474,1993,354.91
81,2,20,474,1994,317.86
81,2,20,474,1995,327.67
81,2,20,474,1996,357.46
81,2,20,474,1997,393
81,2,20,474,1998,409.87
81,2,20,474,1999,417.07
81,2,20,474,2000,403.38
81,2,20,474,2001,386.48
81,2,20,474,2002,375.93
81,2,20,474,2003,374
81,2,20,474,2004,362.76
81,2,20,474,2005,355.17
81,2,20,474,2006,342.97
81,2,20,474,2007,332.81
81,2,20,474,2008,320.12
81,2,20,474,2009,315.24
81,2,20,474,2010,312.29
81,2,20,474,2011,317.65
81,2,20,474,2012,316.73
81,2,20,474,2013,333.68
81,2,20,474,2014,333.46
81,2,20,474,2015,354.16
81,2,20,474,2016,368.92
81,2,20,474,2017,367.78
81,2,22,474,1990,2224.39
81,2,22,474,1991,2262.89
81,2,22,474,1992,2271.54
81,2,22,474,1993,2323.06
81,2,22,474,1994,2341.56
81,2,22,474,1995,2388.58
81,2,22,474,1996,2397.17
81,2,22,474,1997,2359.39
81,2,22,474,1998,2263.94
81,2,22,474,1999,2214.6
81,2,22,474,2000,2164.35
81,2,22,474,2001,2116.22
81,2,22,474,2002,2116.38
81,2,22,474,2003,2102.07
81,2,22,474,2004,2054.75
81,2,22,474,2005,2050.9
81,2,22,474,2006,2042.35
81,2,22,474,2007,2051.68
81,2,22,474,2008,2069.43
81,2,22,474,2009,2068.04
81,2,22,474,2010,2078.89
81,2,22,474,2011,2106.49
81,2,22,474,2012,2081.4
81,2,22,474,2013,2130.55
81,2,22,474,2014,2104.4
81,2,22,474,2015,2183.49
81,2,22,474,2016,2242.65
81,2,22,474,2017,2228.82
81,2,30,474,1990,565.13
81,2,30,474,1991,584.08
81,2,30,474,1992,593.49
81,2,30,474,1993,613.48
81,2,30,474,1994,620.88
81,2,30,474,1995,617.38
81,2,30,474,1996,577.26
81,2,30,474,1997,508.14
81,2,30,474,1998,428.91
81,2,30,474,1999,386.72
81,2,30,474,2000,396.47
81,2,30,474,2001,426.77
81,2,30,474,2002,475.67
81,2,30,474,2003,522.27
81,2,30,474,2004,535.79
81,2,30,474,2005,529.97
81,2,30,474,2006,513.71
81,2,30,474,2007,497.86
81,2,30,474,2008,489.78
81,2,30,474,2009,477.39
81,2,30,474,2010,463.94
81,2,30,474,2011,445.18
81,2,30,474,2012,418.52
81,2,30,474,2013,406.42
81,2,30,474,2014,389.02
81,2,30,474,2015,406.56
81,2,30,474,2016,437.71
81,2,30,474,2017,468.14
81,2,31,474,1990,330.37
81,2,31,474,1991,348.67
81,2,31,474,1992,371.11
81,2,31,474,1993,405.3
81,2,31,474,1994,440.33
81,2,31,474,1995,475.41
81,2,31,474,1996,494.87
81,2,31,474,1997,508.09
81,2,31,474,1998,511.39
81,2,31,474,1999,516.06
81,2,31,474,2000,493.5
81,2,31,474,2001,458.77
81,2,31,474,2002,422.08
81,2,31,474,2003,372.3
81,2,31,474,2004,340.27
81,2,31,474,2005,357.73
81,2,31,474,2006,394.1
81,2,31,474,2007,434.83
81,2,31,474,2008,472.28
81,2,31,474,2009,477.81
81,2,31,474,2010,470.84
81,2,31,474,2011,469.72
81,2,31,474,2012,462.68
81,2,31,474,2013,473.64
81,2,31,474,2014,465
81,2,31,474,2015,478.11
81,2,31,474,2016,485.37
81,2,31,474,2017,472.54
81,2,32,474,1990,137.79
81,2,32,474,1991,150.58
81,2,32,474,1992,160.49
81,2,32,474,1993,174.29
81,2,32,474,1994,187.4
81,2,32,474,1995,200.59
81,2,32,474,1996,213.57
81,2,32,474,1997,219.6
81,2,32,474,1998,219.36
81,2,32,474,1999,217.54
81,2,32,474,2000,208.07
81,2,32,474,2001,206.29
81,2,32,474,2002,210.45
81,2,32,474,2003,211.8
81,2,32,474,2004,213.66
81,2,32,474,2005,212.99
81,2,32,474,2006,200.39
81,2,32,474,2007,186.75
81,2,32,474,2008,173.52
81,2,32,474,2009,179.07
81,2,32,474,2010,212.69
81,2,32,474,2011,252.99
81,2,32,474,2012,278.76
81,2,32,474,2013,304.99
81,2,32,474,2014,314.02
81,2,32,474,2015,322.47
81,2,32,474,2016,317.56
81,2,32,474,2017,295.04
81,2,235,474,1990,30.34
81,2,235,474,1991,34.52
81,2,235,474,1992,38.23
81,2,235,474,1993,42.16
81,2,235,474,1994,45.55
81,2,235,474,1995,48.31
81,2,235,474,1996,49.99
81,2,235,474,1997,50.28
81,2,235,474,1998,49.9
81,2,235,474,1999,48.12
81,2,235,474,2000,44.75
81,2,235,474,2001,44.21
81,2,235,474,2002,42.77
81,2,235,474,2003,39.85
81,2,235,474,2004,38.54
81,2,235,474,2005,39.55
81,2,235,474,2006,41.69
81,2,235,474,2007,48.07
81,2,235,474,2008,55.56
81,2,235,474,2009,64.16
81,2,235,474,2010,70.63
81,2,235,474,2011,73.86
81,2,235,474,2012,74.93
81,2,235,474,2013,77.72
81,2,235,474,2014,91.06
81,2,235,474,2015,107.52
81,2,235,474,2016,115.1
81,2,235,474,2017,112.02
82,2,8,474,1990,0.08
82,2,8,474,1991,0.08
82,2,8,474,1992,0.08
82,2,8,474,1993,0.08
82,2,8,474,1994,0.08
82,2,8,474,1995,0.08
82,2,8,474,1996,0.08
82,2,8,474,1997,0.07
82,2,8,474,1998,0.07
82,2,8,474,1999,0.07
82,2,8,474,2000,0.07
82,2,8,474,2001,0.07
82,2,8,474,2002,0.07
82,2,8,474,2003,0.07
82,2,8,474,2004,0.06
82,2,8,474,2005,0.06
82,2,8,474,2006,0.05
82,2,8,474,2007,0.05
82,2,8,474,2008,0.05
82,2,8,474,2009,0.05
82,2,8,474,2010,0.05
82,2,8,474,2011,0.05
82,2,8,474,2012,0.04
82,2,8,474,2013,0.04
82,2,8,474,2014,0.04
82,2,8,474,2015,0.04
82,2,8,474,2016,0.04
82,2,8,474,2017,0.04
82,2,9,474,1990,0.1
82,2,9,474,1991,0.1
82,2,9,474,1992,0.1
82,2,9,474,1993,0.1
82,2,9,474,1994,0.1
82,2,9,474,1995,0.1
82,2,9,474,1996,0.1
82,2,9,474,1997,0.1
82,2,9,474,1998,0.1
82,2,9,474,1999,0.1
82,2,9,474,2000,0.09
82,2,9,474,2001,0.09
82,2,9,474,2002,0.1
82,2,9,474,2003,0.11
82,2,9,474,2004,0.1
82,2,9,474,2005,0.09
82,2,9,474,2006,0.08
82,2,9,474,2007,0.08
82,2,9,474,2008,0.08
82,2,9,474,2009,0.07
82,2,9,474,2010,0.07
82,2,9,474,2011,0.07
82,2,9,474,2012,0.06
82,2,9,474,2013,0.06
82,2,9,474,2014,0.05
82,2,9,474,2015,0.05
82,2,9,474,2016,0.05
82,2,9,474,2017,0.05
82,2,10,474,1990,0.17
82,2,10,474,1991,0.17
82,2,10,474,1992,0.18
82,2,10,474,1993,0.18
82,2,10,474,1994,0.17
82,2,10,474,1995,0.18
82,2,10,474,1996,0.18
82,2,10,474,1997,0.18
82,2,10,474,1998,0.18
82,2,10,474,1999,0.18
82,2,10,474,2000,0.17
82,2,10,474,2001,0.17
82,2,10,474,2002,0.18
82,2,10,474,2003,0.17
82,2,10,474,2004,0.17
82,2,10,474,2005,0.17
82,2,10,474,2006,0.16
82,2,10,474,2007,0.16
82,2,10,474,2008,0.15
82,2,10,474,2009,0.14
82,2,10,474,2010,0.13
82,2,10,474,2011,0.12
82,2,10,474,2012,0.11
82,2,10,474,2013,0.09
82,2,10,474,2014,0.09
82,2,10,474,2015,0.08
82,2,10,474,2016,0.08
82,2,10,474,2017,0.09
82,2,11,474,1990,0.36
82,2,11,474,1991,0.36
82,2,11,474,1992,0.38
82,2,11,474,1993,0.37
82,2,11,474,1994,0.36
82,2,11,474,1995,0.37
82,2,11,474,1996,0.37
82,2,11,474,1997,0.37
82,2,11,474,1998,0.39
82,2,11,474,1999,0.4
82,2,11,474,2000,0.39
82,2,11,474,2001,0.37
82,2,11,474,2002,0.38
82,2,11,474,2003,0.38
82,2,11,474,2004,0.38
82,2,11,474,2005,0.36
82,2,11,474,2006,0.35
82,2,11,474,2007,0.34
82,2,11,474,2008,0.34
82,2,11,474,2009,0.33
82,2,11,474,2010,0.34
82,2,11,474,2011,0.34
82,2,11,474,2012,0.33
82,2,11,474,2013,0.3
82,2,11,474,2014,0.27
82,2,11,474,2015,0.27
82,2,11,474,2016,0.27
82,2,11,474,2017,0.26
82,2,12,474,1990,0.46
82,2,12,474,1991,0.47
82,2,12,474,1992,0.5
82,2,12,474,1993,0.48
82,2,12,474,1994,0.47
82,2,12,474,1995,0.48
82,2,12,474,1996,0.48
82,2,12,474,1997,0.48
82,2,12,474,1998,0.5
82,2,12,474,1999,0.51
82,2,12,474,2000,0.48
82,2,12,474,2001,0.48
82,2,12,474,2002,0.49
82,2,12,474,2003,0.5
82,2,12,474,2004,0.52
82,2,12,474,2005,0.52
82,2,12,474,2006,0.49
82,2,12,474,2007,0.49
82,2,12,474,2008,0.49
82,2,12,474,2009,0.48
82,2,12,474,2010,0.48
82,2,12,474,2011,0.47
82,2,12,474,2012,0.44
82,2,12,474,2013,0.43
82,2,12,474,2014,0.42
82,2,12,474,2015,0.42
82,2,12,474,2016,0.42
82,2,12,474,2017,0.41
82,2,13,474,1990,0.79
82,2,13,474,1991,0.79
82,2,13,474,1992,0.83
82,2,13,474,1993,0.79
82,2,13,474,1994,0.79
82,2,13,474,1995,0.82
82,2,13,474,1996,0.83
82,2,13,474,1997,0.83
82,2,13,474,1998,0.87
82,2,13,474,1999,0.88
82,2,13,474,2000,0.85
82,2,13,474,2001,0.85
82,2,13,474,2002,0.86
82,2,13,474,2003,0.87
82,2,13,474,2004,0.91
82,2,13,474,2005,0.91
82,2,13,474,2006,0.87
82,2,13,474,2007,0.87
82,2,13,474,2008,0.88
82,2,13,474,2009,0.86
82,2,13,474,2010,0.85
82,2,13,474,2011,0.85
82,2,13,474,2012,0.88
82,2,13,474,2013,0.87
82,2,13,474,2014,0.85
82,2,13,474,2015,0.87
82,2,13,474,2016,0.91
82,2,13,474,2017,0.91
82,2,14,474,1990,1.39
82,2,14,474,1991,1.37
82,2,14,474,1992,1.53
82,2,14,474,1993,1.49
82,2,14,474,1994,1.46
82,2,14,474,1995,1.44
82,2,14,474,1996,1.42
82,2,14,474,1997,1.42
82,2,14,474,1998,1.45
82,2,14,474,1999,1.43
82,2,14,474,2000,1.43
82,2,14,474,2001,1.43
82,2,14,474,2002,1.45
82,2,14,474,2003,1.5
82,2,14,474,2004,1.57
82,2,14,474,2005,1.53
82,2,14,474,2006,1.48
82,2,14,474,2007,1.49
82,2,14,474,2008,1.52
82,2,14,474,2009,1.53
82,2,14,474,2010,1.53
82,2,14,474,2011,1.57
82,2,14,474,2012,1.64
82,2,14,474,2013,1.63
82,2,14,474,2014,1.65
82,2,14,474,2015,1.71
82,2,14,474,2016,1.71
82,2,14,474,2017,1.69
82,2,15,474,1990,2.47
82,2,15,474,1991,2.46
82,2,15,474,1992,2.54
82,2,15,474,1993,2.34
82,2,15,474,1994,2.27
82,2,15,474,1995,2.23
82,2,15,474,1996,2.28
82,2,15,474,1997,2.41
82,2,15,474,1998,2.57
82,2,15,474,1999,2.51
82,2,15,474,2000,2.41
82,2,15,474,2001,2.26
82,2,15,474,2002,2.21
82,2,15,474,2003,2.14
82,2,15,474,2004,2.31
82,2,15,474,2005,2.4
82,2,15,474,2006,2.4
82,2,15,474,2007,2.45
82,2,15,474,2008,2.53
82,2,15,474,2009,2.56
82,2,15,474,2010,2.54
82,2,15,474,2011,2.57
82,2,15,474,2012,2.7
82,2,15,474,2013,2.67
82,2,15,474,2014,2.63
82,2,15,474,2015,2.61
82,2,15,474,2016,2.71
82,2,15,474,2017,2.8
82,2,16,474,1990,5.38
82,2,16,474,1991,5.23
82,2,16,474,1992,5.45
82,2,16,474,1993,4.99
82,2,16,474,1994,4.86
82,2,16,474,1995,4.83
82,2,16,474,1996,4.82
82,2,16,474,1997,4.61
82,2,16,474,1998,4.47
82,2,16,474,1999,4.22
82,2,16,474,2000,4.2
82,2,16,474,2001,4.1
82,2,16,474,2002,4.37
82,2,16,474,2003,4.47
82,2,16,474,2004,4.48
82,2,16,474,2005,4.36
82,2,16,474,2006,4.13
82,2,16,474,2007,4.22
82,2,16,474,2008,4.29
82,2,16,474,2009,4.29
82,2,16,474,2010,4.26
82,2,16,474,2011,4.43
82,2,16,474,2012,4.62
82,2,16,474,2013,4.59
82,2,16,474,2014,4.48
82,2,16,474,2015,4.6
82,2,16,474,2016,4.79
82,2,16,474,2017,4.82
82,2,17,474,1990,9.52
82,2,17,474,1991,9.43
82,2,17,474,1992,9.74
82,2,17,474,1993,8.53
82,2,17,474,1994,8.5
82,2,17,474,1995,8.39
82,2,17,474,1996,8.11
82,2,17,474,1997,7.72
82,2,17,474,1998,7.56
82,2,17,474,1999,7.29
82,2,17,474,2000,6.79
82,2,17,474,2001,6.63
82,2,17,474,2002,6.43
82,2,17,474,2003,6.05
82,2,17,474,2004,5.97
82,2,17,474,2005,6
82,2,17,474,2006,5.94
82,2,17,474,2007,6.32
82,2,17,474,2008,6.63
82,2,17,474,2009,7.01
82,2,17,474,2010,7
82,2,17,474,2011,7.14
82,2,17,474,2012,7.21
82,2,17,474,2013,7.2
82,2,17,474,2014,7.37
82,2,17,474,2015,7.37
82,2,17,474,2016,7.79
82,2,17,474,2017,8.01
82,2,18,474,1990,14.92
82,2,18,474,1991,15.5
82,2,18,474,1992,16.88
82,2,18,474,1993,15.92
82,2,18,474,1994,16.13
82,2,18,474,1995,16.5
82,2,18,474,1996,16.46
82,2,18,474,1997,15.3
82,2,18,474,1998,15.25
82,2,18,474,1999,14.88
82,2,18,474,2000,14.04
82,2,18,474,2001,13.7
82,2,18,474,2002,13.64
82,2,18,474,2003,13.63
82,2,18,474,2004,13.82
82,2,18,474,2005,13.22
82,2,18,474,2006,12.69
82,2,18,474,2007,11.93
82,2,18,474,2008,10.97
82,2,18,474,2009,10.61
82,2,18,474,2010,10.41
82,2,18,474,2011,10.86
82,2,18,474,2012,12.02
82,2,18,474,2013,12.41
82,2,18,474,2014,12.55
82,2,18,474,2015,12.59
82,2,18,474,2016,12.95
82,2,18,474,2017,12.69
82,2,19,474,1990,20.71
82,2,19,474,1991,19.64
82,2,19,474,1992,20.49
82,2,19,474,1993,20.16
82,2,19,474,1994,20.09
82,2,19,474,1995,21.01
82,2,19,474,1996,21.04
82,2,19,474,1997,20.53
82,2,19,474,1998,21.2
82,2,19,474,1999,21.74
82,2,19,474,2000,21.21
82,2,19,474,2001,21.02
82,2,19,474,2002,20.51
82,2,19,474,2003,21.42
82,2,19,474,2004,21.53
82,2,19,474,2005,21.5
82,2,19,474,2006,21.73
82,2,19,474,2007,21.96
82,2,19,474,2008,21.83
82,2,19,474,2009,20.73
82,2,19,474,2010,20.39
82,2,19,474,2011,20.47
82,2,19,474,2012,20.32
82,2,19,474,2013,19.06
82,2,19,474,2014,18.49
82,2,19,474,2015,18.7
82,2,19,474,2016,18.91
82,2,19,474,2017,19.96
82,2,20,474,1990,31.3
82,2,20,474,1991,31.1
82,2,20,474,1992,32.61
82,2,20,474,1993,31.53
82,2,20,474,1994,31.34
82,2,20,474,1995,31.93
82,2,20,474,1996,32.07
82,2,20,474,1997,31.99
82,2,20,474,1998,32.48
82,2,20,474,1999,34.23
82,2,20,474,2000,35.07
82,2,20,474,2001,36.77
82,2,20,474,2002,39.36
82,2,20,474,2003,42.49
82,2,20,474,2004,44.33
82,2,20,474,2005,43.55
82,2,20,474,2006,41.99
82,2,20,474,2007,41.54
82,2,20,474,2008,41.85
82,2,20,474,2009,37.63
82,2,20,474,2010,37.53
82,2,20,474,2011,37.09
82,2,20,474,2012,36.71
82,2,20,474,2013,35.99
82,2,20,474,2014,35.06
82,2,20,474,2015,35.24
82,2,20,474,2016,34.86
82,2,20,474,2017,33.28
82,2,22,474,1990,156.02
82,2,22,474,1991,160.94
82,2,22,474,1992,171.87
82,2,22,474,1993,166.71
82,2,22,474,1994,167.36
82,2,22,474,1995,173.89
82,2,22,474,1996,177.84
82,2,22,474,1997,179.46
82,2,22,474,1998,188.21
82,2,22,474,1999,193.17
82,2,22,474,2000,194.63
82,2,22,474,2001,196.22
82,2,22,474,2002,204.75
82,2,22,474,2003,209.56
82,2,22,474,2004,215.74
82,2,22,474,2005,212.89
82,2,22,474,2006,209.67
82,2,22,474,2007,210.73
82,2,22,474,2008,213.86
82,2,22,474,2009,200.93
82,2,22,474,2010,203.55
82,2,22,474,2011,209.4
82,2,22,474,2012,216.88
82,2,22,474,2013,217.99
82,2,22,474,2014,214.99
82,2,22,474,2015,222.6
82,2,22,474,2016,229.27
82,2,22,474,2017,236.06
82,2,30,474,1990,34.3
82,2,30,474,1991,35.34
82,2,30,474,1992,36.96
82,2,30,474,1993,35.28
82,2,30,474,1994,35.74
82,2,30,474,1995,36.3
82,2,30,474,1996,36.75
82,2,30,474,1997,37.55
82,2,30,474,1998,38.44
82,2,30,474,1999,39.57
82,2,30,474,2000,39.8
82,2,30,474,2001,39.78
82,2,30,474,2002,41.99
82,2,30,474,2003,44.07
82,2,30,474,2004,47.47
82,2,30,474,2005,48.52
82,2,30,474,2006,50.97
82,2,30,474,2007,53.39
82,2,30,474,2008,55.67
82,2,30,474,2009,51.62
82,2,30,474,2010,52.49
82,2,30,474,2011,53.66
82,2,30,474,2012,55.08
82,2,30,474,2013,54.74
82,2,30,474,2014,53.44
82,2,30,474,2015,55.63
82,2,30,474,2016,56.07
82,2,30,474,2017,56.98
82,2,31,474,1990,23.8
82,2,31,474,1991,26.86
82,2,31,474,1992,29.54
82,2,31,474,1993,29.36
82,2,31,474,1994,28.88
82,2,31,474,1995,30.71
82,2,31,474,1996,32.13
82,2,31,474,1997,33.21
82,2,31,474,1998,36.53
82,2,31,474,1999,37.39
82,2,31,474,2000,38.62
82,2,31,474,2001,39.47
82,2,31,474,2002,41.39
82,2,31,474,2003,41.25
82,2,31,474,2004,42.25
82,2,31,474,2005,41.39
82,2,31,474,2006,40.45
82,2,31,474,2007,41.07
82,2,31,474,2008,42.53
82,2,31,474,2009,40.54
82,2,31,474,2010,42.69
82,2,31,474,2011,46.17
82,2,31,474,2012,49.32
82,2,31,474,2013,50.59
82,2,31,474,2014,50.62
82,2,31,474,2015,53.06
82,2,31,474,2016,55.12
82,2,31,474,2017,57.04
82,2,32,474,1990,8.66
82,2,32,474,1991,10.3
82,2,32,474,1992,12.05
82,2,32,474,1993,12.95
82,2,32,474,1994,13.72
82,2,32,474,1995,15.7
82,2,32,474,1996,17.5
82,2,32,474,1997,19.03
82,2,32,474,1998,21.86
82,2,32,474,1999,22.97
82,2,32,474,2000,23.94
82,2,32,474,2001,23.69
82,2,32,474,2002,25.41
82,2,32,474,2003,24.63
82,2,32,474,2004,24.18
82,2,32,474,2005,23.09
82,2,32,474,2006,21.33
82,2,32,474,2007,20.52
82,2,32,474,2008,20.41
82,2,32,474,2009,19.29
82,2,32,474,2010,19.75
82,2,32,474,2011,20.59
82,2,32,474,2012,22.25
82,2,32,474,2013,23.97
82,2,32,474,2014,23.77
82,2,32,474,2015,25.43
82,2,32,474,2016,27.95
82,2,32,474,2017,31.48
82,2,235,474,1990,1.61
82,2,235,474,1991,1.74
82,2,235,474,1992,1.99
82,2,235,474,1993,2.17
82,2,235,474,1994,2.41
82,2,235,474,1995,2.82
82,2,235,474,1996,3.23
82,2,235,474,1997,3.66
82,2,235,474,1998,4.3
82,2,235,474,1999,4.8
82,2,235,474,2000,5.07
82,2,235,474,2001,5.34
82,2,235,474,2002,5.89
82,2,235,474,2003,5.82
82,2,235,474,2004,5.7
82,2,235,474,2005,5.23
82,2,235,474,2006,4.56
82,2,235,474,2007,3.86
82,2,235,474,2008,3.63
82,2,235,474,2009,3.2
82,2,235,474,2010,3.02
82,2,235,474,2011,2.97
82,2,235,474,2012,3.15
82,2,235,474,2013,3.35
82,2,235,474,2014,3.22
82,2,235,474,2015,3.94
82,2,235,474,2016,4.64
82,2,235,474,2017,5.56
83,2,8,474,1990,0
83,2,8,474,1991,0
83,2,8,474,1992,0
83,2,8,474,1993,0
83,2,8,474,1994,0
83,2,8,474,1995,0
83,2,8,474,1996,0
83,2,8,474,1997,0
83,2,8,474,1998,0
83,2,8,474,1999,0
83,2,8,474,2000,0
83,2,8,474,2001,0
83,2,8,474,2002,0
83,2,8,474,2003,0
83,2,8,474,2004,0
83,2,8,474,2005,0
83,2,8,474,2006,0
83,2,8,474,2007,0
83,2,8,474,2008,0
83,2,8,474,2009,0
83,2,8,474,2010,0
83,2,8,474,2011,0
83,2,8,474,2012,0
83,2,8,474,2013,0
83,2,8,474,2014,0
83,2,8,474,2015,0
83,2,8,474,2016,0
83,2,8,474,2017,0
83,2,9,474,1990,0
83,2,9,474,1991,0
83,2,9,474,1992,0
83,2,9,474,1993,0
83,2,9,474,1994,0
83,2,9,474,1995,0
83,2,9,474,1996,0
83,2,9,474,1997,0
83,2,9,474,1998,0
83,2,9,474,1999,0
83,2,9,474,2000,0
83,2,9,474,2001,0
83,2,9,474,2002,0
83,2,9,474,2003,0
83,2,9,474,2004,0
83,2,9,474,2005,0
83,2,9,474,2006,0
83,2,9,474,2007,0
83,2,9,474,2008,0
83,2,9,474,2009,0
83,2,9,474,2010,0
83,2,9,474,2011,0
83,2,9,474,2012,0
83,2,9,474,2013,0
83,2,9,474,2014,0
83,2,9,474,2015,0
83,2,9,474,2016,0
83,2,9,474,2017,0
83,2,10,474,1990,0
83,2,10,474,1991,0
83,2,10,474,1992,0
83,2,10,474,1993,0
83,2,10,474,1994,0
83,2,10,474,1995,0
83,2,10,474,1996,0
83,2,10,474,1997,0
83,2,10,474,1998,0
83,2,10,474,1999,0
83,2,10,474,2000,0
83,2,10,474,2001,0
83,2,10,474,2002,0
83,2,10,474,2003,0
83,2,10,474,2004,0
83,2,10,474,2005,0
83,2,10,474,2006,0
83,2,10,474,2007,0
83,2,10,474,2008,0
83,2,10,474,2009,0
83,2,10,474,2010,0
83,2,10,474,2011,0
83,2,10,474,2012,0
83,2,10,474,2013,0
83,2,10,474,2014,0
83,2,10,474,2015,0
83,2,10,474,2016,0
83,2,10,474,2017,0
83,2,11,474,1990,0.01
83,2,11,474,1991,0.01
83,2,11,474,1992,0.01
83,2,11,474,1993,0.01
83,2,11,474,1994,0.01
83,2,11,474,1995,0.01
83,2,11,474,1996,0.01
83,2,11,474,1997,0.01
83,2,11,474,1998,0.01
83,2,11,474,1999,0.01
83,2,11,474,2000,0.01
83,2,11,474,2001,0.01
83,2,11,474,2002,0.01
83,2,11,474,2003,0.01
83,2,11,474,2004,0.01
83,2,11,474,2005,0.01
83,2,11,474,2006,0.01
83,2,11,474,2007,0.01
83,2,11,474,2008,0.01
83,2,11,474,2009,0
83,2,11,474,2010,0
83,2,11,474,2011,0
83,2,11,474,2012,0
83,2,11,474,2013,0
83,2,11,474,2014,0
83,2,11,474,2015,0
83,2,11,474,2016,0
83,2,11,474,2017,0
83,2,12,474,1990,0.01
83,2,12,474,1991,0.01
83,2,12,474,1992,0.01
83,2,12,474,1993,0.01
83,2,12,474,1994,0.01
83,2,12,474,1995,0.01
83,2,12,474,1996,0.01
83,2,12,474,1997,0.01
83,2,12,474,1998,0.01
83,2,12,474,1999,0.01
83,2,12,474,2000,0.01
83,2,12,474,2001,0.01
83,2,12,474,2002,0.01
83,2,12,474,2003,0.01
83,2,12,474,2004,0.01
83,2,12,474,2005,0.01
83,2,12,474,2006,0.01
83,2,12,474,2007,0.01
83,2,12,474,2008,0.01
83,2,12,474,2009,0.01
83,2,12,474,2010,0.01
83,2,12,474,2011,0.01
83,2,12,474,2012,0.01
83,2,12,474,2013,0.01
83,2,12,474,2014,0.01
83,2,12,474,2015,0.01
83,2,12,474,2016,0.01
83,2,12,474,2017,0.01
83,2,13,474,1990,0.03
83,2,13,474,1991,0.02
83,2,13,474,1992,0.02
83,2,13,474,1993,0.02
83,2,13,474,1994,0.02
83,2,13,474,1995,0.02
83,2,13,474,1996,0.02
83,2,13,474,1997,0.02
83,2,13,474,1998,0.02
83,2,13,474,1999,0.02
83,2,13,474,2000,0.02
83,2,13,474,2001,0.02
83,2,13,474,2002,0.02
83,2,13,474,2003,0.02
83,2,13,474,2004,0.02
83,2,13,474,2005,0.02
83,2,13,474,2006,0.02
83,2,13,474,2007,0.02
83,2,13,474,2008,0.02
83,2,13,474,2009,0.02
83,2,13,474,2010,0.02
83,2,13,474,2011,0.02
83,2,13,474,2012,0.01
83,2,13,474,2013,0.01
83,2,13,474,2014,0.01
83,2,13,474,2015,0.01
83,2,13,474,2016,0.01
83,2,13,474,2017,0.01
83,2,14,474,1990,0.05
83,2,14,474,1991,0.05
83,2,14,474,1992,0.06
83,2,14,474,1993,0.06
83,2,14,474,1994,0.06
83,2,14,474,1995,0.05
83,2,14,474,1996,0.05
83,2,14,474,1997,0.05
83,2,14,474,1998,0.05
83,2,14,474,1999,0.05
83,2,14,474,2000,0.05
83,2,14,474,2001,0.05
83,2,14,474,2002,0.05
83,2,14,474,2003,0.05
83,2,14,474,2004,0.05
83,2,14,474,2005,0.05
83,2,14,474,2006,0.04
83,2,14,474,2007,0.04
83,2,14,474,2008,0.04
83,2,14,474,2009,0.04
83,2,14,474,2010,0.04
83,2,14,474,2011,0.04
83,2,14,474,2012,0.04
83,2,14,474,2013,0.04
83,2,14,474,2014,0.04
83,2,14,474,2015,0.03
83,2,14,474,2016,0.03
83,2,14,474,2017,0.03
83,2,15,474,1990,0.05
83,2,15,474,1991,0.06
83,2,15,474,1992,0.06
83,2,15,474,1993,0.07
83,2,15,474,1994,0.08
83,2,15,474,1995,0.08
83,2,15,474,1996,0.09
83,2,15,474,1997,0.09
83,2,15,474,1998,0.09
83,2,15,474,1999,0.09
83,2,15,474,2000,0.09
83,2,15,474,2001,0.09
83,2,15,474,2002,0.09
83,2,15,474,2003,0.09
83,2,15,474,2004,0.08
83,2,15,474,2005,0.08
83,2,15,474,2006,0.08
83,2,15,474,2007,0.08
83,2,15,474,2008,0.08
83,2,15,474,2009,0.08
83,2,15,474,2010,0.08
83,2,15,474,2011,0.08
83,2,15,474,2012,0.07
83,2,15,474,2013,0.07
83,2,15,474,2014,0.07
83,2,15,474,2015,0.07
83,2,15,474,2016,0.07
83,2,15,474,2017,0.07
83,2,16,474,1990,0.14
83,2,16,474,1991,0.14
83,2,16,474,1992,0.13
83,2,16,474,1993,0.13
83,2,16,474,1994,0.13
83,2,16,474,1995,0.13
83,2,16,474,1996,0.13
83,2,16,474,1997,0.13
83,2,16,474,1998,0.13
83,2,16,474,1999,0.13
83,2,16,474,2000,0.14
83,2,16,474,2001,0.14
83,2,16,474,2002,0.14
83,2,16,474,2003,0.14
83,2,16,474,2004,0.14
83,2,16,474,2005,0.14
83,2,16,474,2006,0.14
83,2,16,474,2007,0.14
83,2,16,474,2008,0.14
83,2,16,474,2009,0.14
83,2,16,474,2010,0.13
83,2,16,474,2011,0.14
83,2,16,474,2012,0.14
83,2,16,474,2013,0.14
83,2,16,474,2014,0.14
83,2,16,474,2015,0.14
83,2,16,474,2016,0.14
83,2,16,474,2017,0.13
83,2,17,474,1990,0.26
83,2,17,474,1991,0.27
83,2,17,474,1992,0.27
83,2,17,474,1993,0.25
83,2,17,474,1994,0.23
83,2,17,474,1995,0.22
83,2,17,474,1996,0.21
83,2,17,474,1997,0.2
83,2,17,474,1998,0.19
83,2,17,474,1999,0.18
83,2,17,474,2000,0.18
83,2,17,474,2001,0.17
83,2,17,474,2002,0.16
83,2,17,474,2003,0.16
83,2,17,474,2004,0.16
83,2,17,474,2005,0.17
83,2,17,474,2006,0.17
83,2,17,474,2007,0.17
83,2,17,474,2008,0.17
83,2,17,474,2009,0.17
83,2,17,474,2010,0.18
83,2,17,474,2011,0.18
83,2,17,474,2012,0.19
83,2,17,474,2013,0.19
83,2,17,474,2014,0.19
83,2,17,474,2015,0.19
83,2,17,474,2016,0.2
83,2,17,474,2017,0.19
83,2,18,474,1990,0.37
83,2,18,474,1991,0.38
83,2,18,474,1992,0.39
83,2,18,474,1993,0.38
83,2,18,474,1994,0.36
83,2,18,474,1995,0.36
83,2,18,474,1996,0.38
83,2,18,474,1997,0.4
83,2,18,474,1998,0.39
83,2,18,474,1999,0.38
83,2,18,474,2000,0.36
83,2,18,474,2001,0.34
83,2,18,474,2002,0.33
83,2,18,474,2003,0.32
83,2,18,474,2004,0.3
83,2,18,474,2005,0.29
83,2,18,474,2006,0.27
83,2,18,474,2007,0.26
83,2,18,474,2008,0.26
83,2,18,474,2009,0.27
83,2,18,474,2010,0.27
83,2,18,474,2011,0.28
83,2,18,474,2012,0.28
83,2,18,474,2013,0.28
83,2,18,474,2014,0.29
83,2,18,474,2015,0.3
83,2,18,474,2016,0.3
83,2,18,474,2017,0.29
83,2,19,474,1990,0.56
83,2,19,474,1991,0.57
83,2,19,474,1992,0.6
83,2,19,474,1993,0.61
83,2,19,474,1994,0.61
83,2,19,474,1995,0.59
83,2,19,474,1996,0.58
83,2,19,474,1997,0.58
83,2,19,474,1998,0.57
83,2,19,474,1999,0.56
83,2,19,474,2000,0.56
83,2,19,474,2001,0.58
83,2,19,474,2002,0.56
83,2,19,474,2003,0.54
83,2,19,474,2004,0.52
83,2,19,474,2005,0.5
83,2,19,474,2006,0.46
83,2,19,474,2007,0.43
83,2,19,474,2008,0.41
83,2,19,474,2009,0.39
83,2,19,474,2010,0.37
83,2,19,474,2011,0.36
83,2,19,474,2012,0.36
83,2,19,474,2013,0.37
83,2,19,474,2014,0.38
83,2,19,474,2015,0.4
83,2,19,474,2016,0.41
83,2,19,474,2017,0.4
83,2,20,474,1990,0.72
83,2,20,474,1991,0.75
83,2,20,474,1992,0.76
83,2,20,474,1993,0.79
83,2,20,474,1994,0.8
83,2,20,474,1995,0.8
83,2,20,474,1996,0.81
83,2,20,474,1997,0.83
83,2,20,474,1998,0.84
83,2,20,474,1999,0.83
83,2,20,474,2000,0.84
83,2,20,474,2001,0.84
83,2,20,474,2002,0.84
83,2,20,474,2003,0.82
83,2,20,474,2004,0.8
83,2,20,474,2005,0.79
83,2,20,474,2006,0.79
83,2,20,474,2007,0.76
83,2,20,474,2008,0.73
83,2,20,474,2009,0.7
83,2,20,474,2010,0.67
83,2,20,474,2011,0.63
83,2,20,474,2012,0.61
83,2,20,474,2013,0.59
83,2,20,474,2014,0.58
83,2,20,474,2015,0.56
83,2,20,474,2016,0.56
83,2,20,474,2017,0.52
83,2,22,474,1990,4.04
83,2,22,474,1991,4.16
83,2,22,474,1992,4.27
83,2,22,474,1993,4.34
83,2,22,474,1994,4.36
83,2,22,474,1995,4.41
83,2,22,474,1996,4.46
83,2,22,474,1997,4.5
83,2,22,474,1998,4.49
83,2,22,474,1999,4.49
83,2,22,474,2000,4.52
83,2,22,474,2001,4.56
83,2,22,474,2002,4.58
83,2,22,474,2003,4.58
83,2,22,474,2004,4.56
83,2,22,474,2005,4.54
83,2,22,474,2006,4.48
83,2,22,474,2007,4.43
83,2,22,474,2008,4.41
83,2,22,474,2009,4.37
83,2,22,474,2010,4.34
83,2,22,474,2011,4.36
83,2,22,474,2012,4.39
83,2,22,474,2013,4.43
83,2,22,474,2014,4.46
83,2,22,474,2015,4.47
83,2,22,474,2016,4.51
83,2,22,474,2017,4.31
83,2,30,474,1990,0.78
83,2,30,474,1991,0.8
83,2,30,474,1992,0.83
83,2,30,474,1993,0.86
83,2,30,474,1994,0.88
83,2,30,474,1995,0.9
83,2,30,474,1996,0.93
83,2,30,474,1997,0.94
83,2,30,474,1998,0.94
83,2,30,474,1999,0.93
83,2,30,474,2000,0.94
83,2,30,474,2001,0.97
83,2,30,474,2002,1
83,2,30,474,2003,1.01
83,2,30,474,2004,1.03
83,2,30,474,2005,1.03
83,2,30,474,2006,1
83,2,30,474,2007,0.98
83,2,30,474,2008,0.97
83,2,30,474,2009,0.94
83,2,30,474,2010,0.93
83,2,30,474,2011,0.94
83,2,30,474,2012,0.91
83,2,30,474,2013,0.9
83,2,30,474,2014,0.87
83,2,30,474,2015,0.84
83,2,30,474,2016,0.81
83,2,30,474,2017,0.75
83,2,31,474,1990,0.65
83,2,31,474,1991,0.65
83,2,31,474,1992,0.68
83,2,31,474,1993,0.7
83,2,31,474,1994,0.71
83,2,31,474,1995,0.73
83,2,31,474,1996,0.73
83,2,31,474,1997,0.74
83,2,31,474,1998,0.74
83,2,31,474,1999,0.75
83,2,31,474,2000,0.77
83,2,31,474,2001,0.8
83,2,31,474,2002,0.79
83,2,31,474,2003,0.81
83,2,31,474,2004,0.81
83,2,31,474,2005,0.81
83,2,31,474,2006,0.83
83,2,31,474,2007,0.85
83,2,31,474,2008,0.87
83,2,31,474,2009,0.9
83,2,31,474,2010,0.91
83,2,31,474,2011,0.91
83,2,31,474,2012,0.93
83,2,31,474,2013,0.93
83,2,31,474,2014,0.92
83,2,31,474,2015,0.93
83,2,31,474,2016,0.94
83,2,31,474,2017,0.88
83,2,32,474,1990,0.32
83,2,32,474,1991,0.33
83,2,32,474,1992,0.33
83,2,32,474,1993,0.34
83,2,32,474,1994,0.35
83,2,32,474,1995,0.37
83,2,32,474,1996,0.38
83,2,32,474,1997,0.38
83,2,32,474,1998,0.39
83,2,32,474,1999,0.4
83,2,32,474,2000,0.41
83,2,32,474,2001,0.41
83,2,32,474,2002,0.42
83,2,32,474,2003,0.45
83,2,32,474,2004,0.46
83,2,32,474,2005,0.47
83,2,32,474,2006,0.49
83,2,32,474,2007,0.49
83,2,32,474,2008,0.51
83,2,32,474,2009,0.52
83,2,32,474,2010,0.52
83,2,32,474,2011,0.55
83,2,32,474,2012,0.6
83,2,32,474,2013,0.63
83,2,32,474,2014,0.68
83,2,32,474,2015,0.69
83,2,32,474,2016,0.7
83,2,32,474,2017,0.69
83,2,235,474,1990,0.09
83,2,235,474,1991,0.1
83,2,235,474,1992,0.1
83,2,235,474,1993,0.11
83,2,235,474,1994,0.11
83,2,235,474,1995,0.11
83,2,235,474,1996,0.12
83,2,235,474,1997,0.12
83,2,235,474,1998,0.12
83,2,235,474,1999,0.13
83,2,235,474,2000,0.13
83,2,235,474,2001,0.14
83,2,235,474,2002,0.15
83,2,235,474,2003,0.16
83,2,235,474,2004,0.17
83,2,235,474,2005,0.17
83,2,235,474,2006,0.17
83,2,235,474,2007,0.19
83,2,235,474,2008,0.2
83,2,235,474,2009,0.21
83,2,235,474,2010,0.22
83,2,235,474,2011,0.23
83,2,235,474,2012,0.25
83,2,235,474,2013,0.27
83,2,235,474,2014,0.29
83,2,235,474,2015,0.3
83,2,235,474,2016,0.32
83,2,235,474,2017,0.33
84,2,8,474,1990,0.02
84,2,8,474,1991,0.02
84,2,8,474,1992,0.02
84,2,8,474,1993,0.02
84,2,8,474,1994,0.02
84,2,8,474,1995,0.02
84,2,8,474,1996,0.02
84,2,8,474,1997,0.02
84,2,8,474,1998,0.02
84,2,8,474,1999,0.02
84,2,8,474,2000,0.02
84,2,8,474,2001,0.02
84,2,8,474,2002,0.02
84,2,8,474,2003,0.01
84,2,8,474,2004,0.01
84,2,8,474,2005,0.01
84,2,8,474,2006,0.01
84,2,8,474,2007,0.01
84,2,8,474,2008,0.01
84,2,8,474,2009,0.01
84,2,8,474,2010,0.01
84,2,8,474,2011,0.01
84,2,8,474,2012,0.01
84,2,8,474,2013,0.01
84,2,8,474,2014,0.01
84,2,8,474,2015,0.01
84,2,8,474,2016,0.01
84,2,8,474,2017,0.01
84,2,9,474,1990,0.02
84,2,9,474,1991,0.02
84,2,9,474,1992,0.02
84,2,9,474,1993,0.02
84,2,9,474,1994,0.03
84,2,9,474,1995,0.03
84,2,9,474,1996,0.02
84,2,9,474,1997,0.02
84,2,9,474,1998,0.03
84,2,9,474,1999,0.03
84,2,9,474,2000,0.03
84,2,9,474,2001,0.03
84,2,9,474,2002,0.03
84,2,9,474,2003,0.03
84,2,9,474,2004,0.03
84,2,9,474,2005,0.03
84,2,9,474,2006,0.03
84,2,9,474,2007,0.03
84,2,9,474,2008,0.03
84,2,9,474,2009,0.03
84,2,9,474,2010,0.02
84,2,9,474,2011,0.02
84,2,9,474,2012,0.02
84,2,9,474,2013,0.02
84,2,9,474,2014,0.02
84,2,9,474,2015,0.02
84,2,9,474,2016,0.02
84,2,9,474,2017,0.02
84,2,10,474,1990,0.06
84,2,10,474,1991,0.05
84,2,10,474,1992,0.05
84,2,10,474,1993,0.05
84,2,10,474,1994,0.05
84,2,10,474,1995,0.05
84,2,10,474,1996,0.05
84,2,10,474,1997,0.05
84,2,10,474,1998,0.04
84,2,10,474,1999,0.05
84,2,10,474,2000,0.05
84,2,10,474,2001,0.05
84,2,10,474,2002,0.05
84,2,10,474,2003,0.05
84,2,10,474,2004,0.06
84,2,10,474,2005,0.06
84,2,10,474,2006,0.07
84,2,10,474,2007,0.07
84,2,10,474,2008,0.08
84,2,10,474,2009,0.08
84,2,10,474,2010,0.07
84,2,10,474,2011,0.07
84,2,10,474,2012,0.06
84,2,10,474,2013,0.06
84,2,10,474,2014,0.06
84,2,10,474,2015,0.05
84,2,10,474,2016,0.05
84,2,10,474,2017,0.04
84,2,11,474,1990,0.13
84,2,11,474,1991,0.12
84,2,11,474,1992,0.12
84,2,11,474,1993,0.12
84,2,11,474,1994,0.11
84,2,11,474,1995,0.12
84,2,11,474,1996,0.12
84,2,11,474,1997,0.12
84,2,11,474,1998,0.12
84,2,11,474,1999,0.11
84,2,11,474,2000,0.11
84,2,11,474,2001,0.11
84,2,11,474,2002,0.11
84,2,11,474,2003,0.12
84,2,11,474,2004,0.12
84,2,11,474,2005,0.13
84,2,11,474,2006,0.13
84,2,11,474,2007,0.13
84,2,11,474,2008,0.14
84,2,11,474,2009,0.16
84,2,11,474,2010,0.16
84,2,11,474,2011,0.18
84,2,11,474,2012,0.18
84,2,11,474,2013,0.18
84,2,11,474,2014,0.19
84,2,11,474,2015,0.18
84,2,11,474,2016,0.17
84,2,11,474,2017,0.16
84,2,12,474,1990,0.24
84,2,12,474,1991,0.22
84,2,12,474,1992,0.23
84,2,12,474,1993,0.22
84,2,12,474,1994,0.21
84,2,12,474,1995,0.2
84,2,12,474,1996,0.2
84,2,12,474,1997,0.22
84,2,12,474,1998,0.21
84,2,12,474,1999,0.22
84,2,12,474,2000,0.25
84,2,12,474,2001,0.26
84,2,12,474,2002,0.23
84,2,12,474,2003,0.23
84,2,12,474,2004,0.22
84,2,12,474,2005,0.22
84,2,12,474,2006,0.23
84,2,12,474,2007,0.24
84,2,12,474,2008,0.28
84,2,12,474,2009,0.29
84,2,12,474,2010,0.27
84,2,12,474,2011,0.29
84,2,12,474,2012,0.29
84,2,12,474,2013,0.26
84,2,12,474,2014,0.27
84,2,12,474,2015,0.27
84,2,12,474,2016,0.26
84,2,12,474,2017,0.26
84,2,13,474,1990,0.26
84,2,13,474,1991,0.28
84,2,13,474,1992,0.3
84,2,13,474,1993,0.3
84,2,13,474,1994,0.31
84,2,13,474,1995,0.31
84,2,13,474,1996,0.3
84,2,13,474,1997,0.33
84,2,13,474,1998,0.32
84,2,13,474,1999,0.33
84,2,13,474,2000,0.36
84,2,13,474,2001,0.34
84,2,13,474,2002,0.31
84,2,13,474,2003,0.32
84,2,13,474,2004,0.35
84,2,13,474,2005,0.35
84,2,13,474,2006,0.36
84,2,13,474,2007,0.34
84,2,13,474,2008,0.37
84,2,13,474,2009,0.37
84,2,13,474,2010,0.37
84,2,13,474,2011,0.41
84,2,13,474,2012,0.4
84,2,13,474,2013,0.35
84,2,13,474,2014,0.35
84,2,13,474,2015,0.36
84,2,13,474,2016,0.35
84,2,13,474,2017,0.35
84,2,14,474,1990,0.48
84,2,14,474,1991,0.49
84,2,14,474,1992,0.56
84,2,14,474,1993,0.56
84,2,14,474,1994,0.58
84,2,14,474,1995,0.59
84,2,14,474,1996,0.58
84,2,14,474,1997,0.61
84,2,14,474,1998,0.59
84,2,14,474,1999,0.61
84,2,14,474,2000,0.65
84,2,14,474,2001,0.62
84,2,14,474,2002,0.57
84,2,14,474,2003,0.57
84,2,14,474,2004,0.61
84,2,14,474,2005,0.68
84,2,14,474,2006,0.69
84,2,14,474,2007,0.67
84,2,14,474,2008,0.77
84,2,14,474,2009,0.79
84,2,14,474,2010,0.73
84,2,14,474,2011,0.73
84,2,14,474,2012,0.69
84,2,14,474,2013,0.64
84,2,14,474,2014,0.63
84,2,14,474,2015,0.64
84,2,14,474,2016,0.64
84,2,14,474,2017,0.65
84,2,15,474,1990,0.78
84,2,15,474,1991,0.75
84,2,15,474,1992,0.8
84,2,15,474,1993,0.84
84,2,15,474,1994,0.91
84,2,15,474,1995,0.92
84,2,15,474,1996,0.93
84,2,15,474,1997,1.01
84,2,15,474,1998,1.01
84,2,15,474,1999,1.06
84,2,15,474,2000,1.13
84,2,15,474,2001,1.16
84,2,15,474,2002,1.06
84,2,15,474,2003,1.1
84,2,15,474,2004,1.1
84,2,15,474,2005,1.1
84,2,15,474,2006,1.13
84,2,15,474,2007,1.09
84,2,15,474,2008,1.14
84,2,15,474,2009,1.15
84,2,15,474,2010,1.09
84,2,15,474,2011,1.15
84,2,15,474,2012,1.21
84,2,15,474,2013,1.22
84,2,15,474,2014,1.19
84,2,15,474,2015,1.22
84,2,15,474,2016,1.23
84,2,15,474,2017,1.23
84,2,16,474,1990,1.46
84,2,16,474,1991,1.38
84,2,16,474,1992,1.5
84,2,16,474,1993,1.5
84,2,16,474,1994,1.56
84,2,16,474,1995,1.52
84,2,16,474,1996,1.46
84,2,16,474,1997,1.5
84,2,16,474,1998,1.5
84,2,16,474,1999,1.6
84,2,16,474,2000,1.6
84,2,16,474,2001,1.58
84,2,16,474,2002,1.62
84,2,16,474,2003,1.84
84,2,16,474,2004,1.86
84,2,16,474,2005,1.8
84,2,16,474,2006,1.89
84,2,16,474,2007,1.8
84,2,16,474,2008,1.86
84,2,16,474,2009,1.89
84,2,16,474,2010,1.78
84,2,16,474,2011,1.95
84,2,16,474,2012,1.99
84,2,16,474,2013,1.94
84,2,16,474,2014,2
84,2,16,474,2015,2.12
84,2,16,474,2016,2.14
84,2,16,474,2017,2.15
84,2,17,474,1990,2.84
84,2,17,474,1991,2.7
84,2,17,474,1992,2.73
84,2,17,474,1993,2.7
84,2,17,474,1994,2.74
84,2,17,474,1995,2.66
84,2,17,474,1996,2.59
84,2,17,474,1997,2.83
84,2,17,474,1998,2.73
84,2,17,474,1999,2.66
84,2,17,474,2000,2.64
84,2,17,474,2001,2.51
84,2,17,474,2002,2.45
84,2,17,474,2003,2.71
84,2,17,474,2004,2.67
84,2,17,474,2005,2.63
84,2,17,474,2006,2.87
84,2,17,474,2007,2.89
84,2,17,474,2008,3.06
84,2,17,474,2009,3.15
84,2,17,474,2010,3.08
84,2,17,474,2011,3.33
84,2,17,474,2012,3.29
84,2,17,474,2013,3.26
84,2,17,474,2014,3.3
84,2,17,474,2015,3.25
84,2,17,474,2016,3.16
84,2,17,474,2017,3.18
84,2,18,474,1990,5.59
84,2,18,474,1991,5.37
84,2,18,474,1992,5.6
84,2,18,474,1993,5.52
84,2,18,474,1994,5.58
84,2,18,474,1995,5.58
84,2,18,474,1996,5.3
84,2,18,474,1997,5.23
84,2,18,474,1998,4.94
84,2,18,474,1999,4.95
84,2,18,474,2000,4.82
84,2,18,474,2001,4.51
84,2,18,474,2002,4.44
84,2,18,474,2003,4.56
84,2,18,474,2004,4.61
84,2,18,474,2005,4.64
84,2,18,474,2006,4.6
84,2,18,474,2007,4.33
84,2,18,474,2008,4.6
84,2,18,474,2009,4.66
84,2,18,474,2010,4.75
84,2,18,474,2011,5.21
84,2,18,474,2012,5.36
84,2,18,474,2013,5.46
84,2,18,474,2014,5.9
84,2,18,474,2015,6.06
84,2,18,474,2016,6.03
84,2,18,474,2017,6.06
84,2,19,474,1990,7.4
84,2,19,474,1991,7.48
84,2,19,474,1992,8
84,2,19,474,1993,8.36
84,2,19,474,1994,8.77
84,2,19,474,1995,8.67
84,2,19,474,1996,8.73
84,2,19,474,1997,8.94
84,2,19,474,1998,8.27
84,2,19,474,1999,7.98
84,2,19,474,2000,7.8
84,2,19,474,2001,7.24
84,2,19,474,2002,6.73
84,2,19,474,2003,6.9
84,2,19,474,2004,6.75
84,2,19,474,2005,6.44
84,2,19,474,2006,6.44
84,2,19,474,2007,6.6
84,2,19,474,2008,6.62
84,2,19,474,2009,6.81
84,2,19,474,2010,6.77
84,2,19,474,2011,7.08
84,2,19,474,2012,7.15
84,2,19,474,2013,7.42
84,2,19,474,2014,8.07
84,2,19,474,2015,8.36
84,2,19,474,2016,8.58
84,2,19,474,2017,8.89
84,2,20,474,1990,11.53
84,2,20,474,1991,11.03
84,2,20,474,1992,11.65
84,2,20,474,1993,11.06
84,2,20,474,1994,11.34
84,2,20,474,1995,10.92
84,2,20,474,1996,10.87
84,2,20,474,1997,10.96
84,2,20,474,1998,11.03
84,2,20,474,1999,11.37
84,2,20,474,2000,11.37
84,2,20,474,2001,11.01
84,2,20,474,2002,10.38
84,2,20,474,2003,10.67
84,2,20,474,2004,10.44
84,2,20,474,2005,10.24
84,2,20,474,2006,10.51
84,2,20,474,2007,10.47
84,2,20,474,2008,10.72
84,2,20,474,2009,10.72
84,2,20,474,2010,10.59
84,2,20,474,2011,11.37
84,2,20,474,2012,11.35
84,2,20,474,2013,11.61
84,2,20,474,2014,12.15
84,2,20,474,2015,12.32
84,2,20,474,2016,12.29
84,2,20,474,2017,12.27
84,2,22,474,1990,50.19
84,2,22,474,1991,49.75
84,2,22,474,1992,53.26
84,2,22,474,1993,54.39
84,2,22,474,1994,56.82
84,2,22,474,1995,55.7
84,2,22,474,1996,55.14
84,2,22,474,1997,56.16
84,2,22,474,1998,54.11
84,2,22,474,1999,55.83
84,2,22,474,2000,56.34
84,2,22,474,2001,54.68
84,2,22,474,2002,53.23
84,2,22,474,2003,55.57
84,2,22,474,2004,55.91
84,2,22,474,2005,57.07
84,2,22,474,2006,58.94
84,2,22,474,2007,58.69
84,2,22,474,2008,61.86
84,2,22,474,2009,63.18
84,2,22,474,2010,63.75
84,2,22,474,2011,69.16
84,2,22,474,2012,71.04
84,2,22,474,2013,72
84,2,22,474,2014,74.58
84,2,22,474,2015,75.18
84,2,22,474,2016,74.94
84,2,22,474,2017,75.45
84,2,30,474,1990,9.78
84,2,30,474,1991,9.83
84,2,30,474,1992,10.94
84,2,30,474,1993,11.99
84,2,30,474,1994,12.78
84,2,30,474,1995,12.62
84,2,30,474,1996,12.5
84,2,30,474,1997,12.53
84,2,30,474,1998,11.6
84,2,30,474,1999,11.94
84,2,30,474,2000,11.96
84,2,30,474,2001,11.89
84,2,30,474,2002,11.69
84,2,30,474,2003,12.54
84,2,30,474,2004,12.63
84,2,30,474,2005,13.25
84,2,30,474,2006,13.55
84,2,30,474,2007,13.44
84,2,30,474,2008,13.83
84,2,30,474,2009,13.96
84,2,30,474,2010,13.69
84,2,30,474,2011,14.53
84,2,30,474,2012,14.65
84,2,30,474,2013,14.8
84,2,30,474,2014,15.16
84,2,30,474,2015,15.08
84,2,30,474,2016,14.85
84,2,30,474,2017,14.93
84,2,31,474,1990,6.7
84,2,31,474,1991,6.84
84,2,31,474,1992,7.43
84,2,31,474,1993,7.69
84,2,31,474,1994,8.2
84,2,31,474,1995,7.9
84,2,31,474,1996,7.92
84,2,31,474,1997,8.19
84,2,31,474,1998,8.2
84,2,31,474,1999,9
84,2,31,474,2000,9.39
84,2,31,474,2001,9.05
84,2,31,474,2002,9
84,2,31,474,2003,8.98
84,2,31,474,2004,9.17
84,2,31,474,2005,9.69
84,2,31,474,2006,10.29
84,2,31,474,2007,10.22
84,2,31,474,2008,11.5
84,2,31,474,2009,11.87
84,2,31,474,2010,12.51
84,2,31,474,2011,13.76
84,2,31,474,2012,14.46
84,2,31,474,2013,14.36
84,2,31,474,2014,14.71
84,2,31,474,2015,14.48
84,2,31,474,2016,14.25
84,2,31,474,2017,14.17
84,2,32,474,1990,2.43
84,2,32,474,1991,2.68
84,2,32,474,1992,2.82
84,2,32,474,1993,2.95
84,2,32,474,1994,3.12
84,2,32,474,1995,3.08
84,2,32,474,1996,2.99
84,2,32,474,1997,3.04
84,2,32,474,1998,2.92
84,2,32,474,1999,3.27
84,2,32,474,2000,3.48
84,2,32,474,2001,3.58
84,2,32,474,2002,3.76
84,2,32,474,2003,4.07
84,2,32,474,2004,4.34
84,2,32,474,2005,4.75
84,2,32,474,2006,4.95
84,2,32,474,2007,5.09
84,2,32,474,2008,5.39
84,2,32,474,2009,5.67
84,2,32,474,2010,6.08
84,2,32,474,2011,7.04
84,2,32,474,2012,7.66
84,2,32,474,2013,8.08
84,2,32,474,2014,8.13
84,2,32,474,2015,8.21
84,2,32,474,2016,8.22
84,2,32,474,2017,8.29
84,2,235,474,1990,0.46
84,2,235,474,1991,0.46
84,2,235,474,1992,0.5
84,2,235,474,1993,0.5
84,2,235,474,1994,0.51
84,2,235,474,1995,0.51
84,2,235,474,1996,0.55
84,2,235,474,1997,0.56
84,2,235,474,1998,0.58
84,2,235,474,1999,0.63
84,2,235,474,2000,0.69
84,2,235,474,2001,0.74
84,2,235,474,2002,0.78
84,2,235,474,2003,0.86
84,2,235,474,2004,0.92
84,2,235,474,2005,1.04
84,2,235,474,2006,1.18
84,2,235,474,2007,1.28
84,2,235,474,2008,1.46
84,2,235,474,2009,1.59
84,2,235,474,2010,1.77
84,2,235,474,2011,2.02
84,2,235,474,2012,2.23
84,2,235,474,2013,2.31
84,2,235,474,2014,2.46
84,2,235,474,2015,2.56
84,2,235,474,2016,2.69
84,2,235,474,2017,2.78
85,2,8,474,1990,0.02
85,2,8,474,1991,0.03
85,2,8,474,1992,0.03
85,2,8,474,1993,0.03
85,2,8,474,1994,0.03
85,2,8,474,1995,0.03
85,2,8,474,1996,0.03
85,2,8,474,1997,0.03
85,2,8,474,1998,0.03
85,2,8,474,1999,0.03
85,2,8,474,2000,0.03
85,2,8,474,2001,0.03
85,2,8,474,2002,0.03
85,2,8,474,2003,0.03
85,2,8,474,2004,0.03
85,2,8,474,2005,0.03
85,2,8,474,2006,0.03
85,2,8,474,2007,0.03
85,2,8,474,2008,0.03
85,2,8,474,2009,0.03
85,2,8,474,2010,0.03
85,2,8,474,2011,0.03
85,2,8,474,2012,0.03
85,2,8,474,2013,0.03
85,2,8,474,2014,0.03
85,2,8,474,2015,0.03
85,2,8,474,2016,0.03
85,2,8,474,2017,0.03
85,2,9,474,1990,0.02
85,2,9,474,1991,0.02
85,2,9,474,1992,0.02
85,2,9,474,1993,0.02
85,2,9,474,1994,0.02
85,2,9,474,1995,0.03
85,2,9,474,1996,0.03
85,2,9,474,1997,0.03
85,2,9,474,1998,0.03
85,2,9,474,1999,0.03
85,2,9,474,2000,0.03
85,2,9,474,2001,0.03
85,2,9,474,2002,0.03
85,2,9,474,2003,0.03
85,2,9,474,2004,0.03
85,2,9,474,2005,0.03
85,2,9,474,2006,0.03
85,2,9,474,2007,0.03
85,2,9,474,2008,0.03
85,2,9,474,2009,0.03
85,2,9,474,2010,0.03
85,2,9,474,2011,0.03
85,2,9,474,2012,0.03
85,2,9,474,2013,0.03
85,2,9,474,2014,0.03
85,2,9,474,2015,0.03
85,2,9,474,2016,0.03
85,2,9,474,2017,0.03
85,2,10,474,1990,0.02
85,2,10,474,1991,0.02
85,2,10,474,1992,0.02
85,2,10,474,1993,0.02
85,2,10,474,1994,0.02
85,2,10,474,1995,0.02
85,2,10,474,1996,0.02
85,2,10,474,1997,0.02
85,2,10,474,1998,0.02
85,2,10,474,1999,0.02
85,2,10,474,2000,0.03
85,2,10,474,2001,0.03
85,2,10,474,2002,0.03
85,2,10,474,2003,0.03
85,2,10,474,2004,0.03
85,2,10,474,2005,0.03
85,2,10,474,2006,0.03
85,2,10,474,2007,0.03
85,2,10,474,2008,0.03
85,2,10,474,2009,0.03
85,2,10,474,2010,0.03
85,2,10,474,2011,0.03
85,2,10,474,2012,0.03
85,2,10,474,2013,0.03
85,2,10,474,2014,0.03
85,2,10,474,2015,0.03
85,2,10,474,2016,0.03
85,2,10,474,2017,0.03
85,2,11,474,1990,0.05
85,2,11,474,1991,0.05
85,2,11,474,1992,0.06
85,2,11,474,1993,0.06
85,2,11,474,1994,0.05
85,2,11,474,1995,0.06
85,2,11,474,1996,0.07
85,2,11,474,1997,0.07
85,2,11,474,1998,0.07
85,2,11,474,1999,0.08
85,2,11,474,2000,0.08
85,2,11,474,2001,0.08
85,2,11,474,2002,0.08
85,2,11,474,2003,0.08
85,2,11,474,2004,0.08
85,2,11,474,2005,0.09
85,2,11,474,2006,0.08
85,2,11,474,2007,0.08
85,2,11,474,2008,0.08
85,2,11,474,2009,0.08
85,2,11,474,2010,0.08
85,2,11,474,2011,0.08
85,2,11,474,2012,0.08
85,2,11,474,2013,0.08
85,2,11,474,2014,0.08
85,2,11,474,2015,0.07
85,2,11,474,2016,0.08
85,2,11,474,2017,0.08
85,2,12,474,1990,0.12
85,2,12,474,1991,0.12
85,2,12,474,1992,0.12
85,2,12,474,1993,0.11
85,2,12,474,1994,0.11
85,2,12,474,1995,0.13
85,2,12,474,1996,0.14
85,2,12,474,1997,0.14
85,2,12,474,1998,0.15
85,2,12,474,1999,0.15
85,2,12,474,2000,0.17
85,2,12,474,2001,0.16
85,2,12,474,2002,0.16
85,2,12,474,2003,0.17
85,2,12,474,2004,0.16
85,2,12,474,2005,0.17
85,2,12,474,2006,0.16
85,2,12,474,2007,0.17
85,2,12,474,2008,0.17
85,2,12,474,2009,0.18
85,2,12,474,2010,0.18
85,2,12,474,2011,0.19
85,2,12,474,2012,0.18
85,2,12,474,2013,0.18
85,2,12,474,2014,0.18
85,2,12,474,2015,0.17
85,2,12,474,2016,0.19
85,2,12,474,2017,0.2
85,2,13,474,1990,0.21
85,2,13,474,1991,0.21
85,2,13,474,1992,0.21
85,2,13,474,1993,0.21
85,2,13,474,1994,0.22
85,2,13,474,1995,0.23
85,2,13,474,1996,0.23
85,2,13,474,1997,0.22
85,2,13,474,1998,0.22
85,2,13,474,1999,0.22
85,2,13,474,2000,0.22
85,2,13,474,2001,0.22
85,2,13,474,2002,0.25
85,2,13,474,2003,0.24
85,2,13,474,2004,0.23
85,2,13,474,2005,0.26
85,2,13,474,2006,0.25
85,2,13,474,2007,0.23
85,2,13,474,2008,0.22
85,2,13,474,2009,0.24
85,2,13,474,2010,0.23
85,2,13,474,2011,0.24
85,2,13,474,2012,0.23
85,2,13,474,2013,0.23
85,2,13,474,2014,0.24
85,2,13,474,2015,0.26
85,2,13,474,2016,0.29
85,2,13,474,2017,0.3
85,2,14,474,1990,0.29
85,2,14,474,1991,0.32
85,2,14,474,1992,0.36
85,2,14,474,1993,0.4
85,2,14,474,1994,0.43
85,2,14,474,1995,0.46
85,2,14,474,1996,0.52
85,2,14,474,1997,0.55
85,2,14,474,1998,0.54
85,2,14,474,1999,0.56
85,2,14,474,2000,0.56
85,2,14,474,2001,0.58
85,2,14,474,2002,0.59
85,2,14,474,2003,0.57
85,2,14,474,2004,0.57
85,2,14,474,2005,0.61
85,2,14,474,2006,0.58
85,2,14,474,2007,0.58
85,2,14,474,2008,0.61
85,2,14,474,2009,0.6
85,2,14,474,2010,0.54
85,2,14,474,2011,0.56
85,2,14,474,2012,0.53
85,2,14,474,2013,0.55
85,2,14,474,2014,0.56
85,2,14,474,2015,0.55
85,2,14,474,2016,0.56
85,2,14,474,2017,0.58
85,2,15,474,1990,0.75
85,2,15,474,1991,0.78
85,2,15,474,1992,0.76
85,2,15,474,1993,0.73
85,2,15,474,1994,0.72
85,2,15,474,1995,0.77
85,2,15,474,1996,0.88
85,2,15,474,1997,1.06
85,2,15,474,1998,1.2
85,2,15,474,1999,1.4
85,2,15,474,2000,1.47
85,2,15,474,2001,1.48
85,2,15,474,2002,1.48
85,2,15,474,2003,1.45
85,2,15,474,2004,1.42
85,2,15,474,2005,1.45
85,2,15,474,2006,1.41
85,2,15,474,2007,1.47
85,2,15,474,2008,1.45
85,2,15,474,2009,1.44
85,2,15,474,2010,1.42
85,2,15,474,2011,1.54
85,2,15,474,2012,1.42
85,2,15,474,2013,1.53
85,2,15,474,2014,1.48
85,2,15,474,2015,1.47
85,2,15,474,2016,1.41
85,2,15,474,2017,1.38
85,2,16,474,1990,1.19
85,2,16,474,1991,1.24
85,2,16,474,1992,1.27
85,2,16,474,1993,1.33
85,2,16,474,1994,1.35
85,2,16,474,1995,1.45
85,2,16,474,1996,1.42
85,2,16,474,1997,1.38
85,2,16,474,1998,1.3
85,2,16,474,1999,1.3
85,2,16,474,2000,1.4
85,2,16,474,2001,1.52
85,2,16,474,2002,1.78
85,2,16,474,2003,1.99
85,2,16,474,2004,2.05
85,2,16,474,2005,2.34
85,2,16,474,2006,2.39
85,2,16,474,2007,2.51
85,2,16,474,2008,2.57
85,2,16,474,2009,2.74
85,2,16,474,2010,2.47
85,2,16,474,2011,2.55
85,2,16,474,2012,2.42
85,2,16,474,2013,2.51
85,2,16,474,2014,2.48
85,2,16,474,2015,2.42
85,2,16,474,2016,2.44
85,2,16,474,2017,2.47
85,2,17,474,1990,2.53
85,2,17,474,1991,2.59
85,2,17,474,1992,2.6
85,2,17,474,1993,2.7
85,2,17,474,1994,2.65
85,2,17,474,1995,2.81
85,2,17,474,1996,2.97
85,2,17,474,1997,2.99
85,2,17,474,1998,3
85,2,17,474,1999,2.96
85,2,17,474,2000,3.12
85,2,17,474,2001,3.01
85,2,17,474,2002,3.02
85,2,17,474,2003,2.91
85,2,17,474,2004,2.82
85,2,17,474,2005,3.03
85,2,17,474,2006,3.1
85,2,17,474,2007,3.54
85,2,17,474,2008,3.95
85,2,17,474,2009,4.35
85,2,17,474,2010,4.31
85,2,17,474,2011,4.57
85,2,17,474,2012,4.47
85,2,17,474,2013,4.74
85,2,17,474,2014,4.62
85,2,17,474,2015,4.52
85,2,17,474,2016,4.58
85,2,17,474,2017,4.61
85,2,18,474,1990,4.89
85,2,18,474,1991,5.11
85,2,18,474,1992,5.42
85,2,18,474,1993,5.56
85,2,18,474,1994,5.51
85,2,18,474,1995,5.78
85,2,18,474,1996,5.83
85,2,18,474,1997,5.59
85,2,18,474,1998,5.83
85,2,18,474,1999,5.98
85,2,18,474,2000,6.31
85,2,18,474,2001,6.44
85,2,18,474,2002,6.39
85,2,18,474,2003,6.47
85,2,18,474,2004,6.32
85,2,18,474,2005,6.53
85,2,18,474,2006,5.84
85,2,18,474,2007,5.71
85,2,18,474,2008,5.44
85,2,18,474,2009,5.5
85,2,18,474,2010,5.37
85,2,18,474,2011,5.61
85,2,18,474,2012,6.23
85,2,18,474,2013,6.92
85,2,18,474,2014,7.32
85,2,18,474,2015,7.79
85,2,18,474,2016,7.99
85,2,18,474,2017,7.98
85,2,19,474,1990,5.89
85,2,19,474,1991,6.2
85,2,19,474,1992,6.93
85,2,19,474,1993,7.69
85,2,19,474,1994,8.39
85,2,19,474,1995,9.5
85,2,19,474,1996,10.15
85,2,19,474,1997,10.24
85,2,19,474,1998,10.29
85,2,19,474,1999,10.49
85,2,19,474,2000,10.63
85,2,19,474,2001,10.35
85,2,19,474,2002,10.57
85,2,19,474,2003,10.21
85,2,19,474,2004,9.47
85,2,19,474,2005,10.02
85,2,19,474,2006,9.86
85,2,19,474,2007,10.02
85,2,19,474,2008,10.42
85,2,19,474,2009,10.68
85,2,19,474,2010,10.5
85,2,19,474,2011,10.31
85,2,19,474,2012,9.83
85,2,19,474,2013,9.38
85,2,19,474,2014,8.72
85,2,19,474,2015,8.41
85,2,19,474,2016,9.06
85,2,19,474,2017,10.23
85,2,20,474,1990,9.62
85,2,20,474,1991,9.89
85,2,20,474,1992,9.84
85,2,20,474,1993,9.63
85,2,20,474,1994,9.14
85,2,20,474,1995,10
85,2,20,474,1996,10.83
85,2,20,474,1997,11.59
85,2,20,474,1998,12.01
85,2,20,474,1999,13.88
85,2,20,474,2000,14.94
85,2,20,474,2001,15.85
85,2,20,474,2002,16.2
85,2,20,474,2003,16.29
85,2,20,474,2004,15.56
85,2,20,474,2005,15.66
85,2,20,474,2006,14.73
85,2,20,474,2007,14.91
85,2,20,474,2008,15.45
85,2,20,474,2009,15.46
85,2,20,474,2010,14.78
85,2,20,474,2011,14.75
85,2,20,474,2012,14.81
85,2,20,474,2013,15.35
85,2,20,474,2014,15.24
85,2,20,474,2015,15.32
85,2,20,474,2016,14.87
85,2,20,474,2017,14.38
85,2,22,474,1990,42.71
85,2,22,474,1991,45.64
85,2,22,474,1992,48.74
85,2,22,474,1993,52.12
85,2,22,474,1994,54.4
85,2,22,474,1995,61.67
85,2,22,474,1996,65.81
85,2,22,474,1997,67.18
85,2,22,474,1998,69.54
85,2,22,474,1999,74.07
85,2,22,474,2000,77.15
85,2,22,474,2001,79.7
85,2,22,474,2002,83.22
85,2,22,474,2003,85.26
85,2,22,474,2004,85.19
85,2,22,474,2005,91.62
85,2,22,474,2006,91.01
85,2,22,474,2007,94.05
85,2,22,474,2008,97.35
85,2,22,474,2009,99.73
85,2,22,474,2010,99.65
85,2,22,474,2011,101.88
85,2,22,474,2012,100.77
85,2,22,474,2013,102.87
85,2,22,474,2014,101.94
85,2,22,474,2015,101.78
85,2,22,474,2016,104.26
85,2,22,474,2017,107.32
85,2,30,474,1990,8.97
85,2,30,474,1991,9.97
85,2,30,474,1992,11.04
85,2,30,474,1993,12.3
85,2,30,474,1994,13.13
85,2,30,474,1995,14.98
85,2,30,474,1996,15.67
85,2,30,474,1997,14.96
85,2,30,474,1998,14.63
85,2,30,474,1999,14.99
85,2,30,474,2000,15.28
85,2,30,474,2001,15.88
85,2,30,474,2002,17.26
85,2,30,474,2003,18.78
85,2,30,474,2004,20.3
85,2,30,474,2005,22.56
85,2,30,474,2006,23.58
85,2,30,474,2007,24.52
85,2,30,474,2008,24.92
85,2,30,474,2009,24.61
85,2,30,474,2010,24.45
85,2,30,474,2011,23.57
85,2,30,474,2012,22.47
85,2,30,474,2013,21.61
85,2,30,474,2014,20.39
85,2,30,474,2015,19.62
85,2,30,474,2016,20.37
85,2,30,474,2017,21.02
85,2,31,474,1990,5.6
85,2,31,474,1991,6.2
85,2,31,474,1992,6.89
85,2,31,474,1993,7.81
85,2,31,474,1994,8.83
85,2,31,474,1995,10.91
85,2,31,474,1996,12.04
85,2,31,474,1997,12.81
85,2,31,474,1998,13.93
85,2,31,474,1999,14.78
85,2,31,474,2000,14.92
85,2,31,474,2001,15.09
85,2,31,474,2002,15.05
85,2,31,474,2003,14.84
85,2,31,474,2004,14.62
85,2,31,474,2005,16.52
85,2,31,474,2006,17.16
85,2,31,474,2007,18.88
85,2,31,474,2008,20.69
85,2,31,474,2009,22.08
85,2,31,474,2010,22.58
85,2,31,474,2011,23.65
85,2,31,474,2012,22.78
85,2,31,474,2013,22.67
85,2,31,474,2014,21.99
85,2,31,474,2015,21.59
85,2,31,474,2016,21.51
85,2,31,474,2017,22.16
85,2,32,474,1990,2.15
85,2,32,474,1991,2.46
85,2,32,474,1992,2.68
85,2,32,474,1993,2.92
85,2,32,474,1994,3.12
85,2,32,474,1995,3.67
85,2,32,474,1996,4.06
85,2,32,474,1997,4.49
85,2,32,474,1998,5.18
85,2,32,474,1999,5.96
85,2,32,474,2000,6.64
85,2,32,474,2001,7.32
85,2,32,474,2002,8.38
85,2,32,474,2003,8.97
85,2,32,474,2004,9.09
85,2,32,474,2005,9.53
85,2,32,474,2006,9.06
85,2,32,474,2007,8.45
85,2,32,474,2008,8.25
85,2,32,474,2009,8.42
85,2,32,474,2010,9.25
85,2,32,474,2011,10.52
85,2,32,474,2012,11.58
85,2,32,474,2013,13.03
85,2,32,474,2014,14.2
85,2,32,474,2015,14.62
85,2,32,474,2016,15.46
85,2,32,474,2017,15.79
85,2,235,474,1990,0.39
85,2,235,474,1991,0.43
85,2,235,474,1992,0.49
85,2,235,474,1993,0.58
85,2,235,474,1994,0.67
85,2,235,474,1995,0.83
85,2,235,474,1996,0.93
85,2,235,474,1997,1.01
85,2,235,474,1998,1.12
85,2,235,474,1999,1.25
85,2,235,474,2000,1.34
85,2,235,474,2001,1.63
85,2,235,474,2002,1.93
85,2,235,474,2003,2.19
85,2,235,474,2004,2.4
85,2,235,474,2005,2.75
85,2,235,474,2006,2.72
85,2,235,474,2007,2.9
85,2,235,474,2008,3.05
85,2,235,474,2009,3.26
85,2,235,474,2010,3.41
85,2,235,474,2011,3.67
85,2,235,474,2012,3.66
85,2,235,474,2013,4
85,2,235,474,2014,4.37
85,2,235,474,2015,4.88
85,2,235,474,2016,5.38
85,2,235,474,2017,6.05
86,2,8,474,1990,0.25
86,2,8,474,1991,0.24
86,2,8,474,1992,0.24
86,2,8,474,1993,0.23
86,2,8,474,1994,0.21
86,2,8,474,1995,0.2
86,2,8,474,1996,0.19
86,2,8,474,1997,0.18
86,2,8,474,1998,0.18
86,2,8,474,1999,0.17
86,2,8,474,2000,0.16
86,2,8,474,2001,0.16
86,2,8,474,2002,0.15
86,2,8,474,2003,0.15
86,2,8,474,2004,0.15
86,2,8,474,2005,0.14
86,2,8,474,2006,0.15
86,2,8,474,2007,0.15
86,2,8,474,2008,0.15
86,2,8,474,2009,0.15
86,2,8,474,2010,0.15
86,2,8,474,2011,0.14
86,2,8,474,2012,0.14
86,2,8,474,2013,0.14
86,2,8,474,2014,0.14
86,2,8,474,2015,0.13
86,2,8,474,2016,0.13
86,2,8,474,2017,0.13
86,2,9,474,1990,0.33
86,2,9,474,1991,0.33
86,2,9,474,1992,0.31
86,2,9,474,1993,0.31
86,2,9,474,1994,0.3
86,2,9,474,1995,0.3
86,2,9,474,1996,0.29
86,2,9,474,1997,0.28
86,2,9,474,1998,0.26
86,2,9,474,1999,0.25
86,2,9,474,2000,0.24
86,2,9,474,2001,0.22
86,2,9,474,2002,0.21
86,2,9,474,2003,0.2
86,2,9,474,2004,0.19
86,2,9,474,2005,0.19
86,2,9,474,2006,0.18
86,2,9,474,2007,0.18
86,2,9,474,2008,0.18
86,2,9,474,2009,0.17
86,2,9,474,2010,0.17
86,2,9,474,2011,0.17
86,2,9,474,2012,0.17
86,2,9,474,2013,0.17
86,2,9,474,2014,0.16
86,2,9,474,2015,0.15
86,2,9,474,2016,0.16
86,2,9,474,2017,0.16
86,2,10,474,1990,0.49
86,2,10,474,1991,0.51
86,2,10,474,1992,0.5
86,2,10,474,1993,0.5
86,2,10,474,1994,0.47
86,2,10,474,1995,0.47
86,2,10,474,1996,0.45
86,2,10,474,1997,0.46
86,2,10,474,1998,0.44
86,2,10,474,1999,0.42
86,2,10,474,2000,0.42
86,2,10,474,2001,0.4
86,2,10,474,2002,0.38
86,2,10,474,2003,0.35
86,2,10,474,2004,0.33
86,2,10,474,2005,0.32
86,2,10,474,2006,0.29
86,2,10,474,2007,0.28
86,2,10,474,2008,0.27
86,2,10,474,2009,0.25
86,2,10,474,2010,0.23
86,2,10,474,2011,0.21
86,2,10,474,2012,0.22
86,2,10,474,2013,0.22
86,2,10,474,2014,0.21
86,2,10,474,2015,0.2
86,2,10,474,2016,0.2
86,2,10,474,2017,0.2
86,2,11,474,1990,1.15
86,2,11,474,1991,1.25
86,2,11,474,1992,1.21
86,2,11,474,1993,1.19
86,2,11,474,1994,1.19
86,2,11,474,1995,1.21
86,2,11,474,1996,1.17
86,2,11,474,1997,1.2
86,2,11,474,1998,1.18
86,2,11,474,1999,1.1
86,2,11,474,2000,1.08
86,2,11,474,2001,1.02
86,2,11,474,2002,0.99
86,2,11,474,2003,0.98
86,2,11,474,2004,0.94
86,2,11,474,2005,0.9
86,2,11,474,2006,0.86
86,2,11,474,2007,0.85
86,2,11,474,2008,0.84
86,2,11,474,2009,0.79
86,2,11,474,2010,0.74
86,2,11,474,2011,0.74
86,2,11,474,2012,0.69
86,2,11,474,2013,0.65
86,2,11,474,2014,0.58
86,2,11,474,2015,0.55
86,2,11,474,2016,0.54
86,2,11,474,2017,0.53
86,2,12,474,1990,2.23
86,2,12,474,1991,2.26
86,2,12,474,1992,2.29
86,2,12,474,1993,2.29
86,2,12,474,1994,2.26
86,2,12,474,1995,2.28
86,2,12,474,1996,2.23
86,2,12,474,1997,2.2
86,2,12,474,1998,2.25
86,2,12,474,1999,2.24
86,2,12,474,2000,2.31
86,2,12,474,2001,2.46
86,2,12,474,2002,2.41
86,2,12,474,2003,2.35
86,2,12,474,2004,2.19
86,2,12,474,2005,2.15
86,2,12,474,2006,2.05
86,2,12,474,2007,2.08
86,2,12,474,2008,2.04
86,2,12,474,2009,2.03
86,2,12,474,2010,1.96
86,2,12,474,2011,1.97
86,2,12,474,2012,1.91
86,2,12,474,2013,1.85
86,2,12,474,2014,1.74
86,2,12,474,2015,1.64
86,2,12,474,2016,1.55
86,2,12,474,2017,1.5
86,2,13,474,1990,4.99
86,2,13,474,1991,5.04
86,2,13,474,1992,4.75
86,2,13,474,1993,4.54
86,2,13,474,1994,4.43
86,2,13,474,1995,4.55
86,2,13,474,1996,4.61
86,2,13,474,1997,4.54
86,2,13,474,1998,4.62
86,2,13,474,1999,4.62
86,2,13,474,2000,4.76
86,2,13,474,2001,4.83
86,2,13,474,2002,4.88
86,2,13,474,2003,4.92
86,2,13,474,2004,4.73
86,2,13,474,2005,4.81
86,2,13,474,2006,4.76
86,2,13,474,2007,4.64
86,2,13,474,2008,4.46
86,2,13,474,2009,4.45
86,2,13,474,2010,4.24
86,2,13,474,2011,3.98
86,2,13,474,2012,3.81
86,2,13,474,2013,3.75
86,2,13,474,2014,3.58
86,2,13,474,2015,3.53
86,2,13,474,2016,3.34
86,2,13,474,2017,3.21
86,2,14,474,1990,9.78
86,2,14,474,1991,9.76
86,2,14,474,1992,10.02
86,2,14,474,1993,9.96
86,2,14,474,1994,10.3
86,2,14,474,1995,10.98
86,2,14,474,1996,11.12
86,2,14,474,1997,10.25
86,2,14,474,1998,9.76
86,2,14,474,1999,8.95
86,2,14,474,2000,8.93
86,2,14,474,2001,8.92
86,2,14,474,2002,9.17
86,2,14,474,2003,9.17
86,2,14,474,2004,8.69
86,2,14,474,2005,9.2
86,2,14,474,2006,9.27
86,2,14,474,2007,9.62
86,2,14,474,2008,10.33
86,2,14,474,2009,10.39
86,2,14,474,2010,9.98
86,2,14,474,2011,9.85
86,2,14,474,2012,9.69
86,2,14,474,2013,9.38
86,2,14,474,2014,8.94
86,2,14,474,2015,8.69
86,2,14,474,2016,8.35
86,2,14,474,2017,8.15
86,2,15,474,1990,18.54
86,2,15,474,1991,18.63
86,2,15,474,1992,18.77
86,2,15,474,1993,18.77
86,2,15,474,1994,18.52
86,2,15,474,1995,17.99
86,2,15,474,1996,17.91
86,2,15,474,1997,17.93
86,2,15,474,1998,18.2
86,2,15,474,1999,17.55
86,2,15,474,2000,18.5
86,2,15,474,2001,18.78
86,2,15,474,2002,19.23
86,2,15,474,2003,18.73
86,2,15,474,2004,17.75
86,2,15,474,2005,17.79
86,2,15,474,2006,18.14
86,2,15,474,2007,18.5
86,2,15,474,2008,19.46
86,2,15,474,2009,19.71
86,2,15,474,2010,19.31
86,2,15,474,2011,19.25
86,2,15,474,2012,18.94
86,2,15,474,2013,18.54
86,2,15,474,2014,18.56
86,2,15,474,2015,18.95
86,2,15,474,2016,18.6
86,2,15,474,2017,18.45
86,2,16,474,1990,37.23
86,2,16,474,1991,36.08
86,2,16,474,1992,35.16
86,2,16,474,1993,34.41
86,2,16,474,1994,34.21
86,2,16,474,1995,34.49
86,2,16,474,1996,34.7
86,2,16,474,1997,33.04
86,2,16,474,1998,32.76
86,2,16,474,1999,29.79
86,2,16,474,2000,29.25
86,2,16,474,2001,29.43
86,2,16,474,2002,30.46
86,2,16,474,2003,31.01
86,2,16,474,2004,31.2
86,2,16,474,2005,33.16
86,2,16,474,2006,33.92
86,2,16,474,2007,33.75
86,2,16,474,2008,35.15
86,2,16,474,2009,34.04
86,2,16,474,2010,32.63
86,2,16,474,2011,32.8
86,2,16,474,2012,32.28
86,2,16,474,2013,32.42
86,2,16,474,2014,32.34
86,2,16,474,2015,33.42
86,2,16,474,2016,32.32
86,2,16,474,2017,32.06
86,2,17,474,1990,64.36
86,2,17,474,1991,64.18
86,2,17,474,1992,61.82
86,2,17,474,1993,60.19
86,2,17,474,1994,58.37
86,2,17,474,1995,57.41
86,2,17,474,1996,56.96
86,2,17,474,1997,53.67
86,2,17,474,1998,54.5
86,2,17,474,1999,51.93
86,2,17,474,2000,53.28
86,2,17,474,2001,53.12
86,2,17,474,2002,53.18
86,2,17,474,2003,51.63
86,2,17,474,2004,48.51
86,2,17,474,2005,47.63
86,2,17,474,2006,46.06
86,2,17,474,2007,48
86,2,17,474,2008,51.67
86,2,17,474,2009,52.98
86,2,17,474,2010,53.17
86,2,17,474,2011,56.46
86,2,17,474,2012,55.19
86,2,17,474,2013,54.22
86,2,17,474,2014,52.32
86,2,17,474,2015,53.44
86,2,17,474,2016,50.91
86,2,17,474,2017,50.2
86,2,18,474,1990,110.12
86,2,18,474,1991,109.79
86,2,18,474,1992,107.15
86,2,18,474,1993,106.81
86,2,18,474,1994,104.64
86,2,18,474,1995,104.16
86,2,18,474,1996,103.2
86,2,18,474,1997,97.78
86,2,18,474,1998,96.07
86,2,18,474,1999,90.31
86,2,18,474,2000,90.63
86,2,18,474,2001,88.46
86,2,18,474,2002,89.08
86,2,18,474,2003,89.35
86,2,18,474,2004,86.12
86,2,18,474,2005,87.82
86,2,18,474,2006,88.75
86,2,18,474,2007,90.71
86,2,18,474,2008,92.42
86,2,18,474,2009,89.65
86,2,18,474,2010,85.5
86,2,18,474,2011,85.67
86,2,18,474,2012,88.88
86,2,18,474,2013,89.51
86,2,18,474,2014,90.69
86,2,18,474,2015,95.52
86,2,18,474,2016,93.71
86,2,18,474,2017,89.73
86,2,19,474,1990,125.88
86,2,19,474,1991,134.76
86,2,19,474,1992,147.73
86,2,19,474,1993,166.06
86,2,19,474,1994,179.9
86,2,19,474,1995,180.55
86,2,19,474,1996,177.94
86,2,19,474,1997,173.28
86,2,19,474,1998,173.45
86,2,19,474,1999,164.24
86,2,19,474,2000,163.81
86,2,19,474,2001,161.91
86,2,19,474,2002,160.1
86,2,19,474,2003,159.11
86,2,19,474,2004,148.15
86,2,19,474,2005,146.43
86,2,19,474,2006,142.46
86,2,19,474,2007,141.12
86,2,19,474,2008,143.14
86,2,19,474,2009,142.17
86,2,19,474,2010,136.52
86,2,19,474,2011,137.61
86,2,19,474,2012,135.89
86,2,19,474,2013,133.78
86,2,19,474,2014,128.13
86,2,19,474,2015,128.41
86,2,19,474,2016,121.48
86,2,19,474,2017,124.44
86,2,20,474,1990,258.52
86,2,20,474,1991,255.71
86,2,20,474,1992,238.8
86,2,20,474,1993,218.91
86,2,20,474,1994,197.86
86,2,20,474,1995,189.86
86,2,20,474,1996,196.63
86,2,20,474,1997,212.84
86,2,20,474,1998,237.86
86,2,20,474,1999,252.17
86,2,20,474,2000,257.28
86,2,20,474,2001,254.87
86,2,20,474,2002,252.24
86,2,20,474,2003,251.51
86,2,20,474,2004,236.01
86,2,20,474,2005,237.88
86,2,20,474,2006,236.41
86,2,20,474,2007,237.26
86,2,20,474,2008,238.85
86,2,20,474,2009,234.85
86,2,20,474,2010,226.5
86,2,20,474,2011,223.72
86,2,20,474,2012,220.63
86,2,20,474,2013,216.9
86,2,20,474,2014,211.95
86,2,20,474,2015,218.29
86,2,20,474,2016,212.75
86,2,20,474,2017,208.45
86,2,22,474,1990,1200.68
86,2,22,474,1991,1242.72
86,2,22,474,1992,1256.7
86,2,22,474,1993,1289.63
86,2,22,474,1994,1301.55
86,2,22,474,1995,1321.48
86,2,22,474,1996,1340.7
86,2,22,474,1997,1348.54
86,2,22,474,1998,1378.58
86,2,22,474,1999,1360.08
86,2,22,474,2000,1376.96
86,2,22,474,2001,1389.21
86,2,22,474,2002,1412.88
86,2,22,474,2003,1447.73
86,2,22,474,2004,1405.48
86,2,22,474,2005,1432.12
86,2,22,474,2006,1452.88
86,2,22,474,2007,1489.18
86,2,22,474,2008,1543.55
86,2,22,474,2009,1564.15
86,2,22,474,2010,1550.2
86,2,22,474,2011,1591.07
86,2,22,474,2012,1614.6
86,2,22,474,2013,1603.99
86,2,22,474,2014,1603.58
86,2,22,474,2015,1667.51
86,2,22,474,2016,1643.66
86,2,22,474,2017,1639.1
86,2,30,474,1990,285.28
86,2,30,474,1991,301.65
86,2,30,474,1992,308.81
86,2,30,474,1993,321.78
86,2,30,474,1994,323.47
86,2,30,474,1995,324.11
86,2,30,474,1996,316.28
86,2,30,474,1997,296.81
86,2,30,474,1998,270.99
86,2,30,474,1999,240.51
86,2,30,474,2000,232.8
86,2,30,474,2001,244.44
86,2,30,474,2002,270.56
86,2,30,474,2003,313.07
86,2,30,474,2004,334.13
86,2,30,474,2005,350.53
86,2,30,474,2006,349.07
86,2,30,474,2007,350.76
86,2,30,474,2008,352.29
86,2,30,474,2009,346.13
86,2,30,474,2010,332.85
86,2,30,474,2011,334.61
86,2,30,474,2012,330.77
86,2,30,474,2013,319.05
86,2,30,474,2014,311.49
86,2,30,474,2015,319.93
86,2,30,474,2016,306.65
86,2,30,474,2017,299.92
86,2,31,474,1990,189.53
86,2,31,474,1991,202.57
86,2,31,474,1992,212.2
86,2,31,474,1993,227.59
86,2,31,474,1994,240.61
86,2,31,474,1995,256.54
86,2,31,474,1996,270.61
86,2,31,474,1997,285.01
86,2,31,474,1998,302.82
86,2,31,474,1999,309.15
86,2,31,474,2000,314.09
86,2,31,474,2001,308.32
86,2,31,474,2002,294.05
86,2,31,474,2003,270.82
86,2,31,474,2004,237.47
86,2,31,474,2005,233.33
86,2,31,474,2006,255.32
86,2,31,474,2007,291.18
86,2,31,474,2008,335.27
86,2,31,474,2009,372.57
86,2,31,474,2010,382.26
86,2,31,474,2011,387.95
86,2,31,474,2012,391.25
86,2,31,474,2013,381.88
86,2,31,474,2014,379.71
86,2,31,474,2015,395.12
86,2,31,474,2016,392.55
86,2,31,474,2017,389.21
86,2,32,474,1990,73.68
86,2,32,474,1991,80.07
86,2,32,474,1992,85.5
86,2,32,474,1993,92.77
86,2,32,474,1994,99.83
86,2,32,474,1995,108.38
86,2,32,474,1996,115.81
86,2,32,474,1997,125.45
86,2,32,474,1998,136.59
86,2,32,474,1999,146.6
86,2,32,474,2000,155.76
86,2,32,474,2001,164.97
86,2,32,474,2002,175.32
86,2,32,474,2003,189.77
86,2,32,474,2004,190.13
86,2,32,474,2005,195.6
86,2,32,474,2006,194.98
86,2,32,474,2007,184.66
86,2,32,474,2008,172.55
86,2,32,474,2009,161.9
86,2,32,474,2010,163.86
86,2,32,474,2011,190.93
86,2,32,474,2012,221.75
86,2,32,474,2013,247.38
86,2,32,474,2014,274.72
86,2,32,474,2015,297.62
86,2,32,474,2016,295.04
86,2,32,474,2017,295.15
86,2,235,474,1990,18.34
86,2,235,474,1991,19.89
86,2,235,474,1992,21.43
86,2,235,474,1993,23.33
86,2,235,474,1994,24.96
86,2,235,474,1995,27.99
86,2,235,474,1996,30.59
86,2,235,474,1997,33.63
86,2,235,474,1998,36.67
86,2,235,474,1999,40.1
86,2,235,474,2000,43.65
86,2,235,474,2001,46.92
86,2,235,474,2002,50.47
86,2,235,474,2003,54.61
86,2,235,474,2004,58.8
86,2,235,474,2005,64.25
86,2,235,474,2006,70.22
86,2,235,474,2007,75.45
86,2,235,474,2008,84.48
86,2,235,474,2009,91.92
86,2,235,474,2010,100.17
86,2,235,474,2011,105.02
86,2,235,474,2012,102.38
86,2,235,474,2013,94.15
86,2,235,474,2014,88.33
86,2,235,474,2015,91.91
86,2,235,474,2016,105.4
86,2,235,474,2017,117.6
87,2,8,474,1990,0
87,2,8,474,1991,0
87,2,8,474,1992,0
87,2,8,474,1993,0
87,2,8,474,1994,0
87,2,8,474,1995,0
87,2,8,474,1996,0
87,2,8,474,1997,0
87,2,8,474,1998,0
87,2,8,474,1999,0
87,2,8,474,2000,0
87,2,8,474,2001,0
87,2,8,474,2002,0
87,2,8,474,2003,0
87,2,8,474,2004,0
87,2,8,474,2005,0
87,2,8,474,2006,0
87,2,8,474,2007,0
87,2,8,474,2008,0
87,2,8,474,2009,0
87,2,8,474,2010,0
87,2,8,474,2011,0
87,2,8,474,2012,0
87,2,8,474,2013,0
87,2,8,474,2014,0
87,2,8,474,2015,0
87,2,8,474,2016,0
87,2,8,474,2017,0
87,2,9,474,1990,0
87,2,9,474,1991,0
87,2,9,474,1992,0
87,2,9,474,1993,0
87,2,9,474,1994,0
87,2,9,474,1995,0
87,2,9,474,1996,0
87,2,9,474,1997,0
87,2,9,474,1998,0
87,2,9,474,1999,0
87,2,9,474,2000,0
87,2,9,474,2001,0
87,2,9,474,2002,0
87,2,9,474,2003,0
87,2,9,474,2004,0
87,2,9,474,2005,0
87,2,9,474,2006,0
87,2,9,474,2007,0
87,2,9,474,2008,0
87,2,9,474,2009,0
87,2,9,474,2010,0
87,2,9,474,2011,0
87,2,9,474,2012,0
87,2,9,474,2013,0
87,2,9,474,2014,0
87,2,9,474,2015,0
87,2,9,474,2016,0
87,2,9,474,2017,0
87,2,10,474,1990,0
87,2,10,474,1991,0
87,2,10,474,1992,0.01
87,2,10,474,1993,0.01
87,2,10,474,1994,0.01
87,2,10,474,1995,0.01
87,2,10,474,1996,0.01
87,2,10,474,1997,0.01
87,2,10,474,1998,0.01
87,2,10,474,1999,0.01
87,2,10,474,2000,0.01
87,2,10,474,2001,0
87,2,10,474,2002,0
87,2,10,474,2003,0
87,2,10,474,2004,0
87,2,10,474,2005,0
87,2,10,474,2006,0
87,2,10,474,2007,0
87,2,10,474,2008,0
87,2,10,474,2009,0
87,2,10,474,2010,0
87,2,10,474,2011,0
87,2,10,474,2012,0
87,2,10,474,2013,0
87,2,10,474,2014,0
87,2,10,474,2015,0
87,2,10,474,2016,0
87,2,10,474,2017,0
87,2,11,474,1990,0.01
87,2,11,474,1991,0.01
87,2,11,474,1992,0.02
87,2,11,474,1993,0.02
87,2,11,474,1994,0.02
87,2,11,474,1995,0.02
87,2,11,474,1996,0.02
87,2,11,474,1997,0.02
87,2,11,474,1998,0.02
87,2,11,474,1999,0.01
87,2,11,474,2000,0.01
87,2,11,474,2001,0.01
87,2,11,474,2002,0.01
87,2,11,474,2003,0.01
87,2,11,474,2004,0.01
87,2,11,474,2005,0.01
87,2,11,474,2006,0.01
87,2,11,474,2007,0.01
87,2,11,474,2008,0.01
87,2,11,474,2009,0.01
87,2,11,474,2010,0.01
87,2,11,474,2011,0.01
87,2,11,474,2012,0.01
87,2,11,474,2013,0.01
87,2,11,474,2014,0.01
87,2,11,474,2015,0.01
87,2,11,474,2016,0.01
87,2,11,474,2017,0.01
87,2,12,474,1990,0.02
87,2,12,474,1991,0.02
87,2,12,474,1992,0.03
87,2,12,474,1993,0.03
87,2,12,474,1994,0.03
87,2,12,474,1995,0.03
87,2,12,474,1996,0.03
87,2,12,474,1997,0.03
87,2,12,474,1998,0.03
87,2,12,474,1999,0.03
87,2,12,474,2000,0.03
87,2,12,474,2001,0.03
87,2,12,474,2002,0.03
87,2,12,474,2003,0.03
87,2,12,474,2004,0.03
87,2,12,474,2005,0.03
87,2,12,474,2006,0.03
87,2,12,474,2007,0.03
87,2,12,474,2008,0.03
87,2,12,474,2009,0.02
87,2,12,474,2010,0.03
87,2,12,474,2011,0.03
87,2,12,474,2012,0.02
87,2,12,474,2013,0.02
87,2,12,474,2014,0.03
87,2,12,474,2015,0.03
87,2,12,474,2016,0.02
87,2,12,474,2017,0.03
87,2,13,474,1990,0.04
87,2,13,474,1991,0.04
87,2,13,474,1992,0.04
87,2,13,474,1993,0.04
87,2,13,474,1994,0.04
87,2,13,474,1995,0.04
87,2,13,474,1996,0.05
87,2,13,474,1997,0.05
87,2,13,474,1998,0.05
87,2,13,474,1999,0.05
87,2,13,474,2000,0.05
87,2,13,474,2001,0.04
87,2,13,474,2002,0.04
87,2,13,474,2003,0.04
87,2,13,474,2004,0.04
87,2,13,474,2005,0.04
87,2,13,474,2006,0.04
87,2,13,474,2007,0.04
87,2,13,474,2008,0.04
87,2,13,474,2009,0.04
87,2,13,474,2010,0.04
87,2,13,474,2011,0.04
87,2,13,474,2012,0.04
87,2,13,474,2013,0.04
87,2,13,474,2014,0.04
87,2,13,474,2015,0.04
87,2,13,474,2016,0.04
87,2,13,474,2017,0.04
87,2,14,474,1990,0.07
87,2,14,474,1991,0.07
87,2,14,474,1992,0.08
87,2,14,474,1993,0.08
87,2,14,474,1994,0.08
87,2,14,474,1995,0.08
87,2,14,474,1996,0.09
87,2,14,474,1997,0.09
87,2,14,474,1998,0.08
87,2,14,474,1999,0.09
87,2,14,474,2000,0.09
87,2,14,474,2001,0.09
87,2,14,474,2002,0.09
87,2,14,474,2003,0.09
87,2,14,474,2004,0.09
87,2,14,474,2005,0.09
87,2,14,474,2006,0.09
87,2,14,474,2007,0.09
87,2,14,474,2008,0.09
87,2,14,474,2009,0.09
87,2,14,474,2010,0.1
87,2,14,474,2011,0.1
87,2,14,474,2012,0.1
87,2,14,474,2013,0.1
87,2,14,474,2014,0.1
87,2,14,474,2015,0.1
87,2,14,474,2016,0.1
87,2,14,474,2017,0.1
87,2,15,474,1990,0.17
87,2,15,474,1991,0.17
87,2,15,474,1992,0.16
87,2,15,474,1993,0.15
87,2,15,474,1994,0.15
87,2,15,474,1995,0.13
87,2,15,474,1996,0.12
87,2,15,474,1997,0.12
87,2,15,474,1998,0.13
87,2,15,474,1999,0.13
87,2,15,474,2000,0.14
87,2,15,474,2001,0.14
87,2,15,474,2002,0.13
87,2,15,474,2003,0.13
87,2,15,474,2004,0.13
87,2,15,474,2005,0.13
87,2,15,474,2006,0.14
87,2,15,474,2007,0.14
87,2,15,474,2008,0.14
87,2,15,474,2009,0.14
87,2,15,474,2010,0.14
87,2,15,474,2011,0.14
87,2,15,474,2012,0.14
87,2,15,474,2013,0.15
87,2,15,474,2014,0.16
87,2,15,474,2015,0.16
87,2,15,474,2016,0.17
87,2,15,474,2017,0.18
87,2,16,474,1990,0.28
87,2,16,474,1991,0.27
87,2,16,474,1992,0.27
87,2,16,474,1993,0.26
87,2,16,474,1994,0.26
87,2,16,474,1995,0.26
87,2,16,474,1996,0.26
87,2,16,474,1997,0.26
87,2,16,474,1998,0.25
87,2,16,474,1999,0.24
87,2,16,474,2000,0.24
87,2,16,474,2001,0.23
87,2,16,474,2002,0.22
87,2,16,474,2003,0.22
87,2,16,474,2004,0.23
87,2,16,474,2005,0.23
87,2,16,474,2006,0.24
87,2,16,474,2007,0.24
87,2,16,474,2008,0.24
87,2,16,474,2009,0.25
87,2,16,474,2010,0.25
87,2,16,474,2011,0.26
87,2,16,474,2012,0.26
87,2,16,474,2013,0.27
87,2,16,474,2014,0.28
87,2,16,474,2015,0.28
87,2,16,474,2016,0.3
87,2,16,474,2017,0.31
87,2,17,474,1990,0.46
87,2,17,474,1991,0.47
87,2,17,474,1992,0.48
87,2,17,474,1993,0.46
87,2,17,474,1994,0.45
87,2,17,474,1995,0.45
87,2,17,474,1996,0.47
87,2,17,474,1997,0.46
87,2,17,474,1998,0.43
87,2,17,474,1999,0.45
87,2,17,474,2000,0.45
87,2,17,474,2001,0.44
87,2,17,474,2002,0.44
87,2,17,474,2003,0.43
87,2,17,474,2004,0.42
87,2,17,474,2005,0.4
87,2,17,474,2006,0.4
87,2,17,474,2007,0.41
87,2,17,474,2008,0.41
87,2,17,474,2009,0.43
87,2,17,474,2010,0.46
87,2,17,474,2011,0.47
87,2,17,474,2012,0.47
87,2,17,474,2013,0.48
87,2,17,474,2014,0.48
87,2,17,474,2015,0.49
87,2,17,474,2016,0.49
87,2,17,474,2017,0.51
87,2,18,474,1990,0.72
87,2,18,474,1991,0.73
87,2,18,474,1992,0.78
87,2,18,474,1993,0.8
87,2,18,474,1994,0.79
87,2,18,474,1995,0.81
87,2,18,474,1996,0.85
87,2,18,474,1997,0.85
87,2,18,474,1998,0.8
87,2,18,474,1999,0.79
87,2,18,474,2000,0.76
87,2,18,474,2001,0.72
87,2,18,474,2002,0.7
87,2,18,474,2003,0.68
87,2,18,474,2004,0.68
87,2,18,474,2005,0.68
87,2,18,474,2006,0.67
87,2,18,474,2007,0.66
87,2,18,474,2008,0.67
87,2,18,474,2009,0.67
87,2,18,474,2010,0.68
87,2,18,474,2011,0.68
87,2,18,474,2012,0.69
87,2,18,474,2013,0.7
87,2,18,474,2014,0.73
87,2,18,474,2015,0.75
87,2,18,474,2016,0.76
87,2,18,474,2017,0.77
87,2,19,474,1990,0.93
87,2,19,474,1991,0.98
87,2,19,474,1992,1.02
87,2,19,474,1993,1.06
87,2,19,474,1994,1.1
87,2,19,474,1995,1.17
87,2,19,474,1996,1.23
87,2,19,474,1997,1.27
87,2,19,474,1998,1.22
87,2,19,474,1999,1.23
87,2,19,474,2000,1.22
87,2,19,474,2001,1.17
87,2,19,474,2002,1.14
87,2,19,474,2003,1.11
87,2,19,474,2004,1.06
87,2,19,474,2005,1.03
87,2,19,474,2006,1.01
87,2,19,474,2007,0.99
87,2,19,474,2008,0.98
87,2,19,474,2009,1
87,2,19,474,2010,1.04
87,2,19,474,2011,1.05
87,2,19,474,2012,1.05
87,2,19,474,2013,1.06
87,2,19,474,2014,1.06
87,2,19,474,2015,1.06
87,2,19,474,2016,1.03
87,2,19,474,2017,1.05
87,2,20,474,1990,1.6
87,2,20,474,1991,1.57
87,2,20,474,1992,1.51
87,2,20,474,1993,1.38
87,2,20,474,1994,1.28
87,2,20,474,1995,1.33
87,2,20,474,1996,1.45
87,2,20,474,1997,1.53
87,2,20,474,1998,1.53
87,2,20,474,1999,1.67
87,2,20,474,2000,1.71
87,2,20,474,2001,1.7
87,2,20,474,2002,1.7
87,2,20,474,2003,1.71
87,2,20,474,2004,1.68
87,2,20,474,2005,1.72
87,2,20,474,2006,1.76
87,2,20,474,2007,1.77
87,2,20,474,2008,1.72
87,2,20,474,2009,1.69
87,2,20,474,2010,1.7
87,2,20,474,2011,1.69
87,2,20,474,2012,1.67
87,2,20,474,2013,1.66
87,2,20,474,2014,1.7
87,2,20,474,2015,1.73
87,2,20,474,2016,1.69
87,2,20,474,2017,1.69
87,2,22,474,1990,8.46
87,2,22,474,1991,8.63
87,2,22,474,1992,8.8
87,2,22,474,1993,8.7
87,2,22,474,1994,8.81
87,2,22,474,1995,9.28
87,2,22,474,1996,9.76
87,2,22,474,1997,9.8
87,2,22,474,1998,9.4
87,2,22,474,1999,9.5
87,2,22,474,2000,9.56
87,2,22,474,2001,9.44
87,2,22,474,2002,9.47
87,2,22,474,2003,9.45
87,2,22,474,2004,9.5
87,2,22,474,2005,9.62
87,2,22,474,2006,9.78
87,2,22,474,2007,9.95
87,2,22,474,2008,10
87,2,22,474,2009,10.21
87,2,22,474,2010,10.72
87,2,22,474,2011,10.95
87,2,22,474,2012,11.1
87,2,22,474,2013,11.22
87,2,22,474,2014,11.51
87,2,22,474,2015,11.82
87,2,22,474,2016,11.86
87,2,22,474,2017,12.1
87,2,30,474,1990,2.03
87,2,30,474,1991,2.04
87,2,30,474,1992,2.02
87,2,30,474,1993,1.94
87,2,30,474,1994,1.97
87,2,30,474,1995,2.1
87,2,30,474,1996,2.12
87,2,30,474,1997,2
87,2,30,474,1998,1.78
87,2,30,474,1999,1.62
87,2,30,474,2000,1.6
87,2,30,474,2001,1.63
87,2,30,474,2002,1.74
87,2,30,474,2003,1.85
87,2,30,474,2004,2.03
87,2,30,474,2005,2.14
87,2,30,474,2006,2.17
87,2,30,474,2007,2.21
87,2,30,474,2008,2.23
87,2,30,474,2009,2.26
87,2,30,474,2010,2.37
87,2,30,474,2011,2.43
87,2,30,474,2012,2.44
87,2,30,474,2013,2.39
87,2,30,474,2014,2.35
87,2,30,474,2015,2.35
87,2,30,474,2016,2.29
87,2,30,474,2017,2.26
87,2,31,474,1990,1.42
87,2,31,474,1991,1.5
87,2,31,474,1992,1.58
87,2,31,474,1993,1.63
87,2,31,474,1994,1.74
87,2,31,474,1995,1.85
87,2,31,474,1996,1.95
87,2,31,474,1997,1.96
87,2,31,474,1998,1.88
87,2,31,474,1999,1.92
87,2,31,474,2000,1.94
87,2,31,474,2001,1.88
87,2,31,474,2002,1.82
87,2,31,474,2003,1.72
87,2,31,474,2004,1.6
87,2,31,474,2005,1.59
87,2,31,474,2006,1.72
87,2,31,474,2007,1.85
87,2,31,474,2008,1.97
87,2,31,474,2009,2.16
87,2,31,474,2010,2.38
87,2,31,474,2011,2.43
87,2,31,474,2012,2.47
87,2,31,474,2013,2.53
87,2,31,474,2014,2.59
87,2,31,474,2015,2.65
87,2,31,474,2016,2.71
87,2,31,474,2017,2.74
87,2,32,474,1990,0.57
87,2,32,474,1991,0.62
87,2,32,474,1992,0.67
87,2,32,474,1993,0.71
87,2,32,474,1994,0.76
87,2,32,474,1995,0.83
87,2,32,474,1996,0.91
87,2,32,474,1997,0.95
87,2,32,474,1998,0.99
87,2,32,474,1999,1.04
87,2,32,474,2000,1.07
87,2,32,474,2001,1.08
87,2,32,474,2002,1.1
87,2,32,474,2003,1.12
87,2,32,474,2004,1.17
87,2,32,474,2005,1.19
87,2,32,474,2006,1.16
87,2,32,474,2007,1.14
87,2,32,474,2008,1.08
87,2,32,474,2009,1.03
87,2,32,474,2010,1.08
87,2,32,474,2011,1.19
87,2,32,474,2012,1.29
87,2,32,474,2013,1.38
87,2,32,474,2014,1.56
87,2,32,474,2015,1.69
87,2,32,474,2016,1.71
87,2,32,474,2017,1.82
87,2,235,474,1990,0.11
87,2,235,474,1991,0.12
87,2,235,474,1992,0.13
87,2,235,474,1993,0.14
87,2,235,474,1994,0.16
87,2,235,474,1995,0.17
87,2,235,474,1996,0.19
87,2,235,474,1997,0.21
87,2,235,474,1998,0.22
87,2,235,474,1999,0.23
87,2,235,474,2000,0.25
87,2,235,474,2001,0.27
87,2,235,474,2002,0.29
87,2,235,474,2003,0.31
87,2,235,474,2004,0.33
87,2,235,474,2005,0.34
87,2,235,474,2006,0.35
87,2,235,474,2007,0.37
87,2,235,474,2008,0.39
87,2,235,474,2009,0.42
87,2,235,474,2010,0.44
87,2,235,474,2011,0.44
87,2,235,474,2012,0.43
87,2,235,474,2013,0.42
87,2,235,474,2014,0.43
87,2,235,474,2015,0.46
87,2,235,474,2016,0.53
87,2,235,474,2017,0.59
88,2,8,474,1990,0
88,2,8,474,1991,0
88,2,8,474,1992,0
88,2,8,474,1993,0
88,2,8,474,1994,0
88,2,8,474,1995,0
88,2,8,474,1996,0
88,2,8,474,1997,0
88,2,8,474,1998,0
88,2,8,474,1999,0
88,2,8,474,2000,0
88,2,8,474,2001,0
88,2,8,474,2002,0
88,2,8,474,2003,0
88,2,8,474,2004,0
88,2,8,474,2005,0
88,2,8,474,2006,0
88,2,8,474,2007,0
88,2,8,474,2008,0
88,2,8,474,2009,0
88,2,8,474,2010,0
88,2,8,474,2011,0
88,2,8,474,2012,0
88,2,8,474,2013,0
88,2,8,474,2014,0
88,2,8,474,2015,0
88,2,8,474,2016,0
88,2,8,474,2017,0
88,2,9,474,1990,0
88,2,9,474,1991,0
88,2,9,474,1992,0
88,2,9,474,1993,0
88,2,9,474,1994,0
88,2,9,474,1995,0
88,2,9,474,1996,0
88,2,9,474,1997,0
88,2,9,474,1998,0
88,2,9,474,1999,0
88,2,9,474,2000,0
88,2,9,474,2001,0
88,2,9,474,2002,0
88,2,9,474,2003,0
88,2,9,474,2004,0
88,2,9,474,2005,0
88,2,9,474,2006,0
88,2,9,474,2007,0
88,2,9,474,2008,0
88,2,9,474,2009,0
88,2,9,474,2010,0
88,2,9,474,2011,0
88,2,9,474,2012,0
88,2,9,474,2013,0
88,2,9,474,2014,0
88,2,9,474,2015,0
88,2,9,474,2016,0
88,2,9,474,2017,0
88,2,10,474,1990,0
88,2,10,474,1991,0
88,2,10,474,1992,0
88,2,10,474,1993,0
88,2,10,474,1994,0
88,2,10,474,1995,0
88,2,10,474,1996,0
88,2,10,474,1997,0
88,2,10,474,1998,0
88,2,10,474,1999,0
88,2,10,474,2000,0
88,2,10,474,2001,0
88,2,10,474,2002,0
88,2,10,474,2003,0
88,2,10,474,2004,0
88,2,10,474,2005,0
88,2,10,474,2006,0
88,2,10,474,2007,0
88,2,10,474,2008,0
88,2,10,474,2009,0
88,2,10,474,2010,0
88,2,10,474,2011,0
88,2,10,474,2012,0
88,2,10,474,2013,0
88,2,10,474,2014,0
88,2,10,474,2015,0
88,2,10,474,2016,0
88,2,10,474,2017,0
88,2,11,474,1990,0.01
88,2,11,474,1991,0.01
88,2,11,474,1992,0.01
88,2,11,474,1993,0.01
88,2,11,474,1994,0.01
88,2,11,474,1995,0.01
88,2,11,474,1996,0.01
88,2,11,474,1997,0.01
88,2,11,474,1998,0.01
88,2,11,474,1999,0.01
88,2,11,474,2000,0.01
88,2,11,474,2001,0.01
88,2,11,474,2002,0.01
88,2,11,474,2003,0.01
88,2,11,474,2004,0.01
88,2,11,474,2005,0.01
88,2,11,474,2006,0.01
88,2,11,474,2007,0.01
88,2,11,474,2008,0.01
88,2,11,474,2009,0.01
88,2,11,474,2010,0.01
88,2,11,474,2011,0.01
88,2,11,474,2012,0.01
88,2,11,474,2013,0.01
88,2,11,474,2014,0.01
88,2,11,474,2015,0.01
88,2,11,474,2016,0.01
88,2,11,474,2017,0.01
88,2,12,474,1990,0.02
88,2,12,474,1991,0.02
88,2,12,474,1992,0.02
88,2,12,474,1993,0.02
88,2,12,474,1994,0.02
88,2,12,474,1995,0.02
88,2,12,474,1996,0.02
88,2,12,474,1997,0.02
88,2,12,474,1998,0.02
88,2,12,474,1999,0.02
88,2,12,474,2000,0.02
88,2,12,474,2001,0.02
88,2,12,474,2002,0.02
88,2,12,474,2003,0.02
88,2,12,474,2004,0.02
88,2,12,474,2005,0.02
88,2,12,474,2006,0.02
88,2,12,474,2007,0.02
88,2,12,474,2008,0.01
88,2,12,474,2009,0.01
88,2,12,474,2010,0.01
88,2,12,474,2011,0.01
88,2,12,474,2012,0.01
88,2,12,474,2013,0.01
88,2,12,474,2014,0.01
88,2,12,474,2015,0.01
88,2,12,474,2016,0.02
88,2,12,474,2017,0.02
88,2,13,474,1990,0.05
88,2,13,474,1991,0.05
88,2,13,474,1992,0.05
88,2,13,474,1993,0.05
88,2,13,474,1994,0.04
88,2,13,474,1995,0.04
88,2,13,474,1996,0.04
88,2,13,474,1997,0.04
88,2,13,474,1998,0.03
88,2,13,474,1999,0.03
88,2,13,474,2000,0.03
88,2,13,474,2001,0.03
88,2,13,474,2002,0.03
88,2,13,474,2003,0.03
88,2,13,474,2004,0.03
88,2,13,474,2005,0.02
88,2,13,474,2006,0.02
88,2,13,474,2007,0.02
88,2,13,474,2008,0.02
88,2,13,474,2009,0.02
88,2,13,474,2010,0.02
88,2,13,474,2011,0.02
88,2,13,474,2012,0.02
88,2,13,474,2013,0.02
88,2,13,474,2014,0.02
88,2,13,474,2015,0.03
88,2,13,474,2016,0.03
88,2,13,474,2017,0.03
88,2,14,474,1990,0.05
88,2,14,474,1991,0.06
88,2,14,474,1992,0.06
88,2,14,474,1993,0.06
88,2,14,474,1994,0.07
88,2,14,474,1995,0.07
88,2,14,474,1996,0.07
88,2,14,474,1997,0.07
88,2,14,474,1998,0.07
88,2,14,474,1999,0.08
88,2,14,474,2000,0.07
88,2,14,474,2001,0.07
88,2,14,474,2002,0.07
88,2,14,474,2003,0.07
88,2,14,474,2004,0.07
88,2,14,474,2005,0.07
88,2,14,474,2006,0.07
88,2,14,474,2007,0.07
88,2,14,474,2008,0.07
88,2,14,474,2009,0.06
88,2,14,474,2010,0.06
88,2,14,474,2011,0.05
88,2,14,474,2012,0.05
88,2,14,474,2013,0.05
88,2,14,474,2014,0.05
88,2,14,474,2015,0.05
88,2,14,474,2016,0.05
88,2,14,474,2017,0.05
88,2,15,474,1990,0.11
88,2,15,474,1991,0.1
88,2,15,474,1992,0.09
88,2,15,474,1993,0.09
88,2,15,474,1994,0.1
88,2,15,474,1995,0.12
88,2,15,474,1996,0.13
88,2,15,474,1997,0.15
88,2,15,474,1998,0.16
88,2,15,474,1999,0.17
88,2,15,474,2000,0.17
88,2,15,474,2001,0.16
88,2,15,474,2002,0.17
88,2,15,474,2003,0.16
88,2,15,474,2004,0.16
88,2,15,474,2005,0.15
88,2,15,474,2006,0.15
88,2,15,474,2007,0.15
88,2,15,474,2008,0.14
88,2,15,474,2009,0.14
88,2,15,474,2010,0.14
88,2,15,474,2011,0.14
88,2,15,474,2012,0.13
88,2,15,474,2013,0.13
88,2,15,474,2014,0.13
88,2,15,474,2015,0.12
88,2,15,474,2016,0.12
88,2,15,474,2017,0.12
88,2,16,474,1990,0.24
88,2,16,474,1991,0.25
88,2,16,474,1992,0.26
88,2,16,474,1993,0.26
88,2,16,474,1994,0.25
88,2,16,474,1995,0.23
88,2,16,474,1996,0.21
88,2,16,474,1997,0.19
88,2,16,474,1998,0.18
88,2,16,474,1999,0.19
88,2,16,474,2000,0.21
88,2,16,474,2001,0.23
88,2,16,474,2002,0.26
88,2,16,474,2003,0.28
88,2,16,474,2004,0.29
88,2,16,474,2005,0.29
88,2,16,474,2006,0.29
88,2,16,474,2007,0.28
88,2,16,474,2008,0.26
88,2,16,474,2009,0.26
88,2,16,474,2010,0.25
88,2,16,474,2011,0.25
88,2,16,474,2012,0.26
88,2,16,474,2013,0.26
88,2,16,474,2014,0.26
88,2,16,474,2015,0.26
88,2,16,474,2016,0.27
88,2,16,474,2017,0.27
88,2,17,474,1990,0.38
88,2,17,474,1991,0.38
88,2,17,474,1992,0.37
88,2,17,474,1993,0.38
88,2,17,474,1994,0.39
88,2,17,474,1995,0.39
88,2,17,474,1996,0.38
88,2,17,474,1997,0.39
88,2,17,474,1998,0.37
88,2,17,474,1999,0.37
88,2,17,474,2000,0.37
88,2,17,474,2001,0.37
88,2,17,474,2002,0.35
88,2,17,474,2003,0.35
88,2,17,474,2004,0.4
88,2,17,474,2005,0.44
88,2,17,474,2006,0.49
88,2,17,474,2007,0.54
88,2,17,474,2008,0.57
88,2,17,474,2009,0.56
88,2,17,474,2010,0.54
88,2,17,474,2011,0.53
88,2,17,474,2012,0.51
88,2,17,474,2013,0.49
88,2,17,474,2014,0.48
88,2,17,474,2015,0.48
88,2,17,474,2016,0.49
88,2,17,474,2017,0.5
88,2,18,474,1990,0.7
88,2,18,474,1991,0.71
88,2,18,474,1992,0.74
88,2,18,474,1993,0.73
88,2,18,474,1994,0.71
88,2,18,474,1995,0.7
88,2,18,474,1996,0.68
88,2,18,474,1997,0.68
88,2,18,474,1998,0.67
88,2,18,474,1999,0.66
88,2,18,474,2000,0.66
88,2,18,474,2001,0.67
88,2,18,474,2002,0.65
88,2,18,474,2003,0.65
88,2,18,474,2004,0.66
88,2,18,474,2005,0.66
88,2,18,474,2006,0.63
88,2,18,474,2007,0.6
88,2,18,474,2008,0.6
88,2,18,474,2009,0.67
88,2,18,474,2010,0.73
88,2,18,474,2011,0.8
88,2,18,474,2012,0.91
88,2,18,474,2013,0.95
88,2,18,474,2014,0.94
88,2,18,474,2015,0.97
88,2,18,474,2016,0.97
88,2,18,474,2017,0.94
88,2,19,474,1990,0.85
88,2,19,474,1991,0.9
88,2,19,474,1992,0.95
88,2,19,474,1993,0.98
88,2,19,474,1994,1.03
88,2,19,474,1995,1.02
88,2,19,474,1996,1.01
88,2,19,474,1997,1.02
88,2,19,474,1998,1
88,2,19,474,1999,0.98
88,2,19,474,2000,0.98
88,2,19,474,2001,0.98
88,2,19,474,2002,0.97
88,2,19,474,2003,1.01
88,2,19,474,2004,1.02
88,2,19,474,2005,1.04
88,2,19,474,2006,1.06
88,2,19,474,2007,1.08
88,2,19,474,2008,1.08
88,2,19,474,2009,1.1
88,2,19,474,2010,1.08
88,2,19,474,2011,1.04
88,2,19,474,2012,0.98
88,2,19,474,2013,0.96
88,2,19,474,2014,1.05
88,2,19,474,2015,1.19
88,2,19,474,2016,1.34
88,2,19,474,2017,1.53
88,2,20,474,1990,1.16
88,2,20,474,1991,1.14
88,2,20,474,1992,1.13
88,2,20,474,1993,1.12
88,2,20,474,1994,1.13
88,2,20,474,1995,1.18
88,2,20,474,1996,1.22
88,2,20,474,1997,1.27
88,2,20,474,1998,1.26
88,2,20,474,1999,1.31
88,2,20,474,2000,1.3
88,2,20,474,2001,1.29
88,2,20,474,2002,1.32
88,2,20,474,2003,1.35
88,2,20,474,2004,1.35
88,2,20,474,2005,1.42
88,2,20,474,2006,1.47
88,2,20,474,2007,1.51
88,2,20,474,2008,1.56
88,2,20,474,2009,1.59
88,2,20,474,2010,1.59
88,2,20,474,2011,1.62
88,2,20,474,2012,1.64
88,2,20,474,2013,1.63
88,2,20,474,2014,1.65
88,2,20,474,2015,1.64
88,2,20,474,2016,1.63
88,2,20,474,2017,1.55
88,2,22,474,1990,5.88
88,2,22,474,1991,6.03
88,2,22,474,1992,6.19
88,2,22,474,1993,6.27
88,2,22,474,1994,6.34
88,2,22,474,1995,6.39
88,2,22,474,1996,6.43
88,2,22,474,1997,6.48
88,2,22,474,1998,6.39
88,2,22,474,1999,6.48
88,2,22,474,2000,6.65
88,2,22,474,2001,6.77
88,2,22,474,2002,6.81
88,2,22,474,2003,7.05
88,2,22,474,2004,7.4
88,2,22,474,2005,7.81
88,2,22,474,2006,8.04
88,2,22,474,2007,8.17
88,2,22,474,2008,8.32
88,2,22,474,2009,8.49
88,2,22,474,2010,8.53
88,2,22,474,2011,8.82
88,2,22,474,2012,9.04
88,2,22,474,2013,9.09
88,2,22,474,2014,9.34
88,2,22,474,2015,9.71
88,2,22,474,2016,10.12
88,2,22,474,2017,10.4
88,2,30,474,1990,1.25
88,2,30,474,1991,1.31
88,2,30,474,1992,1.34
88,2,30,474,1993,1.32
88,2,30,474,1994,1.32
88,2,30,474,1995,1.28
88,2,30,474,1996,1.27
88,2,30,474,1997,1.24
88,2,30,474,1998,1.19
88,2,30,474,1999,1.21
88,2,30,474,2000,1.33
88,2,30,474,2001,1.43
88,2,30,474,2002,1.49
88,2,30,474,2003,1.6
88,2,30,474,2004,1.78
88,2,30,474,2005,1.92
88,2,30,474,2006,1.96
88,2,30,474,2007,1.95
88,2,30,474,2008,1.96
88,2,30,474,2009,1.93
88,2,30,474,2010,1.89
88,2,30,474,2011,1.95
88,2,30,474,2012,1.99
88,2,30,474,2013,2
88,2,30,474,2014,2.03
88,2,30,474,2015,2.1
88,2,30,474,2016,2.17
88,2,30,474,2017,2.22
88,2,31,474,1990,0.74
88,2,31,474,1991,0.78
88,2,31,474,1992,0.83
88,2,31,474,1993,0.9
88,2,31,474,1994,0.91
88,2,31,474,1995,0.94
88,2,31,474,1996,0.98
88,2,31,474,1997,0.97
88,2,31,474,1998,0.96
88,2,31,474,1999,0.97
88,2,31,474,2000,0.99
88,2,31,474,2001,0.97
88,2,31,474,2002,0.93
88,2,31,474,2003,0.96
88,2,31,474,2004,1.04
88,2,31,474,2005,1.16
88,2,31,474,2006,1.28
88,2,31,474,2007,1.34
88,2,31,474,2008,1.4
88,2,31,474,2009,1.47
88,2,31,474,2010,1.47
88,2,31,474,2011,1.54
88,2,31,474,2012,1.6
88,2,31,474,2013,1.61
88,2,31,474,2014,1.63
88,2,31,474,2015,1.71
88,2,31,474,2016,1.82
88,2,31,474,2017,1.91
88,2,32,474,1990,0.26
88,2,32,474,1991,0.26
88,2,32,474,1992,0.28
88,2,32,474,1993,0.28
88,2,32,474,1994,0.3
88,2,32,474,1995,0.33
88,2,32,474,1996,0.34
88,2,32,474,1997,0.36
88,2,32,474,1998,0.38
88,2,32,474,1999,0.39
88,2,32,474,2000,0.41
88,2,32,474,2001,0.43
88,2,32,474,2002,0.43
88,2,32,474,2003,0.44
88,2,32,474,2004,0.45
88,2,32,474,2005,0.46
88,2,32,474,2006,0.46
88,2,32,474,2007,0.47
88,2,32,474,2008,0.49
88,2,32,474,2009,0.53
88,2,32,474,2010,0.59
88,2,32,474,2011,0.69
88,2,32,474,2012,0.75
88,2,32,474,2013,0.79
88,2,32,474,2014,0.86
88,2,32,474,2015,0.9
88,2,32,474,2016,0.94
88,2,32,474,2017,0.99
88,2,235,474,1990,0.05
88,2,235,474,1991,0.06
88,2,235,474,1992,0.06
88,2,235,474,1993,0.06
88,2,235,474,1994,0.06
88,2,235,474,1995,0.07
88,2,235,474,1996,0.07
88,2,235,474,1997,0.07
88,2,235,474,1998,0.08
88,2,235,474,1999,0.08
88,2,235,474,2000,0.09
88,2,235,474,2001,0.1
88,2,235,474,2002,0.11
88,2,235,474,2003,0.12
88,2,235,474,2004,0.12
88,2,235,474,2005,0.13
88,2,235,474,2006,0.13
88,2,235,474,2007,0.13
88,2,235,474,2008,0.13
88,2,235,474,2009,0.14
88,2,235,474,2010,0.14
88,2,235,474,2011,0.15
88,2,235,474,2012,0.17
88,2,235,474,2013,0.18
88,2,235,474,2014,0.2
88,2,235,474,2015,0.23
88,2,235,474,2016,0.26
88,2,235,474,2017,0.27
89,2,8,474,1990,0.06
89,2,8,474,1991,0.05
89,2,8,474,1992,0.05
89,2,8,474,1993,0.05
89,2,8,474,1994,0.05
89,2,8,474,1995,0.05
89,2,8,474,1996,0.05
89,2,8,474,1997,0.05
89,2,8,474,1998,0.05
89,2,8,474,1999,0.05
89,2,8,474,2000,0.05
89,2,8,474,2001,0.05
89,2,8,474,2002,0.05
89,2,8,474,2003,0.05
89,2,8,474,2004,0.05
89,2,8,474,2005,0.05
89,2,8,474,2006,0.05
89,2,8,474,2007,0.05
89,2,8,474,2008,0.05
89,2,8,474,2009,0.05
89,2,8,474,2010,0.05
89,2,8,474,2011,0.05
89,2,8,474,2012,0.05
89,2,8,474,2013,0.05
89,2,8,474,2014,0.05
89,2,8,474,2015,0.05
89,2,8,474,2016,0.05
89,2,8,474,2017,0.05
89,2,9,474,1990,0.06
89,2,9,474,1991,0.06
89,2,9,474,1992,0.06
89,2,9,474,1993,0.06
89,2,9,474,1994,0.06
89,2,9,474,1995,0.06
89,2,9,474,1996,0.05
89,2,9,474,1997,0.05
89,2,9,474,1998,0.05
89,2,9,474,1999,0.05
89,2,9,474,2000,0.05
89,2,9,474,2001,0.05
89,2,9,474,2002,0.05
89,2,9,474,2003,0.05
89,2,9,474,2004,0.05
89,2,9,474,2005,0.05
89,2,9,474,2006,0.05
89,2,9,474,2007,0.05
89,2,9,474,2008,0.05
89,2,9,474,2009,0.05
89,2,9,474,2010,0.05
89,2,9,474,2011,0.05
89,2,9,474,2012,0.05
89,2,9,474,2013,0.05
89,2,9,474,2014,0.05
89,2,9,474,2015,0.05
89,2,9,474,2016,0.06
89,2,9,474,2017,0.06
89,2,10,474,1990,0.18
89,2,10,474,1991,0.18
89,2,10,474,1992,0.18
89,2,10,474,1993,0.19
89,2,10,474,1994,0.18
89,2,10,474,1995,0.18
89,2,10,474,1996,0.18
89,2,10,474,1997,0.17
89,2,10,474,1998,0.16
89,2,10,474,1999,0.16
89,2,10,474,2000,0.15
89,2,10,474,2001,0.14
89,2,10,474,2002,0.14
89,2,10,474,2003,0.13
89,2,10,474,2004,0.11
89,2,10,474,2005,0.11
89,2,10,474,2006,0.1
89,2,10,474,2007,0.1
89,2,10,474,2008,0.1
89,2,10,474,2009,0.1
89,2,10,474,2010,0.09
89,2,10,474,2011,0.09
89,2,10,474,2012,0.08
89,2,10,474,2013,0.08
89,2,10,474,2014,0.09
89,2,10,474,2015,0.09
89,2,10,474,2016,0.09
89,2,10,474,2017,0.1
89,2,11,474,1990,0.67
89,2,11,474,1991,0.72
89,2,11,474,1992,0.71
89,2,11,474,1993,0.78
89,2,11,474,1994,0.75
89,2,11,474,1995,0.68
89,2,11,474,1996,0.71
89,2,11,474,1997,0.7
89,2,11,474,1998,0.66
89,2,11,474,1999,0.68
89,2,11,474,2000,0.65
89,2,11,474,2001,0.7
89,2,11,474,2002,0.71
89,2,11,474,2003,0.66
89,2,11,474,2004,0.63
89,2,11,474,2005,0.6
89,2,11,474,2006,0.57
89,2,11,474,2007,0.52
89,2,11,474,2008,0.47
89,2,11,474,2009,0.46
89,2,11,474,2010,0.47
89,2,11,474,2011,0.48
89,2,11,474,2012,0.48
89,2,11,474,2013,0.44
89,2,11,474,2014,0.42
89,2,11,474,2015,0.44
89,2,11,474,2016,0.5
89,2,11,474,2017,0.51
89,2,12,474,1990,1.2
89,2,12,474,1991,1.28
89,2,12,474,1992,1.34
89,2,12,474,1993,1.39
89,2,12,474,1994,1.41
89,2,12,474,1995,1.38
89,2,12,474,1996,1.44
89,2,12,474,1997,1.4
89,2,12,474,1998,1.45
89,2,12,474,1999,1.58
89,2,12,474,2000,1.51
89,2,12,474,2001,1.58
89,2,12,474,2002,1.64
89,2,12,474,2003,1.64
89,2,12,474,2004,1.52
89,2,12,474,2005,1.47
89,2,12,474,2006,1.44
89,2,12,474,2007,1.41
89,2,12,474,2008,1.43
89,2,12,474,2009,1.36
89,2,12,474,2010,1.25
89,2,12,474,2011,1.24
89,2,12,474,2012,1.14
89,2,12,474,2013,1.03
89,2,12,474,2014,0.96
89,2,12,474,2015,0.97
89,2,12,474,2016,1.08
89,2,12,474,2017,1.11
89,2,13,474,1990,2.79
89,2,13,474,1991,3.16
89,2,13,474,1992,3.17
89,2,13,474,1993,3.12
89,2,13,474,1994,3.09
89,2,13,474,1995,3.03
89,2,13,474,1996,3.32
89,2,13,474,1997,3.31
89,2,13,474,1998,3.3
89,2,13,474,1999,3.39
89,2,13,474,2000,3.28
89,2,13,474,2001,3.44
89,2,13,474,2002,3.67
89,2,13,474,2003,3.68
89,2,13,474,2004,3.47
89,2,13,474,2005,3.45
89,2,13,474,2006,3.39
89,2,13,474,2007,3.29
89,2,13,474,2008,3.28
89,2,13,474,2009,3.24
89,2,13,474,2010,3.11
89,2,13,474,2011,3.2
89,2,13,474,2012,3.1
89,2,13,474,2013,2.91
89,2,13,474,2014,2.83
89,2,13,474,2015,2.63
89,2,13,474,2016,2.53
89,2,13,474,2017,2.41
89,2,14,474,1990,3.41
89,2,14,474,1991,3.7
89,2,14,474,1992,4.22
89,2,14,474,1993,4.56
89,2,14,474,1994,4.7
89,2,14,474,1995,4.79
89,2,14,474,1996,4.93
89,2,14,474,1997,4.98
89,2,14,474,1998,5
89,2,14,474,1999,5.29
89,2,14,474,2000,5.46
89,2,14,474,2001,5.74
89,2,14,474,2002,6.18
89,2,14,474,2003,6.16
89,2,14,474,2004,5.86
89,2,14,474,2005,5.67
89,2,14,474,2006,5.53
89,2,14,474,2007,5.53
89,2,14,474,2008,5.63
89,2,14,474,2009,5.61
89,2,14,474,2010,5.55
89,2,14,474,2011,5.77
89,2,14,474,2012,5.71
89,2,14,474,2013,5.3
89,2,14,474,2014,5.04
89,2,14,474,2015,4.86
89,2,14,474,2016,4.95
89,2,14,474,2017,4.93
89,2,15,474,1990,5.93
89,2,15,474,1991,6.42
89,2,15,474,1992,6.64
89,2,15,474,1993,6.9
89,2,15,474,1994,7.21
89,2,15,474,1995,7.58
89,2,15,474,1996,8
89,2,15,474,1997,8.66
89,2,15,474,1998,9.08
89,2,15,474,1999,9.41
89,2,15,474,2000,9.28
89,2,15,474,2001,10.38
89,2,15,474,2002,10.95
89,2,15,474,2003,10.8
89,2,15,474,2004,10.41
89,2,15,474,2005,10.4
89,2,15,474,2006,10.54
89,2,15,474,2007,10.54
89,2,15,474,2008,11.2
89,2,15,474,2009,11.66
89,2,15,474,2010,11.7
89,2,15,474,2011,11.96
89,2,15,474,2012,11.63
89,2,15,474,2013,10.87
89,2,15,474,2014,10.7
89,2,15,474,2015,10.67
89,2,15,474,2016,11.4
89,2,15,474,2017,11.37
89,2,16,474,1990,10.18
89,2,16,474,1991,10.13
89,2,16,474,1992,10.15
89,2,16,474,1993,10.36
89,2,16,474,1994,10.35
89,2,16,474,1995,10.43
89,2,16,474,1996,10.5
89,2,16,474,1997,10.48
89,2,16,474,1998,10.15
89,2,16,474,1999,10.49
89,2,16,474,2000,10.85
89,2,16,474,2001,11.33
89,2,16,474,2002,13.43
89,2,16,474,2003,14.47
89,2,16,474,2004,14.95
89,2,16,474,2005,15.52
89,2,16,474,2006,16.39
89,2,16,474,2007,16.09
89,2,16,474,2008,16.44
89,2,16,474,2009,16.46
89,2,16,474,2010,16.91
89,2,16,474,2011,17.24
89,2,16,474,2012,17.29
89,2,16,474,2013,16.21
89,2,16,474,2014,16.16
89,2,16,474,2015,16.52
89,2,16,474,2016,17.12
89,2,16,474,2017,17.43
89,2,17,474,1990,17.41
89,2,17,474,1991,18.15
89,2,17,474,1992,18.59
89,2,17,474,1993,18.85
89,2,17,474,1994,18.61
89,2,17,474,1995,18.56
89,2,17,474,1996,17.93
89,2,17,474,1997,17.9
89,2,17,474,1998,17.19
89,2,17,474,1999,17.73
89,2,17,474,2000,17.24
89,2,17,474,2001,17.82
89,2,17,474,2002,18.58
89,2,17,474,2003,18.32
89,2,17,474,2004,18.08
89,2,17,474,2005,18.8
89,2,17,474,2006,19.62
89,2,17,474,2007,21.66
89,2,17,474,2008,24.11
89,2,17,474,2009,24.71
89,2,17,474,2010,25.08
89,2,17,474,2011,25.66
89,2,17,474,2012,25.21
89,2,17,474,2013,24.26
89,2,17,474,2014,23.62
89,2,17,474,2015,23.74
89,2,17,474,2016,23.98
89,2,17,474,2017,24.2
89,2,18,474,1990,28.76
89,2,18,474,1991,30.38
89,2,18,474,1992,30.23
89,2,18,474,1993,30.22
89,2,18,474,1994,30.23
89,2,18,474,1995,30.44
89,2,18,474,1996,30.63
89,2,18,474,1997,30.08
89,2,18,474,1998,29.09
89,2,18,474,1999,28.95
89,2,18,474,2000,27.44
89,2,18,474,2001,27.55
89,2,18,474,2002,28.01
89,2,18,474,2003,27.89
89,2,18,474,2004,26.7
89,2,18,474,2005,26.83
89,2,18,474,2006,28.52
89,2,18,474,2007,29.09
89,2,18,474,2008,30.54
89,2,18,474,2009,31.14
89,2,18,474,2010,32.98
89,2,18,474,2011,33.84
89,2,18,474,2012,36.47
89,2,18,474,2013,37.82
89,2,18,474,2014,38.77
89,2,18,474,2015,39.55
89,2,18,474,2016,41.67
89,2,18,474,2017,40.21
89,2,19,474,1990,33.43
89,2,19,474,1991,36.05
89,2,19,474,1992,37.11
89,2,19,474,1993,39.35
89,2,19,474,1994,40.53
89,2,19,474,1995,41.63
89,2,19,474,1996,42.49
89,2,19,474,1997,43.02
89,2,19,474,1998,42.53
89,2,19,474,1999,44.35
89,2,19,474,2000,42.47
89,2,19,474,2001,44.84
89,2,19,474,2002,46.66
89,2,19,474,2003,47.44
89,2,19,474,2004,45.26
89,2,19,474,2005,43.85
89,2,19,474,2006,44.1
89,2,19,474,2007,43.61
89,2,19,474,2008,43.56
89,2,19,474,2009,42.32
89,2,19,474,2010,43.3
89,2,19,474,2011,43.64
89,2,19,474,2012,42.34
89,2,19,474,2013,40.6
89,2,19,474,2014,40.96
89,2,19,474,2015,42.27
89,2,19,474,2016,45.08
89,2,19,474,2017,49.77
89,2,20,474,1990,55.98
89,2,20,474,1991,57.31
89,2,20,474,1992,57.69
89,2,20,474,1993,58.51
89,2,20,474,1994,58.74
89,2,20,474,1995,56.91
89,2,20,474,1996,60.2
89,2,20,474,1997,59.9
89,2,20,474,1998,59.12
89,2,20,474,1999,63.25
89,2,20,474,2000,62.95
89,2,20,474,2001,66.18
89,2,20,474,2002,67.37
89,2,20,474,2003,65.9
89,2,20,474,2004,63.12
89,2,20,474,2005,60.6
89,2,20,474,2006,62.16
89,2,20,474,2007,62.23
89,2,20,474,2008,62.35
89,2,20,474,2009,61.65
89,2,20,474,2010,62.71
89,2,20,474,2011,62.96
89,2,20,474,2012,62.44
89,2,20,474,2013,59.66
89,2,20,474,2014,60.61
89,2,20,474,2015,62.67
89,2,20,474,2016,68.1
89,2,20,474,2017,68.32
89,2,22,474,1990,318.12
89,2,22,474,1991,333.09
89,2,22,474,1992,340.59
89,2,22,474,1993,352.52
89,2,22,474,1994,355.2
89,2,22,474,1995,351.74
89,2,22,474,1996,363.88
89,2,22,474,1997,369.1
89,2,22,474,1998,365.49
89,2,22,474,1999,379.12
89,2,22,474,2000,367.55
89,2,22,474,2001,389.39
89,2,22,474,2002,409.42
89,2,22,474,2003,410.79
89,2,22,474,2004,401.28
89,2,22,474,2005,393.8
89,2,22,474,2006,408.11
89,2,22,474,2007,413.35
89,2,22,474,2008,427.88
89,2,22,474,2009,428.7
89,2,22,474,2010,434.89
89,2,22,474,2011,444.19
89,2,22,474,2012,447.07
89,2,22,474,2013,437.99
89,2,22,474,2014,440.16
89,2,22,474,2015,449.47
89,2,22,474,2016,474.41
89,2,22,474,2017,479
89,2,30,474,1990,70.34
89,2,30,474,1991,72.85
89,2,30,474,1992,73.76
89,2,30,474,1993,76.57
89,2,30,474,1994,76.04
89,2,30,474,1995,75.28
89,2,30,474,1996,75.57
89,2,30,474,1997,74.75
89,2,30,474,1998,71.94
89,2,30,474,1999,72.94
89,2,30,474,2000,71.57
89,2,30,474,2001,76.36
89,2,30,474,2002,81.88
89,2,30,474,2003,82.83
89,2,30,474,2004,83.06
89,2,30,474,2005,81.57
89,2,30,474,2006,81.44
89,2,30,474,2007,81.08
89,2,30,474,2008,81.77
89,2,30,474,2009,80.71
89,2,30,474,2010,81.07
89,2,30,474,2011,81.09
89,2,30,474,2012,80.74
89,2,30,474,2013,79.58
89,2,30,474,2014,78.84
89,2,30,474,2015,79.96
89,2,30,474,2016,83.52
89,2,30,474,2017,83.44
89,2,31,474,1990,55.77
89,2,31,474,1991,58.39
89,2,31,474,1992,60.42
89,2,31,474,1993,63.34
89,2,31,474,1994,64.35
89,2,31,474,1995,63.26
89,2,31,474,1996,66.83
89,2,31,474,1997,69.08
89,2,31,474,1998,70.02
89,2,31,474,1999,72.37
89,2,31,474,2000,69.64
89,2,31,474,2001,73.53
89,2,31,474,2002,76.75
89,2,31,474,2003,76.23
89,2,31,474,2004,73.5
89,2,31,474,2005,71.81
89,2,31,474,2006,77.56
89,2,31,474,2007,80.64
89,2,31,474,2008,86.2
89,2,31,474,2009,89.38
89,2,31,474,2010,90.53
89,2,31,474,2011,91.59
89,2,31,474,2012,90.44
89,2,31,474,2013,87.19
89,2,31,474,2014,85.9
89,2,31,474,2015,86.63
89,2,31,474,2016,90.18
89,2,31,474,2017,90.23
89,2,32,474,1990,25.23
89,2,32,474,1991,26.82
89,2,32,474,1992,28.24
89,2,32,474,1993,29.8
89,2,32,474,1994,30.22
89,2,32,474,1995,29.13
89,2,32,474,1996,31.73
89,2,32,474,1997,34.1
89,2,32,474,1998,34.75
89,2,32,474,1999,37.03
89,2,32,474,2000,34.72
89,2,32,474,2001,38.25
89,2,32,474,2002,41.42
89,2,32,474,2003,42.37
89,2,32,474,2004,42.42
89,2,32,474,2005,41.17
89,2,32,474,2006,43.51
89,2,32,474,2007,43.86
89,2,32,474,2008,45.5
89,2,32,474,2009,44.14
89,2,32,474,2010,43.89
89,2,32,474,2011,47.84
89,2,32,474,2012,51.35
89,2,32,474,2013,52.84
89,2,32,474,2014,55.97
89,2,32,474,2015,58.94
89,2,32,474,2016,61.68
89,2,32,474,2017,61.61
89,2,235,474,1990,6.71
89,2,235,474,1991,7.43
89,2,235,474,1992,8.01
89,2,235,474,1993,8.47
89,2,235,474,1994,8.71
89,2,235,474,1995,8.37
89,2,235,474,1996,9.33
89,2,235,474,1997,10.46
89,2,235,474,1998,10.97
89,2,235,474,1999,11.41
89,2,235,474,2000,10.24
89,2,235,474,2001,11.46
89,2,235,474,2002,11.95
89,2,235,474,2003,12.17
89,2,235,474,2004,12.1
89,2,235,474,2005,11.87
89,2,235,474,2006,13.14
89,2,235,474,2007,13.61
89,2,235,474,2008,15.19
89,2,235,474,2009,15.69
89,2,235,474,2010,16.16
89,2,235,474,2011,17.51
89,2,235,474,2012,18.56
89,2,235,474,2013,19.09
89,2,235,474,2014,19.19
89,2,235,474,2015,19.44
89,2,235,474,2016,22.41
89,2,235,474,2017,23.27
90,2,8,474,1990,0.02
90,2,8,474,1991,0.02
90,2,8,474,1992,0.02
90,2,8,474,1993,0.02
90,2,8,474,1994,0.02
90,2,8,474,1995,0.02
90,2,8,474,1996,0.02
90,2,8,474,1997,0.02
90,2,8,474,1998,0.02
90,2,8,474,1999,0.02
90,2,8,474,2000,0.02
90,2,8,474,2001,0.02
90,2,8,474,2002,0.02
90,2,8,474,2003,0.02
90,2,8,474,2004,0.02
90,2,8,474,2005,0.02
90,2,8,474,2006,0.02
90,2,8,474,2007,0.02
90,2,8,474,2008,0.02
90,2,8,474,2009,0.02
90,2,8,474,2010,0.02
90,2,8,474,2011,0.01
90,2,8,474,2012,0.01
90,2,8,474,2013,0.02
90,2,8,474,2014,0.02
90,2,8,474,2015,0.02
90,2,8,474,2016,0.02
90,2,8,474,2017,0.02
90,2,9,474,1990,0.03
90,2,9,474,1991,0.03
90,2,9,474,1992,0.03
90,2,9,474,1993,0.03
90,2,9,474,1994,0.03
90,2,9,474,1995,0.03
90,2,9,474,1996,0.03
90,2,9,474,1997,0.03
90,2,9,474,1998,0.03
90,2,9,474,1999,0.03
90,2,9,474,2000,0.03
90,2,9,474,2001,0.03
90,2,9,474,2002,0.03
90,2,9,474,2003,0.03
90,2,9,474,2004,0.03
90,2,9,474,2005,0.03
90,2,9,474,2006,0.03
90,2,9,474,2007,0.02
90,2,9,474,2008,0.02
90,2,9,474,2009,0.02
90,2,9,474,2010,0.02
90,2,9,474,2011,0.02
90,2,9,474,2012,0.02
90,2,9,474,2013,0.02
90,2,9,474,2014,0.02
90,2,9,474,2015,0.02
90,2,9,474,2016,0.02
90,2,9,474,2017,0.02
90,2,10,474,1990,0.06
90,2,10,474,1991,0.06
90,2,10,474,1992,0.06
90,2,10,474,1993,0.06
90,2,10,474,1994,0.06
90,2,10,474,1995,0.05
90,2,10,474,1996,0.06
90,2,10,474,1997,0.06
90,2,10,474,1998,0.06
90,2,10,474,1999,0.06
90,2,10,474,2000,0.06
90,2,10,474,2001,0.06
90,2,10,474,2002,0.06
90,2,10,474,2003,0.06
90,2,10,474,2004,0.06
90,2,10,474,2005,0.05
90,2,10,474,2006,0.05
90,2,10,474,2007,0.05
90,2,10,474,2008,0.05
90,2,10,474,2009,0.05
90,2,10,474,2010,0.05
90,2,10,474,2011,0.04
90,2,10,474,2012,0.04
90,2,10,474,2013,0.04
90,2,10,474,2014,0.04
90,2,10,474,2015,0.04
90,2,10,474,2016,0.04
90,2,10,474,2017,0.04
90,2,11,474,1990,0.15
90,2,11,474,1991,0.15
90,2,11,474,1992,0.14
90,2,11,474,1993,0.13
90,2,11,474,1994,0.13
90,2,11,474,1995,0.13
90,2,11,474,1996,0.13
90,2,11,474,1997,0.14
90,2,11,474,1998,0.14
90,2,11,474,1999,0.13
90,2,11,474,2000,0.13
90,2,11,474,2001,0.13
90,2,11,474,2002,0.13
90,2,11,474,2003,0.12
90,2,11,474,2004,0.12
90,2,11,474,2005,0.12
90,2,11,474,2006,0.1
90,2,11,474,2007,0.09
90,2,11,474,2008,0.09
90,2,11,474,2009,0.09
90,2,11,474,2010,0.09
90,2,11,474,2011,0.08
90,2,11,474,2012,0.07
90,2,11,474,2013,0.08
90,2,11,474,2014,0.08
90,2,11,474,2015,0.09
90,2,11,474,2016,0.09
90,2,11,474,2017,0.09
90,2,12,474,1990,0.27
90,2,12,474,1991,0.27
90,2,12,474,1992,0.25
90,2,12,474,1993,0.23
90,2,12,474,1994,0.23
90,2,12,474,1995,0.24
90,2,12,474,1996,0.26
90,2,12,474,1997,0.26
90,2,12,474,1998,0.25
90,2,12,474,1999,0.25
90,2,12,474,2000,0.26
90,2,12,474,2001,0.24
90,2,12,474,2002,0.23
90,2,12,474,2003,0.24
90,2,12,474,2004,0.25
90,2,12,474,2005,0.26
90,2,12,474,2006,0.25
90,2,12,474,2007,0.24
90,2,12,474,2008,0.23
90,2,12,474,2009,0.22
90,2,12,474,2010,0.22
90,2,12,474,2011,0.21
90,2,12,474,2012,0.18
90,2,12,474,2013,0.18
90,2,12,474,2014,0.17
90,2,12,474,2015,0.16
90,2,12,474,2016,0.16
90,2,12,474,2017,0.16
90,2,13,474,1990,0.55
90,2,13,474,1991,0.54
90,2,13,474,1992,0.52
90,2,13,474,1993,0.53
90,2,13,474,1994,0.53
90,2,13,474,1995,0.52
90,2,13,474,1996,0.54
90,2,13,474,1997,0.55
90,2,13,474,1998,0.54
90,2,13,474,1999,0.5
90,2,13,474,2000,0.5
90,2,13,474,2001,0.49
90,2,13,474,2002,0.49
90,2,13,474,2003,0.5
90,2,13,474,2004,0.5
90,2,13,474,2005,0.49
90,2,13,474,2006,0.46
90,2,13,474,2007,0.44
90,2,13,474,2008,0.41
90,2,13,474,2009,0.4
90,2,13,474,2010,0.41
90,2,13,474,2011,0.45
90,2,13,474,2012,0.41
90,2,13,474,2013,0.41
90,2,13,474,2014,0.39
90,2,13,474,2015,0.35
90,2,13,474,2016,0.35
90,2,13,474,2017,0.34
90,2,14,474,1990,0.86
90,2,14,474,1991,0.92
90,2,14,474,1992,1
90,2,14,474,1993,1.02
90,2,14,474,1994,1.11
90,2,14,474,1995,1.09
90,2,14,474,1996,1.07
90,2,14,474,1997,1
90,2,14,474,1998,0.96
90,2,14,474,1999,0.97
90,2,14,474,2000,1
90,2,14,474,2001,0.98
90,2,14,474,2002,0.94
90,2,14,474,2003,0.93
90,2,14,474,2004,0.97
90,2,14,474,2005,0.95
90,2,14,474,2006,0.9
90,2,14,474,2007,0.87
90,2,14,474,2008,0.82
90,2,14,474,2009,0.83
90,2,14,474,2010,0.88
90,2,14,474,2011,0.91
90,2,14,474,2012,0.82
90,2,14,474,2013,0.82
90,2,14,474,2014,0.78
90,2,14,474,2015,0.7
90,2,14,474,2016,0.7
90,2,14,474,2017,0.71
90,2,15,474,1990,1.32
90,2,15,474,1991,1.37
90,2,15,474,1992,1.39
90,2,15,474,1993,1.43
90,2,15,474,1994,1.53
90,2,15,474,1995,1.61
90,2,15,474,1996,1.84
90,2,15,474,1997,2.08
90,2,15,474,1998,2.11
90,2,15,474,1999,1.98
90,2,15,474,2000,1.96
90,2,15,474,2001,1.94
90,2,15,474,2002,1.85
90,2,15,474,2003,1.74
90,2,15,474,2004,1.76
90,2,15,474,2005,1.79
90,2,15,474,2006,1.73
90,2,15,474,2007,1.72
90,2,15,474,2008,1.71
90,2,15,474,2009,1.79
90,2,15,474,2010,1.86
90,2,15,474,2011,1.7
90,2,15,474,2012,1.53
90,2,15,474,2013,1.58
90,2,15,474,2014,1.54
90,2,15,474,2015,1.48
90,2,15,474,2016,1.51
90,2,15,474,2017,1.55
90,2,16,474,1990,2.6
90,2,16,474,1991,2.5
90,2,16,474,1992,2.53
90,2,16,474,1993,2.49
90,2,16,474,1994,2.52
90,2,16,474,1995,2.52
90,2,16,474,1996,2.63
90,2,16,474,1997,2.65
90,2,16,474,1998,2.57
90,2,16,474,1999,2.67
90,2,16,474,2000,2.98
90,2,16,474,2001,3.18
90,2,16,474,2002,3.5
90,2,16,474,2003,3.56
90,2,16,474,2004,3.56
90,2,16,474,2005,3.49
90,2,16,474,2006,3.35
90,2,16,474,2007,3.19
90,2,16,474,2008,2.92
90,2,16,474,2009,2.85
90,2,16,474,2010,2.99
90,2,16,474,2011,3.18
90,2,16,474,2012,2.96
90,2,16,474,2013,3.05
90,2,16,474,2014,2.94
90,2,16,474,2015,2.87
90,2,16,474,2016,2.89
90,2,16,474,2017,2.91
90,2,17,474,1990,5.07
90,2,17,474,1991,4.93
90,2,17,474,1992,4.9
90,2,17,474,1993,4.88
90,2,17,474,1994,4.77
90,2,17,474,1995,4.56
90,2,17,474,1996,4.44
90,2,17,474,1997,4.26
90,2,17,474,1998,4.17
90,2,17,474,1999,4.23
90,2,17,474,2000,4.49
90,2,17,474,2001,4.62
90,2,17,474,2002,4.58
90,2,17,474,2003,4.52
90,2,17,474,2004,4.53
90,2,17,474,2005,4.88
90,2,17,474,2006,5.01
90,2,17,474,2007,5.47
90,2,17,474,2008,5.67
90,2,17,474,2009,5.73
90,2,17,474,2010,5.89
90,2,17,474,2011,6.03
90,2,17,474,2012,5.29
90,2,17,474,2013,5.33
90,2,17,474,2014,5.08
90,2,17,474,2015,4.87
90,2,17,474,2016,5
90,2,17,474,2017,5.16
90,2,18,474,1990,10.21
90,2,18,474,1991,9.99
90,2,18,474,1992,9.67
90,2,18,474,1993,9.41
90,2,18,474,1994,9.08
90,2,18,474,1995,8.76
90,2,18,474,1996,8.66
90,2,18,474,1997,8.14
90,2,18,474,1998,7.8
90,2,18,474,1999,7.4
90,2,18,474,2000,7.28
90,2,18,474,2001,7.12
90,2,18,474,2002,6.99
90,2,18,474,2003,6.74
90,2,18,474,2004,6.66
90,2,18,474,2005,6.79
90,2,18,474,2006,6.74
90,2,18,474,2007,6.99
90,2,18,474,2008,7.14
90,2,18,474,2009,7.36
90,2,18,474,2010,7.98
90,2,18,474,2011,9.07
90,2,18,474,2012,8.94
90,2,18,474,2013,9.53
90,2,18,474,2014,9.3
90,2,18,474,2015,8.88
90,2,18,474,2016,9.06
90,2,18,474,2017,8.93
90,2,19,474,1990,14.61
90,2,19,474,1991,15.03
90,2,19,474,1992,15.19
90,2,19,474,1993,15.13
90,2,19,474,1994,15.39
90,2,19,474,1995,14.96
90,2,19,474,1996,14.22
90,2,19,474,1997,13.52
90,2,19,474,1998,12.83
90,2,19,474,1999,12.22
90,2,19,474,2000,12.41
90,2,19,474,2001,12.02
90,2,19,474,2002,11.82
90,2,19,474,2003,11.32
90,2,19,474,2004,10.58
90,2,19,474,2005,10.13
90,2,19,474,2006,9.68
90,2,19,474,2007,9.74
90,2,19,474,2008,9.42
90,2,19,474,2009,9.47
90,2,19,474,2010,9.96
90,2,19,474,2011,11.21
90,2,19,474,2012,10.37
90,2,19,474,2013,10.67
90,2,19,474,2014,10.55
90,2,19,474,2015,10.8
90,2,19,474,2016,11.56
90,2,19,474,2017,12.74
90,2,20,474,1990,22.14
90,2,20,474,1991,22.27
90,2,20,474,1992,22.4
90,2,20,474,1993,22.48
90,2,20,474,1994,22.31
90,2,20,474,1995,21.87
90,2,20,474,1996,22.55
90,2,20,474,1997,22.72
90,2,20,474,1998,22.69
90,2,20,474,1999,21.81
90,2,20,474,2000,22.3
90,2,20,474,2001,21.5
90,2,20,474,2002,21.2
90,2,20,474,2003,19.98
90,2,20,474,2004,19.02
90,2,20,474,2005,18.03
90,2,20,474,2006,17.28
90,2,20,474,2007,17.12
90,2,20,474,2008,16.3
90,2,20,474,2009,15.61
90,2,20,474,2010,15.69
90,2,20,474,2011,16.33
90,2,20,474,2012,14.79
90,2,20,474,2013,14.88
90,2,20,474,2014,14.63
90,2,20,474,2015,14.73
90,2,20,474,2016,15.22
90,2,20,474,2017,15.58
90,2,22,474,1990,111.39
90,2,22,474,1991,112.27
90,2,22,474,1992,114.11
90,2,22,474,1993,115.26
90,2,22,474,1994,116.94
90,2,22,474,1995,116.99
90,2,22,474,1996,118.93
90,2,22,474,1997,118.99
90,2,22,474,1998,119.08
90,2,22,474,1999,117.44
90,2,22,474,2000,121.45
90,2,22,474,2001,122.36
90,2,22,474,2002,123.1
90,2,22,474,2003,120.48
90,2,22,474,2004,117.93
90,2,22,474,2005,115.71
90,2,22,474,2006,114.27
90,2,22,474,2007,115.68
90,2,22,474,2008,112.4
90,2,22,474,2009,112.5
90,2,22,474,2010,116.42
90,2,22,474,2011,122.3
90,2,22,474,2012,113.5
90,2,22,474,2013,114.74
90,2,22,474,2014,111.25
90,2,22,474,2015,108.13
90,2,22,474,2016,109.73
90,2,22,474,2017,111.57
90,2,30,474,1990,24.82
90,2,30,474,1991,25.09
90,2,30,474,1992,25.86
90,2,30,474,1993,26.24
90,2,30,474,1994,26.61
90,2,30,474,1995,26.87
90,2,30,474,1996,27.67
90,2,30,474,1997,27.84
90,2,30,474,1998,28.02
90,2,30,474,1999,27.81
90,2,30,474,2000,28.58
90,2,30,474,2001,29.36
90,2,30,474,2002,29.55
90,2,30,474,2003,28.93
90,2,30,474,2004,28.43
90,2,30,474,2005,27.34
90,2,30,474,2006,25.96
90,2,30,474,2007,26.01
90,2,30,474,2008,24.53
90,2,30,474,2009,23.88
90,2,30,474,2010,23.86
90,2,30,474,2011,24.59
90,2,30,474,2012,22.37
90,2,30,474,2013,22.34
90,2,30,474,2014,21.08
90,2,30,474,2015,20.06
90,2,30,474,2016,19.79
90,2,30,474,2017,19.73
90,2,31,474,1990,19.47
90,2,31,474,1991,19.58
90,2,31,474,1992,20.38
90,2,31,474,1993,21.02
90,2,31,474,1994,21.82
90,2,31,474,1995,22.65
90,2,31,474,1996,23.05
90,2,31,474,1997,23.46
90,2,31,474,1998,24.09
90,2,31,474,1999,24.11
90,2,31,474,2000,25.22
90,2,31,474,2001,25.63
90,2,31,474,2002,26.21
90,2,31,474,2003,26.33
90,2,31,474,2004,25.86
90,2,31,474,2005,25.69
90,2,31,474,2006,26.65
90,2,31,474,2007,27.05
90,2,31,474,2008,26.31
90,2,31,474,2009,26.88
90,2,31,474,2010,28.01
90,2,31,474,2011,27.53
90,2,31,474,2012,25.26
90,2,31,474,2013,24.97
90,2,31,474,2014,23.95
90,2,31,474,2015,22.58
90,2,31,474,2016,22.55
90,2,31,474,2017,22.51
90,2,32,474,1990,7.46
90,2,32,474,1991,7.69
90,2,32,474,1992,7.88
90,2,32,474,1993,8.18
90,2,32,474,1994,8.68
90,2,32,474,1995,8.91
90,2,32,474,1996,9.39
90,2,32,474,1997,9.74
90,2,32,474,1998,10.17
90,2,32,474,1999,10.53
90,2,32,474,2000,11.33
90,2,32,474,2001,11.97
90,2,32,474,2002,12.38
90,2,32,474,2003,12.28
90,2,32,474,2004,12.28
90,2,32,474,2005,12.25
90,2,32,474,2006,12.52
90,2,32,474,2007,12.9
90,2,32,474,2008,12.89
90,2,32,474,2009,13.26
90,2,32,474,2010,14.11
90,2,32,474,2011,16.2
90,2,32,474,2012,15.78
90,2,32,474,2013,15.95
90,2,32,474,2014,15.7
90,2,32,474,2015,15.43
90,2,32,474,2016,15.22
90,2,32,474,2017,15.18
90,2,235,474,1990,1.76
90,2,235,474,1991,1.83
90,2,235,474,1992,1.9
90,2,235,474,1993,1.98
90,2,235,474,1994,2.13
90,2,235,474,1995,2.22
90,2,235,474,1996,2.38
90,2,235,474,1997,2.52
90,2,235,474,1998,2.64
90,2,235,474,1999,2.72
90,2,235,474,2000,2.91
90,2,235,474,2001,3.06
90,2,235,474,2002,3.14
90,2,235,474,2003,3.19
90,2,235,474,2004,3.3
90,2,235,474,2005,3.42
90,2,235,474,2006,3.58
90,2,235,474,2007,3.78
90,2,235,474,2008,3.87
90,2,235,474,2009,4.03
90,2,235,474,2010,4.38
90,2,235,474,2011,4.74
90,2,235,474,2012,4.65
90,2,235,474,2013,4.86
90,2,235,474,2014,4.97
90,2,235,474,2015,5.05
90,2,235,474,2016,5.57
90,2,235,474,2017,5.89
91,2,8,474,1990,0.04
91,2,8,474,1991,0.04
91,2,8,474,1992,0.04
91,2,8,474,1993,0.04
91,2,8,474,1994,0.04
91,2,8,474,1995,0.04
91,2,8,474,1996,0.04
91,2,8,474,1997,0.04
91,2,8,474,1998,0.04
91,2,8,474,1999,0.04
91,2,8,474,2000,0.04
91,2,8,474,2001,0.03
91,2,8,474,2002,0.03
91,2,8,474,2003,0.03
91,2,8,474,2004,0.03
91,2,8,474,2005,0.03
91,2,8,474,2006,0.03
91,2,8,474,2007,0.03
91,2,8,474,2008,0.03
91,2,8,474,2009,0.03
91,2,8,474,2010,0.03
91,2,8,474,2011,0.03
91,2,8,474,2012,0.03
91,2,8,474,2013,0.03
91,2,8,474,2014,0.03
91,2,8,474,2015,0.03
91,2,8,474,2016,0.03
91,2,8,474,2017,0.03
91,2,9,474,1990,0.09
91,2,9,474,1991,0.09
91,2,9,474,1992,0.09
91,2,9,474,1993,0.09
91,2,9,474,1994,0.08
91,2,9,474,1995,0.08
91,2,9,474,1996,0.08
91,2,9,474,1997,0.08
91,2,9,474,1998,0.08
91,2,9,474,1999,0.08
91,2,9,474,2000,0.07
91,2,9,474,2001,0.07
91,2,9,474,2002,0.06
91,2,9,474,2003,0.06
91,2,9,474,2004,0.05
91,2,9,474,2005,0.05
91,2,9,474,2006,0.05
91,2,9,474,2007,0.05
91,2,9,474,2008,0.04
91,2,9,474,2009,0.04
91,2,9,474,2010,0.04
91,2,9,474,2011,0.04
91,2,9,474,2012,0.04
91,2,9,474,2013,0.03
91,2,9,474,2014,0.03
91,2,9,474,2015,0.03
91,2,9,474,2016,0.03
91,2,9,474,2017,0.03
91,2,10,474,1990,0.08
91,2,10,474,1991,0.08
91,2,10,474,1992,0.07
91,2,10,474,1993,0.08
91,2,10,474,1994,0.07
91,2,10,474,1995,0.06
91,2,10,474,1996,0.06
91,2,10,474,1997,0.07
91,2,10,474,1998,0.06
91,2,10,474,1999,0.06
91,2,10,474,2000,0.05
91,2,10,474,2001,0.06
91,2,10,474,2002,0.06
91,2,10,474,2003,0.06
91,2,10,474,2004,0.05
91,2,10,474,2005,0.05
91,2,10,474,2006,0.04
91,2,10,474,2007,0.04
91,2,10,474,2008,0.04
91,2,10,474,2009,0.04
91,2,10,474,2010,0.04
91,2,10,474,2011,0.03
91,2,10,474,2012,0.03
91,2,10,474,2013,0.03
91,2,10,474,2014,0.03
91,2,10,474,2015,0.03
91,2,10,474,2016,0.02
91,2,10,474,2017,0.02
91,2,11,474,1990,0.18
91,2,11,474,1991,0.19
91,2,11,474,1992,0.19
91,2,11,474,1993,0.2
91,2,11,474,1994,0.19
91,2,11,474,1995,0.19
91,2,11,474,1996,0.18
91,2,11,474,1997,0.19
91,2,11,474,1998,0.18
91,2,11,474,1999,0.17
91,2,11,474,2000,0.17
91,2,11,474,2001,0.17
91,2,11,474,2002,0.16
91,2,11,474,2003,0.16
91,2,11,474,2004,0.16
91,2,11,474,2005,0.15
91,2,11,474,2006,0.14
91,2,11,474,2007,0.14
91,2,11,474,2008,0.14
91,2,11,474,2009,0.14
91,2,11,474,2010,0.14
91,2,11,474,2011,0.12
91,2,11,474,2012,0.11
91,2,11,474,2013,0.1
91,2,11,474,2014,0.09
91,2,11,474,2015,0.08
91,2,11,474,2016,0.07
91,2,11,474,2017,0.07
91,2,12,474,1990,0.47
91,2,12,474,1991,0.47
91,2,12,474,1992,0.46
91,2,12,474,1993,0.48
91,2,12,474,1994,0.46
91,2,12,474,1995,0.46
91,2,12,474,1996,0.47
91,2,12,474,1997,0.5
91,2,12,474,1998,0.47
91,2,12,474,1999,0.46
91,2,12,474,2000,0.45
91,2,12,474,2001,0.45
91,2,12,474,2002,0.43
91,2,12,474,2003,0.43
91,2,12,474,2004,0.41
91,2,12,474,2005,0.41
91,2,12,474,2006,0.42
91,2,12,474,2007,0.41
91,2,12,474,2008,0.39
91,2,12,474,2009,0.41
91,2,12,474,2010,0.4
91,2,12,474,2011,0.36
91,2,12,474,2012,0.35
91,2,12,474,2013,0.35
91,2,12,474,2014,0.34
91,2,12,474,2015,0.3
91,2,12,474,2016,0.31
91,2,12,474,2017,0.32
91,2,13,474,1990,0.88
91,2,13,474,1991,0.9
91,2,13,474,1992,0.9
91,2,13,474,1993,0.91
91,2,13,474,1994,0.84
91,2,13,474,1995,0.84
91,2,13,474,1996,0.86
91,2,13,474,1997,0.89
91,2,13,474,1998,0.87
91,2,13,474,1999,0.88
91,2,13,474,2000,0.91
91,2,13,474,2001,0.92
91,2,13,474,2002,0.91
91,2,13,474,2003,0.87
91,2,13,474,2004,0.83
91,2,13,474,2005,0.82
91,2,13,474,2006,0.83
91,2,13,474,2007,0.85
91,2,13,474,2008,0.84
91,2,13,474,2009,0.85
91,2,13,474,2010,0.82
91,2,13,474,2011,0.83
91,2,13,474,2012,0.82
91,2,13,474,2013,0.76
91,2,13,474,2014,0.77
91,2,13,474,2015,0.73
91,2,13,474,2016,0.76
91,2,13,474,2017,0.79
91,2,14,474,1990,1.24
91,2,14,474,1991,1.29
91,2,14,474,1992,1.29
91,2,14,474,1993,1.34
91,2,14,474,1994,1.27
91,2,14,474,1995,1.26
91,2,14,474,1996,1.32
91,2,14,474,1997,1.42
91,2,14,474,1998,1.34
91,2,14,474,1999,1.32
91,2,14,474,2000,1.39
91,2,14,474,2001,1.42
91,2,14,474,2002,1.35
91,2,14,474,2003,1.35
91,2,14,474,2004,1.3
91,2,14,474,2005,1.24
91,2,14,474,2006,1.26
91,2,14,474,2007,1.37
91,2,14,474,2008,1.41
91,2,14,474,2009,1.44
91,2,14,474,2010,1.4
91,2,14,474,2011,1.42
91,2,14,474,2012,1.43
91,2,14,474,2013,1.42
91,2,14,474,2014,1.35
91,2,14,474,2015,1.26
91,2,14,474,2016,1.29
91,2,14,474,2017,1.31
91,2,15,474,1990,2.59
91,2,15,474,1991,2.69
91,2,15,474,1992,2.52
91,2,15,474,1993,2.43
91,2,15,474,1994,2.37
91,2,15,474,1995,2.34
91,2,15,474,1996,2.45
91,2,15,474,1997,2.51
91,2,15,474,1998,2.38
91,2,15,474,1999,2.44
91,2,15,474,2000,2.48
91,2,15,474,2001,2.43
91,2,15,474,2002,2.42
91,2,15,474,2003,2.51
91,2,15,474,2004,2.43
91,2,15,474,2005,2.34
91,2,15,474,2006,2.43
91,2,15,474,2007,2.59
91,2,15,474,2008,2.68
91,2,15,474,2009,2.93
91,2,15,474,2010,2.97
91,2,15,474,2011,2.98
91,2,15,474,2012,2.93
91,2,15,474,2013,2.96
91,2,15,474,2014,2.9
91,2,15,474,2015,2.8
91,2,15,474,2016,2.86
91,2,15,474,2017,2.88
91,2,16,474,1990,5.34
91,2,16,474,1991,5.45
91,2,16,474,1992,5.18
91,2,16,474,1993,4.91
91,2,16,474,1994,4.53
91,2,16,474,1995,4.39
91,2,16,474,1996,4.28
91,2,16,474,1997,4.48
91,2,16,474,1998,4.22
91,2,16,474,1999,4.11
91,2,16,474,2000,3.92
91,2,16,474,2001,3.72
91,2,16,474,2002,3.69
91,2,16,474,2003,3.99
91,2,16,474,2004,3.87
91,2,16,474,2005,3.62
91,2,16,474,2006,3.63
91,2,16,474,2007,4.1
91,2,16,474,2008,4.2
91,2,16,474,2009,4.27
91,2,16,474,2010,4.38
91,2,16,474,2011,4.61
91,2,16,474,2012,4.55
91,2,16,474,2013,4.46
91,2,16,474,2014,4.45
91,2,16,474,2015,4.22
91,2,16,474,2016,4.47
91,2,16,474,2017,4.67
91,2,17,474,1990,8.64
91,2,17,474,1991,9.05
91,2,17,474,1992,8.59
91,2,17,474,1993,8.59
91,2,17,474,1994,8
91,2,17,474,1995,7.78
91,2,17,474,1996,8.01
91,2,17,474,1997,8.19
91,2,17,474,1998,8.15
91,2,17,474,1999,8.28
91,2,17,474,2000,8.13
91,2,17,474,2001,7.54
91,2,17,474,2002,7.41
91,2,17,474,2003,7.32
91,2,17,474,2004,7.02
91,2,17,474,2005,7.01
91,2,17,474,2006,7.24
91,2,17,474,2007,7.35
91,2,17,474,2008,7.32
91,2,17,474,2009,7.86
91,2,17,474,2010,7.75
91,2,17,474,2011,7.68
91,2,17,474,2012,8.17
91,2,17,474,2013,8.23
91,2,17,474,2014,8.09
91,2,17,474,2015,7.91
91,2,17,474,2016,8.18
91,2,17,474,2017,8.2
91,2,18,474,1990,14.95
91,2,18,474,1991,15.31
91,2,18,474,1992,14.85
91,2,18,474,1993,15.26
91,2,18,474,1994,14.62
91,2,18,474,1995,14.52
91,2,18,474,1996,14.29
91,2,18,474,1997,14.39
91,2,18,474,1998,14.11
91,2,18,474,1999,14.54
91,2,18,474,2000,14.2
91,2,18,474,2001,13.71
91,2,18,474,2002,13.56
91,2,18,474,2003,13.69
91,2,18,474,2004,13.26
91,2,18,474,2005,12.54
91,2,18,474,2006,12
91,2,18,474,2007,12.2
91,2,18,474,2008,11.95
91,2,18,474,2009,11.78
91,2,18,474,2010,11.11
91,2,18,474,2011,11.57
91,2,18,474,2012,12.35
91,2,18,474,2013,12.62
91,2,18,474,2014,13.35
91,2,18,474,2015,12.66
91,2,18,474,2016,12.95
91,2,18,474,2017,13.31
91,2,19,474,1990,22.02
91,2,19,474,1991,23.26
91,2,19,474,1992,22.92
91,2,19,474,1993,23.9
91,2,19,474,1994,24.16
91,2,19,474,1995,25.9
91,2,19,474,1996,26.64
91,2,19,474,1997,26.77
91,2,19,474,1998,25.8
91,2,19,474,1999,26.63
91,2,19,474,2000,26.8
91,2,19,474,2001,25.99
91,2,19,474,2002,25.05
91,2,19,474,2003,25.46
91,2,19,474,2004,24.23
91,2,19,474,2005,23.93
91,2,19,474,2006,23.22
91,2,19,474,2007,23.11
91,2,19,474,2008,21.7
91,2,19,474,2009,20.86
91,2,19,474,2010,20.55
91,2,19,474,2011,20.17
91,2,19,474,2012,19.79
91,2,19,474,2013,19.87
91,2,19,474,2014,20.37
91,2,19,474,2015,19.83
91,2,19,474,2016,21.21
91,2,19,474,2017,22.08
91,2,20,474,1990,37.12
91,2,20,474,1991,36.74
91,2,20,474,1992,34.92
91,2,20,474,1993,34.34
91,2,20,474,1994,31.59
91,2,20,474,1995,31.59
91,2,20,474,1996,32.62
91,2,20,474,1997,33.2
91,2,20,474,1998,34.22
91,2,20,474,1999,38.21
91,2,20,474,2000,39.62
91,2,20,474,2001,39.36
91,2,20,474,2002,39.77
91,2,20,474,2003,40.56
91,2,20,474,2004,38.44
91,2,20,474,2005,38.07
91,2,20,474,2006,38
91,2,20,474,2007,39.28
91,2,20,474,2008,39.7
91,2,20,474,2009,38.94
91,2,20,474,2010,38.67
91,2,20,474,2011,39.32
91,2,20,474,2012,38.22
91,2,20,474,2013,37.51
91,2,20,474,2014,37.92
91,2,20,474,2015,36.04
91,2,20,474,2016,36.48
91,2,20,474,2017,36.27
91,2,22,474,1990,181.18
91,2,22,474,1991,190.41
91,2,22,474,1992,189.81
91,2,22,474,1993,195.6
91,2,22,474,1994,188.41
91,2,22,474,1995,193.8
91,2,22,474,1996,200.5
91,2,22,474,1997,205.13
91,2,22,474,1998,200.32
91,2,22,474,1999,208.15
91,2,22,474,2000,211.85
91,2,22,474,2001,212.71
91,2,22,474,2002,215.4
91,2,22,474,2003,224.51
91,2,22,474,2004,216.23
91,2,22,474,2005,215.57
91,2,22,474,2006,219.5
91,2,22,474,2007,231.77
91,2,22,474,2008,237
91,2,22,474,2009,241.17
91,2,22,474,2010,244.21
91,2,22,474,2011,250.06
91,2,22,474,2012,257.22
91,2,22,474,2013,260.42
91,2,22,474,2014,263.55
91,2,22,474,2015,262.49
91,2,22,474,2016,274.19
91,2,22,474,2017,281.88
91,2,30,474,1990,40.36
91,2,30,474,1991,43.83
91,2,30,474,1992,45
91,2,30,474,1993,46.19
91,2,30,474,1994,43.94
91,2,30,474,1995,44.28
91,2,30,474,1996,45.1
91,2,30,474,1997,45.24
91,2,30,474,1998,43.26
91,2,30,474,1999,44.38
91,2,30,474,2000,45.18
91,2,30,474,2001,47.29
91,2,30,474,2002,49.66
91,2,30,474,2003,52.25
91,2,30,474,2004,52.53
91,2,30,474,2005,53.48
91,2,30,474,2006,52.96
91,2,30,474,2007,54.88
91,2,30,474,2008,55.4
91,2,30,474,2009,56.18
91,2,30,474,2010,55.72
91,2,30,474,2011,55.67
91,2,30,474,2012,55.79
91,2,30,474,2013,56.42
91,2,30,474,2014,57.9
91,2,30,474,2015,57.41
91,2,30,474,2016,59.23
91,2,30,474,2017,60.31
91,2,31,474,1990,33.34
91,2,31,474,1991,35.7
91,2,31,474,1992,36.94
91,2,31,474,1993,39.8
91,2,31,474,1994,39.06
91,2,31,474,1995,41.8
91,2,31,474,1996,44.95
91,2,31,474,1997,47.2
91,2,31,474,1998,45.21
91,2,31,474,1999,46.12
91,2,31,474,2000,46.23
91,2,31,474,2001,45.26
91,2,31,474,2002,45.85
91,2,31,474,2003,48.03
91,2,31,474,2004,43.18
91,2,31,474,2005,42.52
91,2,31,474,2006,45.17
91,2,31,474,2007,50.79
91,2,31,474,2008,54.81
91,2,31,474,2009,58.24
91,2,31,474,2010,61.35
91,2,31,474,2011,63.46
91,2,31,474,2012,67.42
91,2,31,474,2013,67.87
91,2,31,474,2014,66.05
91,2,31,474,2015,65.6
91,2,31,474,2016,68.29
91,2,31,474,2017,70.22
91,2,32,474,1990,11.72
91,2,32,474,1991,13.01
91,2,32,474,1992,13.5
91,2,32,474,1993,14.54
91,2,32,474,1994,14.64
91,2,32,474,1995,15.57
91,2,32,474,1996,16.2
91,2,32,474,1997,16.9
91,2,32,474,1998,16.91
91,2,32,474,1999,17.56
91,2,32,474,2000,18.7
91,2,32,474,2001,20.5
91,2,32,474,2002,20.95
91,2,32,474,2003,23.12
91,2,32,474,2004,23.42
91,2,32,474,2005,23.74
91,2,32,474,2006,25.47
91,2,32,474,2007,27.05
91,2,32,474,2008,27.94
91,2,32,474,2009,27.88
91,2,32,474,2010,28.65
91,2,32,474,2011,30.78
91,2,32,474,2012,33.36
91,2,32,474,2013,35.34
91,2,32,474,2014,37.21
91,2,32,474,2015,40.24
91,2,32,474,2016,43.25
91,2,32,474,2017,45.78
91,2,235,474,1990,2.11
91,2,235,474,1991,2.29
91,2,235,474,1992,2.36
91,2,235,474,1993,2.5
91,2,235,474,1994,2.53
91,2,235,474,1995,2.7
91,2,235,474,1996,2.93
91,2,235,474,1997,3.04
91,2,235,474,1998,3
91,2,235,474,1999,2.86
91,2,235,474,2000,3.51
91,2,235,474,2001,3.8
91,2,235,474,2002,4.02
91,2,235,474,2003,4.61
91,2,235,474,2004,5.01
91,2,235,474,2005,5.57
91,2,235,474,2006,6.61
91,2,235,474,2007,7.54
91,2,235,474,2008,8.42
91,2,235,474,2009,9.27
91,2,235,474,2010,10.21
91,2,235,474,2011,11
91,2,235,474,2012,11.85
91,2,235,474,2013,12.42
91,2,235,474,2014,12.67
91,2,235,474,2015,13.32
91,2,235,474,2016,14.75
91,2,235,474,2017,15.61
92,2,8,474,1990,0.22
92,2,8,474,1991,0.22
92,2,8,474,1992,0.21
92,2,8,474,1993,0.21
92,2,8,474,1994,0.2
92,2,8,474,1995,0.18
92,2,8,474,1996,0.18
92,2,8,474,1997,0.18
92,2,8,474,1998,0.17
92,2,8,474,1999,0.16
92,2,8,474,2000,0.16
92,2,8,474,2001,0.15
92,2,8,474,2002,0.14
92,2,8,474,2003,0.13
92,2,8,474,2004,0.13
92,2,8,474,2005,0.13
92,2,8,474,2006,0.12
92,2,8,474,2007,0.12
92,2,8,474,2008,0.13
92,2,8,474,2009,0.12
92,2,8,474,2010,0.12
92,2,8,474,2011,0.12
92,2,8,474,2012,0.11
92,2,8,474,2013,0.11
92,2,8,474,2014,0.11
92,2,8,474,2015,0.11
92,2,8,474,2016,0.11
92,2,8,474,2017,0.11
92,2,9,474,1990,0.27
92,2,9,474,1991,0.27
92,2,9,474,1992,0.25
92,2,9,474,1993,0.23
92,2,9,474,1994,0.23
92,2,9,474,1995,0.22
92,2,9,474,1996,0.21
92,2,9,474,1997,0.21
92,2,9,474,1998,0.21
92,2,9,474,1999,0.21
92,2,9,474,2000,0.21
92,2,9,474,2001,0.2
92,2,9,474,2002,0.19
92,2,9,474,2003,0.19
92,2,9,474,2004,0.18
92,2,9,474,2005,0.17
92,2,9,474,2006,0.16
92,2,9,474,2007,0.16
92,2,9,474,2008,0.16
92,2,9,474,2009,0.16
92,2,9,474,2010,0.15
92,2,9,474,2011,0.14
92,2,9,474,2012,0.13
92,2,9,474,2013,0.13
92,2,9,474,2014,0.12
92,2,9,474,2015,0.12
92,2,9,474,2016,0.12
92,2,9,474,2017,0.11
92,2,10,474,1990,0.44
92,2,10,474,1991,0.45
92,2,10,474,1992,0.44
92,2,10,474,1993,0.42
92,2,10,474,1994,0.4
92,2,10,474,1995,0.38
92,2,10,474,1996,0.36
92,2,10,474,1997,0.36
92,2,10,474,1998,0.35
92,2,10,474,1999,0.33
92,2,10,474,2000,0.33
92,2,10,474,2001,0.35
92,2,10,474,2002,0.34
92,2,10,474,2003,0.35
92,2,10,474,2004,0.33
92,2,10,474,2005,0.31
92,2,10,474,2006,0.29
92,2,10,474,2007,0.28
92,2,10,474,2008,0.28
92,2,10,474,2009,0.26
92,2,10,474,2010,0.24
92,2,10,474,2011,0.23
92,2,10,474,2012,0.22
92,2,10,474,2013,0.19
92,2,10,474,2014,0.17
92,2,10,474,2015,0.16
92,2,10,474,2016,0.16
92,2,10,474,2017,0.15
92,2,11,474,1990,0.82
92,2,11,474,1991,0.84
92,2,11,474,1992,0.81
92,2,11,474,1993,0.81
92,2,11,474,1994,0.84
92,2,11,474,1995,0.84
92,2,11,474,1996,0.85
92,2,11,474,1997,0.87
92,2,11,474,1998,0.82
92,2,11,474,1999,0.84
92,2,11,474,2000,0.83
92,2,11,474,2001,0.83
92,2,11,474,2002,0.81
92,2,11,474,2003,0.82
92,2,11,474,2004,0.82
92,2,11,474,2005,0.82
92,2,11,474,2006,0.8
92,2,11,474,2007,0.79
92,2,11,474,2008,0.79
92,2,11,474,2009,0.76
92,2,11,474,2010,0.74
92,2,11,474,2011,0.74
92,2,11,474,2012,0.68
92,2,11,474,2013,0.6
92,2,11,474,2014,0.55
92,2,11,474,2015,0.51
92,2,11,474,2016,0.48
92,2,11,474,2017,0.46
92,2,12,474,1990,1.38
92,2,12,474,1991,1.37
92,2,12,474,1992,1.32
92,2,12,474,1993,1.36
92,2,12,474,1994,1.4
92,2,12,474,1995,1.48
92,2,12,474,1996,1.43
92,2,12,474,1997,1.48
92,2,12,474,1998,1.52
92,2,12,474,1999,1.56
92,2,12,474,2000,1.68
92,2,12,474,2001,1.77
92,2,12,474,2002,1.8
92,2,12,474,2003,1.88
92,2,12,474,2004,1.81
92,2,12,474,2005,1.83
92,2,12,474,2006,1.78
92,2,12,474,2007,1.75
92,2,12,474,2008,1.81
92,2,12,474,2009,1.75
92,2,12,474,2010,1.71
92,2,12,474,2011,1.77
92,2,12,474,2012,1.74
92,2,12,474,2013,1.72
92,2,12,474,2014,1.57
92,2,12,474,2015,1.54
92,2,12,474,2016,1.46
92,2,12,474,2017,1.4
92,2,13,474,1990,2.79
92,2,13,474,1991,2.81
92,2,13,474,1992,2.77
92,2,13,474,1993,2.92
92,2,13,474,1994,2.91
92,2,13,474,1995,2.96
92,2,13,474,1996,3.02
92,2,13,474,1997,2.97
92,2,13,474,1998,3.01
92,2,13,474,1999,3.25
92,2,13,474,2000,3.29
92,2,13,474,2001,3.48
92,2,13,474,2002,3.58
92,2,13,474,2003,3.84
92,2,13,474,2004,3.81
92,2,13,474,2005,3.77
92,2,13,474,2006,3.81
92,2,13,474,2007,3.8
92,2,13,474,2008,3.82
92,2,13,474,2009,3.75
92,2,13,474,2010,3.64
92,2,13,474,2011,3.55
92,2,13,474,2012,3.16
92,2,13,474,2013,2.93
92,2,13,474,2014,2.82
92,2,13,474,2015,2.94
92,2,13,474,2016,2.77
92,2,13,474,2017,2.73
92,2,14,474,1990,4.55
92,2,14,474,1991,4.81
92,2,14,474,1992,4.81
92,2,14,474,1993,5.3
92,2,14,474,1994,5.52
92,2,14,474,1995,5.42
92,2,14,474,1996,5.41
92,2,14,474,1997,5.62
92,2,14,474,1998,5.65
92,2,14,474,1999,6.12
92,2,14,474,2000,6.4
92,2,14,474,2001,6.89
92,2,14,474,2002,7.33
92,2,14,474,2003,8
92,2,14,474,2004,7.99
92,2,14,474,2005,8.35
92,2,14,474,2006,8.68
92,2,14,474,2007,9.32
92,2,14,474,2008,9.6
92,2,14,474,2009,9.66
92,2,14,474,2010,9.5
92,2,14,474,2011,9.61
92,2,14,474,2012,9.2
92,2,14,474,2013,9
92,2,14,474,2014,8.41
92,2,14,474,2015,8.58
92,2,14,474,2016,8.05
92,2,14,474,2017,7.85
92,2,15,474,1990,8.73
92,2,15,474,1991,8.71
92,2,15,474,1992,8.17
92,2,15,474,1993,8.2
92,2,15,474,1994,8.65
92,2,15,474,1995,8.67
92,2,15,474,1996,8.98
92,2,15,474,1997,9.12
92,2,15,474,1998,9.65
92,2,15,474,1999,10.43
92,2,15,474,2000,10.81
92,2,15,474,2001,11.09
92,2,15,474,2002,11.34
92,2,15,474,2003,12.14
92,2,15,474,2004,11.67
92,2,15,474,2005,12.12
92,2,15,474,2006,13.45
92,2,15,474,2007,14.97
92,2,15,474,2008,16.18
92,2,15,474,2009,16.66
92,2,15,474,2010,17.17
92,2,15,474,2011,18.34
92,2,15,474,2012,17.92
92,2,15,474,2013,17.81
92,2,15,474,2014,16.92
92,2,15,474,2015,17.33
92,2,15,474,2016,16.92
92,2,15,474,2017,16.67
92,2,16,474,1990,20.29
92,2,16,474,1991,19.48
92,2,16,474,1992,19.03
92,2,16,474,1993,17.91
92,2,16,474,1994,17.03
92,2,16,474,1995,15.66
92,2,16,474,1996,15.31
92,2,16,474,1997,14.43
92,2,16,474,1998,13.97
92,2,16,474,1999,15.23
92,2,16,474,2000,15.74
92,2,16,474,2001,15.78
92,2,16,474,2002,16.13
92,2,16,474,2003,17.66
92,2,16,474,2004,17.7
92,2,16,474,2005,18.94
92,2,16,474,2006,19.71
92,2,16,474,2007,21.17
92,2,16,474,2008,22.4
92,2,16,474,2009,22.57
92,2,16,474,2010,23.44
92,2,16,474,2011,25.05
92,2,16,474,2012,25.19
92,2,16,474,2013,26.4
92,2,16,474,2014,27.31
92,2,16,474,2015,29.47
92,2,16,474,2016,28.52
92,2,16,474,2017,27.94
92,2,17,474,1990,37.4
92,2,17,474,1991,36.3
92,2,17,474,1992,34.91
92,2,17,474,1993,33.89
92,2,17,474,1994,32.48
92,2,17,474,1995,30.16
92,2,17,474,1996,29.36
92,2,17,474,1997,28.81
92,2,17,474,1998,27.5
92,2,17,474,1999,27.1
92,2,17,474,2000,25.91
92,2,17,474,2001,26.02
92,2,17,474,2002,24.64
92,2,17,474,2003,25.38
92,2,17,474,2004,25.61
92,2,17,474,2005,27.75
92,2,17,474,2006,28.37
92,2,17,474,2007,30.01
92,2,17,474,2008,30.74
92,2,17,474,2009,31.22
92,2,17,474,2010,31.38
92,2,17,474,2011,32.35
92,2,17,474,2012,32.22
92,2,17,474,2013,34
92,2,17,474,2014,34.32
92,2,17,474,2015,36.82
92,2,17,474,2016,36.37
92,2,17,474,2017,36.43
92,2,18,474,1990,57.97
92,2,18,474,1991,56.46
92,2,18,474,1992,55.34
92,2,18,474,1993,53.7
92,2,18,474,1994,53.06
92,2,18,474,1995,51.21
92,2,18,474,1996,49.72
92,2,18,474,1997,48.81
92,2,18,474,1998,48.93
92,2,18,474,1999,51.03
92,2,18,474,2000,50.87
92,2,18,474,2001,52.37
92,2,18,474,2002,50.54
92,2,18,474,2003,50.83
92,2,18,474,2004,49.17
92,2,18,474,2005,47.01
92,2,18,474,2006,46.71
92,2,18,474,2007,44.2
92,2,18,474,2008,44.41
92,2,18,474,2009,45.67
92,2,18,474,2010,47.08
92,2,18,474,2011,47.28
92,2,18,474,2012,47.52
92,2,18,474,2013,48.95
92,2,18,474,2014,47.4
92,2,18,474,2015,49.3
92,2,18,474,2016,47.84
92,2,18,474,2017,47.44
92,2,19,474,1990,84.24
92,2,19,474,1991,85.09
92,2,19,474,1992,85.47
92,2,19,474,1993,87.08
92,2,19,474,1994,87.39
92,2,19,474,1995,86.5
92,2,19,474,1996,84.74
92,2,19,474,1997,85.19
92,2,19,474,1998,84.11
92,2,19,474,1999,87.39
92,2,19,474,2000,86.05
92,2,19,474,2001,87.37
92,2,19,474,2002,87.02
92,2,19,474,2003,90.77
92,2,19,474,2004,90.64
92,2,19,474,2005,90.76
92,2,19,474,2006,89.36
92,2,19,474,2007,90.11
92,2,19,474,2008,89.08
92,2,19,474,2009,83.92
92,2,19,474,2010,77.44
92,2,19,474,2011,76.22
92,2,19,474,2012,70.26
92,2,19,474,2013,68.99
92,2,19,474,2014,69.04
92,2,19,474,2015,72.83
92,2,19,474,2016,71.59
92,2,19,474,2017,73.46
92,2,20,474,1990,137.69
92,2,20,474,1991,139.53
92,2,20,474,1992,136.83
92,2,20,474,1993,137.02
92,2,20,474,1994,135.35
92,2,20,474,1995,132.8
92,2,20,474,1996,134.43
92,2,20,474,1997,133.45
92,2,20,474,1998,137.22
92,2,20,474,1999,143.58
92,2,20,474,2000,141.69
92,2,20,474,2001,141.9
92,2,20,474,2002,141.89
92,2,20,474,2003,146.53
92,2,20,474,2004,146.76
92,2,20,474,2005,148.54
92,2,20,474,2006,151.72
92,2,20,474,2007,155.79
92,2,20,474,2008,160.28
92,2,20,474,2009,157.56
92,2,20,474,2010,153.02
92,2,20,474,2011,150.26
92,2,20,474,2012,144.59
92,2,20,474,2013,134.92
92,2,20,474,2014,122.38
92,2,20,474,2015,114.45
92,2,20,474,2016,111.14
92,2,20,474,2017,103.6
92,2,22,474,1990,661.44
92,2,22,474,1991,678.67
92,2,22,474,1992,683.43
92,2,22,474,1993,703.84
92,2,22,474,1994,720.05
92,2,22,474,1995,728.36
92,2,22,474,1996,739.03
92,2,22,474,1997,751.54
92,2,22,474,1998,770.85
92,2,22,474,1999,812.28
92,2,22,474,2000,813.14
92,2,22,474,2001,829.98
92,2,22,474,2002,847.34
92,2,22,474,2003,889.7
92,2,22,474,2004,898.07
92,2,22,474,2005,914.33
92,2,22,474,2006,932.19
92,2,22,474,2007,965.32
92,2,22,474,2008,1006.69
92,2,22,474,2009,1015.1
92,2,22,474,2010,1019.89
92,2,22,474,2011,1057.27
92,2,22,474,2012,1061.7
92,2,22,474,2013,1065.01
92,2,22,474,2014,1065.38
92,2,22,474,2015,1099.12
92,2,22,474,2016,1087.39
92,2,22,474,2017,1085.36
92,2,30,474,1990,145.65
92,2,30,474,1991,152.93
92,2,30,474,1992,154.09
92,2,30,474,1993,161.19
92,2,30,474,1994,164.98
92,2,30,474,1995,168.78
92,2,30,474,1996,170.96
92,2,30,474,1997,172.43
92,2,30,474,1998,176.6
92,2,30,474,1999,183.64
92,2,30,474,2000,180.73
92,2,30,474,2001,183.62
92,2,30,474,2002,190.95
92,2,30,474,2003,202.88
92,2,30,474,2004,208.14
92,2,30,474,2005,213.08
92,2,30,474,2006,213.9
92,2,30,474,2007,219.77
92,2,30,474,2008,223.88
92,2,30,474,2009,225.37
92,2,30,474,2010,224.19
92,2,30,474,2011,233.43
92,2,30,474,2012,233.23
92,2,30,474,2013,233.69
92,2,30,474,2014,232.28
92,2,30,474,2015,233.96
92,2,30,474,2016,224.26
92,2,30,474,2017,220.79
92,2,31,474,1990,106.47
92,2,31,474,1991,112.87
92,2,31,474,1992,118.08
92,2,31,474,1993,126.48
92,2,31,474,1994,135.53
92,2,31,474,1995,143.12
92,2,31,474,1996,148.87
92,2,31,474,1997,154.86
92,2,31,474,1998,161.93
92,2,31,474,1999,171.77
92,2,31,474,2000,173.22
92,2,31,474,2001,175.96
92,2,31,474,2002,180.82
92,2,31,474,2003,188.72
92,2,31,474,2004,189.11
92,2,31,474,2005,191.37
92,2,31,474,2006,198.54
92,2,31,474,2007,211
92,2,31,474,2008,229.68
92,2,31,474,2009,235.4
92,2,31,474,2010,240.65
92,2,31,474,2011,249.95
92,2,31,474,2012,252.65
92,2,31,474,2013,249.58
92,2,31,474,2014,252.19
92,2,31,474,2015,260.44
92,2,31,474,2016,260.22
92,2,31,474,2017,259.76
92,2,32,474,1990,41.47
92,2,32,474,1991,44.67
92,2,32,474,1992,48.03
92,2,32,474,1993,52.96
92,2,32,474,1994,58.31
92,2,32,474,1995,62.71
92,2,32,474,1996,66.48
92,2,32,474,1997,71.92
92,2,32,474,1998,76.77
92,2,32,474,1999,84.26
92,2,32,474,2000,87.34
92,2,32,474,2001,91.16
92,2,32,474,2002,95.47
92,2,32,474,2003,101.88
92,2,32,474,2004,103.27
92,2,32,474,2005,105.88
92,2,32,474,2006,107.04
92,2,32,474,2007,110.48
92,2,32,474,2008,116.45
92,2,32,474,2009,120.2
92,2,32,474,2010,125.14
92,2,32,474,2011,140.04
92,2,32,474,2012,152.93
92,2,32,474,2013,164.71
92,2,32,474,2014,176.5
92,2,32,474,2015,193.69
92,2,32,474,2016,196.39
92,2,32,474,2017,201.18
92,2,235,474,1990,11.06
92,2,235,474,1991,11.87
92,2,235,474,1992,12.85
92,2,235,474,1993,14.19
92,2,235,474,1994,15.77
92,2,235,474,1995,17.27
92,2,235,474,1996,18.71
92,2,235,474,1997,20.85
92,2,235,474,1998,22.44
92,2,235,474,1999,25.37
92,2,235,474,2000,27.89
92,2,235,474,2001,31.04
92,2,235,474,2002,34.36
92,2,235,474,2003,37.71
92,2,235,474,2004,40.92
92,2,235,474,2005,43.49
92,2,235,474,2006,47.75
92,2,235,474,2007,51.61
92,2,235,474,2008,57.04
92,2,235,474,2009,60.07
92,2,235,474,2010,64.28
92,2,235,474,2011,68.2
92,2,235,474,2012,69.96
92,2,235,474,2013,71.3
92,2,235,474,2014,73.29
92,2,235,474,2015,76.87
92,2,235,474,2016,81.02
92,2,235,474,2017,85.28
93,2,8,474,1990,0.03
93,2,8,474,1991,0.03
93,2,8,474,1992,0.03
93,2,8,474,1993,0.03
93,2,8,474,1994,0.02
93,2,8,474,1995,0.02
93,2,8,474,1996,0.02
93,2,8,474,1997,0.02
93,2,8,474,1998,0.02
93,2,8,474,1999,0.02
93,2,8,474,2000,0.03
93,2,8,474,2001,0.03
93,2,8,474,2002,0.03
93,2,8,474,2003,0.03
93,2,8,474,2004,0.03
93,2,8,474,2005,0.03
93,2,8,474,2006,0.03
93,2,8,474,2007,0.03
93,2,8,474,2008,0.03
93,2,8,474,2009,0.03
93,2,8,474,2010,0.03
93,2,8,474,2011,0.03
93,2,8,474,2012,0.03
93,2,8,474,2013,0.03
93,2,8,474,2014,0.02
93,2,8,474,2015,0.02
93,2,8,474,2016,0.02
93,2,8,474,2017,0.02
93,2,9,474,1990,0.03
93,2,9,474,1991,0.03
93,2,9,474,1992,0.03
93,2,9,474,1993,0.03
93,2,9,474,1994,0.03
93,2,9,474,1995,0.03
93,2,9,474,1996,0.03
93,2,9,474,1997,0.03
93,2,9,474,1998,0.03
93,2,9,474,1999,0.03
93,2,9,474,2000,0.03
93,2,9,474,2001,0.02
93,2,9,474,2002,0.03
93,2,9,474,2003,0.03
93,2,9,474,2004,0.03
93,2,9,474,2005,0.03
93,2,9,474,2006,0.03
93,2,9,474,2007,0.03
93,2,9,474,2008,0.03
93,2,9,474,2009,0.03
93,2,9,474,2010,0.03
93,2,9,474,2011,0.03
93,2,9,474,2012,0.03
93,2,9,474,2013,0.03
93,2,9,474,2014,0.03
93,2,9,474,2015,0.03
93,2,9,474,2016,0.03
93,2,9,474,2017,0.03
93,2,10,474,1990,0.04
93,2,10,474,1991,0.04
93,2,10,474,1992,0.04
93,2,10,474,1993,0.04
93,2,10,474,1994,0.04
93,2,10,474,1995,0.04
93,2,10,474,1996,0.04
93,2,10,474,1997,0.03
93,2,10,474,1998,0.03
93,2,10,474,1999,0.04
93,2,10,474,2000,0.03
93,2,10,474,2001,0.03
93,2,10,474,2002,0.03
93,2,10,474,2003,0.04
93,2,10,474,2004,0.04
93,2,10,474,2005,0.03
93,2,10,474,2006,0.03
93,2,10,474,2007,0.03
93,2,10,474,2008,0.03
93,2,10,474,2009,0.03
93,2,10,474,2010,0.03
93,2,10,474,2011,0.03
93,2,10,474,2012,0.03
93,2,10,474,2013,0.04
93,2,10,474,2014,0.04
93,2,10,474,2015,0.04
93,2,10,474,2016,0.04
93,2,10,474,2017,0.04
93,2,11,474,1990,0.16
93,2,11,474,1991,0.16
93,2,11,474,1992,0.16
93,2,11,474,1993,0.15
93,2,11,474,1994,0.14
93,2,11,474,1995,0.15
93,2,11,474,1996,0.16
93,2,11,474,1997,0.16
93,2,11,474,1998,0.15
93,2,11,474,1999,0.14
93,2,11,474,2000,0.12
93,2,11,474,2001,0.13
93,2,11,474,2002,0.13
93,2,11,474,2003,0.14
93,2,11,474,2004,0.14
93,2,11,474,2005,0.13
93,2,11,474,2006,0.13
93,2,11,474,2007,0.12
93,2,11,474,2008,0.11
93,2,11,474,2009,0.11
93,2,11,474,2010,0.11
93,2,11,474,2011,0.12
93,2,11,474,2012,0.12
93,2,11,474,2013,0.12
93,2,11,474,2014,0.13
93,2,11,474,2015,0.13
93,2,11,474,2016,0.13
93,2,11,474,2017,0.13
93,2,12,474,1990,0.46
93,2,12,474,1991,0.44
93,2,12,474,1992,0.41
93,2,12,474,1993,0.4
93,2,12,474,1994,0.39
93,2,12,474,1995,0.37
93,2,12,474,1996,0.35
93,2,12,474,1997,0.36
93,2,12,474,1998,0.37
93,2,12,474,1999,0.37
93,2,12,474,2000,0.38
93,2,12,474,2001,0.37
93,2,12,474,2002,0.36
93,2,12,474,2003,0.37
93,2,12,474,2004,0.39
93,2,12,474,2005,0.37
93,2,12,474,2006,0.35
93,2,12,474,2007,0.34
93,2,12,474,2008,0.32
93,2,12,474,2009,0.32
93,2,12,474,2010,0.31
93,2,12,474,2011,0.33
93,2,12,474,2012,0.35
93,2,12,474,2013,0.31
93,2,12,474,2014,0.27
93,2,12,474,2015,0.25
93,2,12,474,2016,0.27
93,2,12,474,2017,0.28
93,2,13,474,1990,0.97
93,2,13,474,1991,0.94
93,2,13,474,1992,0.85
93,2,13,474,1993,0.78
93,2,13,474,1994,0.74
93,2,13,474,1995,0.75
93,2,13,474,1996,0.74
93,2,13,474,1997,0.75
93,2,13,474,1998,0.79
93,2,13,474,1999,0.8
93,2,13,474,2000,0.73
93,2,13,474,2001,0.68
93,2,13,474,2002,0.67
93,2,13,474,2003,0.69
93,2,13,474,2004,0.72
93,2,13,474,2005,0.69
93,2,13,474,2006,0.69
93,2,13,474,2007,0.71
93,2,13,474,2008,0.74
93,2,13,474,2009,0.7
93,2,13,474,2010,0.61
93,2,13,474,2011,0.59
93,2,13,474,2012,0.6
93,2,13,474,2013,0.63
93,2,13,474,2014,0.64
93,2,13,474,2015,0.59
93,2,13,474,2016,0.59
93,2,13,474,2017,0.6
93,2,14,474,1990,1.67
93,2,14,474,1991,1.76
93,2,14,474,1992,1.81
93,2,14,474,1993,1.82
93,2,14,474,1994,1.78
93,2,14,474,1995,1.78
93,2,14,474,1996,1.74
93,2,14,474,1997,1.62
93,2,14,474,1998,1.6
93,2,14,474,1999,1.64
93,2,14,474,2000,1.63
93,2,14,474,2001,1.6
93,2,14,474,2002,1.54
93,2,14,474,2003,1.49
93,2,14,474,2004,1.49
93,2,14,474,2005,1.39
93,2,14,474,2006,1.36
93,2,14,474,2007,1.35
93,2,14,474,2008,1.33
93,2,14,474,2009,1.33
93,2,14,474,2010,1.27
93,2,14,474,2011,1.3
93,2,14,474,2012,1.38
93,2,14,474,2013,1.41
93,2,14,474,2014,1.36
93,2,14,474,2015,1.25
93,2,14,474,2016,1.25
93,2,14,474,2017,1.27
93,2,15,474,1990,2.52
93,2,15,474,1991,2.57
93,2,15,474,1992,2.71
93,2,15,474,1993,2.82
93,2,15,474,1994,3
93,2,15,474,1995,3.29
93,2,15,474,1996,3.54
93,2,15,474,1997,3.56
93,2,15,474,1998,3.55
93,2,15,474,1999,3.6
93,2,15,474,2000,3.65
93,2,15,474,2001,3.53
93,2,15,474,2002,3.28
93,2,15,474,2003,3.12
93,2,15,474,2004,3.14
93,2,15,474,2005,3.07
93,2,15,474,2006,2.94
93,2,15,474,2007,2.83
93,2,15,474,2008,2.86
93,2,15,474,2009,2.84
93,2,15,474,2010,2.55
93,2,15,474,2011,2.61
93,2,15,474,2012,2.74
93,2,15,474,2013,2.73
93,2,15,474,2014,2.7
93,2,15,474,2015,2.54
93,2,15,474,2016,2.57
93,2,15,474,2017,2.64
93,2,16,474,1990,4.56
93,2,16,474,1991,4.47
93,2,16,474,1992,4.33
93,2,16,474,1993,4.32
93,2,16,474,1994,4.29
93,2,16,474,1995,4.35
93,2,16,474,1996,4.6
93,2,16,474,1997,4.62
93,2,16,474,1998,4.97
93,2,16,474,1999,5.37
93,2,16,474,2000,5.88
93,2,16,474,2001,6.23
93,2,16,474,2002,6.17
93,2,16,474,2003,6.18
93,2,16,474,2004,6.39
93,2,16,474,2005,6.33
93,2,16,474,2006,5.88
93,2,16,474,2007,5.6
93,2,16,474,2008,5.4
93,2,16,474,2009,5.15
93,2,16,474,2010,4.76
93,2,16,474,2011,4.82
93,2,16,474,2012,4.91
93,2,16,474,2013,5.01
93,2,16,474,2014,5
93,2,16,474,2015,4.81
93,2,16,474,2016,4.84
93,2,16,474,2017,4.83
93,2,17,474,1990,8.18
93,2,17,474,1991,8.11
93,2,17,474,1992,7.95
93,2,17,474,1993,7.63
93,2,17,474,1994,7.4
93,2,17,474,1995,7.17
93,2,17,474,1996,7.31
93,2,17,474,1997,7.06
93,2,17,474,1998,7.32
93,2,17,474,1999,7.96
93,2,17,474,2000,8.22
93,2,17,474,2001,8.25
93,2,17,474,2002,8.44
93,2,17,474,2003,9.14
93,2,17,474,2004,10.05
93,2,17,474,2005,10.49
93,2,17,474,2006,10.62
93,2,17,474,2007,11.24
93,2,17,474,2008,11.68
93,2,17,474,2009,11.81
93,2,17,474,2010,11.4
93,2,17,474,2011,10.85
93,2,17,474,2012,10.2
93,2,17,474,2013,9.84
93,2,17,474,2014,9.58
93,2,17,474,2015,8.9
93,2,17,474,2016,9.22
93,2,17,474,2017,9.18
93,2,18,474,1990,16.51
93,2,18,474,1991,16.1
93,2,18,474,1992,15.51
93,2,18,474,1993,15.21
93,2,18,474,1994,13.98
93,2,18,474,1995,14.08
93,2,18,474,1996,14.16
93,2,18,474,1997,13.69
93,2,18,474,1998,13.46
93,2,18,474,1999,13.53
93,2,18,474,2000,13.32
93,2,18,474,2001,13.7
93,2,18,474,2002,13.63
93,2,18,474,2003,13.62
93,2,18,474,2004,14.11
93,2,18,474,2005,14.39
93,2,18,474,2006,14.52
93,2,18,474,2007,15.34
93,2,18,474,2008,16.18
93,2,18,474,2009,16.9
93,2,18,474,2010,17.17
93,2,18,474,2011,18.17
93,2,18,474,2012,19.23
93,2,18,474,2013,19.88
93,2,18,474,2014,19.76
93,2,18,474,2015,18.71
93,2,18,474,2016,18.38
93,2,18,474,2017,17.74
93,2,19,474,1990,23.49
93,2,19,474,1991,24.57
93,2,19,474,1992,25.03
93,2,19,474,1993,25.96
93,2,19,474,1994,25.47
93,2,19,474,1995,25.55
93,2,19,474,1996,25.35
93,2,19,474,1997,24.39
93,2,19,474,1998,24
93,2,19,474,1999,23.43
93,2,19,474,2000,23.52
93,2,19,474,2001,23.44
93,2,19,474,2002,23.07
93,2,19,474,2003,22.32
93,2,19,474,2004,21.9
93,2,19,474,2005,21.13
93,2,19,474,2006,20.7
93,2,19,474,2007,20.31
93,2,19,474,2008,20.87
93,2,19,474,2009,21.95
93,2,19,474,2010,21.81
93,2,19,474,2011,22.51
93,2,19,474,2012,23.16
93,2,19,474,2013,24.46
93,2,19,474,2014,25.57
93,2,19,474,2015,26.78
93,2,19,474,2016,29.12
93,2,19,474,2017,30.15
93,2,20,474,1990,38.37
93,2,20,474,1991,38.09
93,2,20,474,1992,37.08
93,2,20,474,1993,36.81
93,2,20,474,1994,35.26
93,2,20,474,1995,37.94
93,2,20,474,1996,39.4
93,2,20,474,1997,39.6
93,2,20,474,1998,41.41
93,2,20,474,1999,43.14
93,2,20,474,2000,42.18
93,2,20,474,2001,40.79
93,2,20,474,2002,39.44
93,2,20,474,2003,37.01
93,2,20,474,2004,35.87
93,2,20,474,2005,34.42
93,2,20,474,2006,34.25
93,2,20,474,2007,33.84
93,2,20,474,2008,32.88
93,2,20,474,2009,33.15
93,2,20,474,2010,32.25
93,2,20,474,2011,33.17
93,2,20,474,2012,34.06
93,2,20,474,2013,35.19
93,2,20,474,2014,35.6
93,2,20,474,2015,35.92
93,2,20,474,2016,37.61
93,2,20,474,2017,39.03
93,2,22,474,1990,194.18
93,2,22,474,1991,197.3
93,2,22,474,1992,197.29
93,2,22,474,1993,200.12
93,2,22,474,1994,196.71
93,2,22,474,1995,204.91
93,2,22,474,1996,212.94
93,2,22,474,1997,214.56
93,2,22,474,1998,217.35
93,2,22,474,1999,222.59
93,2,22,474,2000,226.08
93,2,22,474,2001,228.11
93,2,22,474,2002,228.75
93,2,22,474,2003,224.32
93,2,22,474,2004,225.4
93,2,22,474,2005,225.32
93,2,22,474,2006,225.81
93,2,22,474,2007,229.37
93,2,22,474,2008,231.56
93,2,22,474,2009,235.33
93,2,22,474,2010,233.46
93,2,22,474,2011,238.28
93,2,22,474,2012,243.39
93,2,22,474,2013,245.13
93,2,22,474,2014,243.54
93,2,22,474,2015,240.25
93,2,22,474,2016,242.01
93,2,22,474,2017,243.45
93,2,30,474,1990,44.93
93,2,30,474,1991,46.36
93,2,30,474,1992,46.64
93,2,30,474,1993,47.29
93,2,30,474,1994,46.39
93,2,30,474,1995,47.9
93,2,30,474,1996,49.63
93,2,30,474,1997,49.74
93,2,30,474,1998,49.22
93,2,30,474,1999,49.53
93,2,30,474,2000,52.02
93,2,30,474,2001,53.64
93,2,30,474,2002,54.37
93,2,30,474,2003,53.29
93,2,30,474,2004,53.43
93,2,30,474,2005,51.68
93,2,30,474,2006,50.76
93,2,30,474,2007,51.23
93,2,30,474,2008,51.58
93,2,30,474,2009,51.97
93,2,30,474,2010,51.61
93,2,30,474,2011,53.02
93,2,30,474,2012,53.71
93,2,30,474,2013,52.92
93,2,30,474,2014,52.07
93,2,30,474,2015,50.01
93,2,30,474,2016,48.55
93,2,30,474,2017,47.79
93,2,31,474,1990,33.82
93,2,31,474,1991,34.72
93,2,31,474,1992,35.23
93,2,31,474,1993,36.52
93,2,31,474,1994,36.91
93,2,31,474,1995,39.03
93,2,31,474,1996,41.51
93,2,31,474,1997,43.09
93,2,31,474,1998,43.42
93,2,31,474,1999,44.38
93,2,31,474,2000,44.6
93,2,31,474,2001,44.86
93,2,31,474,2002,45.41
93,2,31,474,2003,44.46
93,2,31,474,2004,44.48
93,2,31,474,2005,47.27
93,2,31,474,2006,49.09
93,2,31,474,2007,50.66
93,2,31,474,2008,51.37
93,2,31,474,2009,52.16
93,2,31,474,2010,50.64
93,2,31,474,2011,50.4
93,2,31,474,2012,50.81
93,2,31,474,2013,50.51
93,2,31,474,2014,49.32
93,2,31,474,2015,48.56
93,2,31,474,2016,47.46
93,2,31,474,2017,47.06
93,2,32,474,1990,14.67
93,2,32,474,1991,15.05
93,2,32,474,1992,15.53
93,2,32,474,1993,16.19
93,2,32,474,1994,16.58
93,2,32,474,1995,17.75
93,2,32,474,1996,19.24
93,2,32,474,1997,20.32
93,2,32,474,1998,21.17
93,2,32,474,1999,22.39
93,2,32,474,2000,23.11
93,2,32,474,2001,23.8
93,2,32,474,2002,24.71
93,2,32,474,2003,24.68
93,2,32,474,2004,25.04
93,2,32,474,2005,25.36
93,2,32,474,2006,25.66
93,2,32,474,2007,26.46
93,2,32,474,2008,26.66
93,2,32,474,2009,27.04
93,2,32,474,2010,28.99
93,2,32,474,2011,30.35
93,2,32,474,2012,31.71
93,2,32,474,2013,31.72
93,2,32,474,2014,31.23
93,2,32,474,2015,30.88
93,2,32,474,2016,30.86
93,2,32,474,2017,31.12
93,2,235,474,1990,3.78
93,2,235,474,1991,3.87
93,2,235,474,1992,3.96
93,2,235,474,1993,4.14
93,2,235,474,1994,4.3
93,2,235,474,1995,4.7
93,2,235,474,1996,5.13
93,2,235,474,1997,5.53
93,2,235,474,1998,5.85
93,2,235,474,1999,6.24
93,2,235,474,2000,6.62
93,2,235,474,2001,7.02
93,2,235,474,2002,7.42
93,2,235,474,2003,7.73
93,2,235,474,2004,8.16
93,2,235,474,2005,8.51
93,2,235,474,2006,8.78
93,2,235,474,2007,9.25
93,2,235,474,2008,9.48
93,2,235,474,2009,9.78
93,2,235,474,2010,9.89
93,2,235,474,2011,9.95
93,2,235,474,2012,10.33
93,2,235,474,2013,10.31
93,2,235,474,2014,10.22
93,2,235,474,2015,10.83
93,2,235,474,2016,11.06
93,2,235,474,2017,11.55
94,2,8,474,1990,0.02
94,2,8,474,1991,0.02
94,2,8,474,1992,0.02
94,2,8,474,1993,0.02
94,2,8,474,1994,0.02
94,2,8,474,1995,0.02
94,2,8,474,1996,0.02
94,2,8,474,1997,0.02
94,2,8,474,1998,0.02
94,2,8,474,1999,0.02
94,2,8,474,2000,0.02
94,2,8,474,2001,0.02
94,2,8,474,2002,0.02
94,2,8,474,2003,0.02
94,2,8,474,2004,0.02
94,2,8,474,2005,0.02
94,2,8,474,2006,0.02
94,2,8,474,2007,0.02
94,2,8,474,2008,0.02
94,2,8,474,2009,0.02
94,2,8,474,2010,0.02
94,2,8,474,2011,0.02
94,2,8,474,2012,0.02
94,2,8,474,2013,0.02
94,2,8,474,2014,0.03
94,2,8,474,2015,0.02
94,2,8,474,2016,0.02
94,2,8,474,2017,0.02
94,2,9,474,1990,0.05
94,2,9,474,1991,0.05
94,2,9,474,1992,0.05
94,2,9,474,1993,0.04
94,2,9,474,1994,0.04
94,2,9,474,1995,0.04
94,2,9,474,1996,0.04
94,2,9,474,1997,0.03
94,2,9,474,1998,0.04
94,2,9,474,1999,0.03
94,2,9,474,2000,0.03
94,2,9,474,2001,0.03
94,2,9,474,2002,0.03
94,2,9,474,2003,0.03
94,2,9,474,2004,0.03
94,2,9,474,2005,0.03
94,2,9,474,2006,0.03
94,2,9,474,2007,0.03
94,2,9,474,2008,0.03
94,2,9,474,2009,0.03
94,2,9,474,2010,0.03
94,2,9,474,2011,0.03
94,2,9,474,2012,0.03
94,2,9,474,2013,0.03
94,2,9,474,2014,0.03
94,2,9,474,2015,0.03
94,2,9,474,2016,0.03
94,2,9,474,2017,0.03
94,2,10,474,1990,0.1
94,2,10,474,1991,0.11
94,2,10,474,1992,0.11
94,2,10,474,1993,0.11
94,2,10,474,1994,0.11
94,2,10,474,1995,0.09
94,2,10,474,1996,0.08
94,2,10,474,1997,0.07
94,2,10,474,1998,0.07
94,2,10,474,1999,0.07
94,2,10,474,2000,0.07
94,2,10,474,2001,0.07
94,2,10,474,2002,0.06
94,2,10,474,2003,0.06
94,2,10,474,2004,0.06
94,2,10,474,2005,0.06
94,2,10,474,2006,0.06
94,2,10,474,2007,0.06
94,2,10,474,2008,0.05
94,2,10,474,2009,0.05
94,2,10,474,2010,0.05
94,2,10,474,2011,0.05
94,2,10,474,2012,0.05
94,2,10,474,2013,0.05
94,2,10,474,2014,0.05
94,2,10,474,2015,0.05
94,2,10,474,2016,0.05
94,2,10,474,2017,0.05
94,2,11,474,1990,0.18
94,2,11,474,1991,0.19
94,2,11,474,1992,0.2
94,2,11,474,1993,0.21
94,2,11,474,1994,0.24
94,2,11,474,1995,0.23
94,2,11,474,1996,0.23
94,2,11,474,1997,0.22
94,2,11,474,1998,0.23
94,2,11,474,1999,0.22
94,2,11,474,2000,0.21
94,2,11,474,2001,0.21
94,2,11,474,2002,0.21
94,2,11,474,2003,0.21
94,2,11,474,2004,0.2
94,2,11,474,2005,0.18
94,2,11,474,2006,0.18
94,2,11,474,2007,0.17
94,2,11,474,2008,0.16
94,2,11,474,2009,0.15
94,2,11,474,2010,0.16
94,2,11,474,2011,0.17
94,2,11,474,2012,0.18
94,2,11,474,2013,0.17
94,2,11,474,2014,0.18
94,2,11,474,2015,0.17
94,2,11,474,2016,0.17
94,2,11,474,2017,0.17
94,2,12,474,1990,0.24
94,2,12,474,1991,0.23
94,2,12,474,1992,0.24
94,2,12,474,1993,0.25
94,2,12,474,1994,0.25
94,2,12,474,1995,0.24
94,2,12,474,1996,0.25
94,2,12,474,1997,0.25
94,2,12,474,1998,0.26
94,2,12,474,1999,0.26
94,2,12,474,2000,0.27
94,2,12,474,2001,0.26
94,2,12,474,2002,0.24
94,2,12,474,2003,0.24
94,2,12,474,2004,0.23
94,2,12,474,2005,0.22
94,2,12,474,2006,0.21
94,2,12,474,2007,0.2
94,2,12,474,2008,0.18
94,2,12,474,2009,0.18
94,2,12,474,2010,0.18
94,2,12,474,2011,0.17
94,2,12,474,2012,0.16
94,2,12,474,2013,0.17
94,2,12,474,2014,0.17
94,2,12,474,2015,0.18
94,2,12,474,2016,0.18
94,2,12,474,2017,0.18
94,2,13,474,1990,0.64
94,2,13,474,1991,0.65
94,2,13,474,1992,0.62
94,2,13,474,1993,0.62
94,2,13,474,1994,0.68
94,2,13,474,1995,0.73
94,2,13,474,1996,0.71
94,2,13,474,1997,0.68
94,2,13,474,1998,0.69
94,2,13,474,1999,0.67
94,2,13,474,2000,0.68
94,2,13,474,2001,0.7
94,2,13,474,2002,0.73
94,2,13,474,2003,0.7
94,2,13,474,2004,0.68
94,2,13,474,2005,0.69
94,2,13,474,2006,0.69
94,2,13,474,2007,0.69
94,2,13,474,2008,0.63
94,2,13,474,2009,0.61
94,2,13,474,2010,0.66
94,2,13,474,2011,0.65
94,2,13,474,2012,0.64
94,2,13,474,2013,0.59
94,2,13,474,2014,0.56
94,2,13,474,2015,0.51
94,2,13,474,2016,0.48
94,2,13,474,2017,0.48
94,2,14,474,1990,1.16
94,2,14,474,1991,1.16
94,2,14,474,1992,1.2
94,2,14,474,1993,1.24
94,2,14,474,1994,1.25
94,2,14,474,1995,1.28
94,2,14,474,1996,1.24
94,2,14,474,1997,1.26
94,2,14,474,1998,1.22
94,2,14,474,1999,1.15
94,2,14,474,2000,1.16
94,2,14,474,2001,1.19
94,2,14,474,2002,1.31
94,2,14,474,2003,1.29
94,2,14,474,2004,1.27
94,2,14,474,2005,1.33
94,2,14,474,2006,1.32
94,2,14,474,2007,1.23
94,2,14,474,2008,1.22
94,2,14,474,2009,1.28
94,2,14,474,2010,1.38
94,2,14,474,2011,1.39
94,2,14,474,2012,1.4
94,2,14,474,2013,1.33
94,2,14,474,2014,1.26
94,2,14,474,2015,1.21
94,2,14,474,2016,1.16
94,2,14,474,2017,1.14
94,2,15,474,1990,1.75
94,2,15,474,1991,1.81
94,2,15,474,1992,1.83
94,2,15,474,1993,1.85
94,2,15,474,1994,1.91
94,2,15,474,1995,2.06
94,2,15,474,1996,2.06
94,2,15,474,1997,2.03
94,2,15,474,1998,2.04
94,2,15,474,1999,1.96
94,2,15,474,2000,2.04
94,2,15,474,2001,1.96
94,2,15,474,2002,2.02
94,2,15,474,2003,1.92
94,2,15,474,2004,1.84
94,2,15,474,2005,1.81
94,2,15,474,2006,2
94,2,15,474,2007,2.07
94,2,15,474,2008,2.07
94,2,15,474,2009,2.14
94,2,15,474,2010,2.23
94,2,15,474,2011,2.14
94,2,15,474,2012,2.2
94,2,15,474,2013,2.25
94,2,15,474,2014,2.26
94,2,15,474,2015,2.22
94,2,15,474,2016,2.21
94,2,15,474,2017,2.23
94,2,16,474,1990,3.28
94,2,16,474,1991,3.31
94,2,16,474,1992,3.24
94,2,16,474,1993,3.33
94,2,16,474,1994,3.46
94,2,16,474,1995,3.52
94,2,16,474,1996,3.52
94,2,16,474,1997,3.46
94,2,16,474,1998,3.44
94,2,16,474,1999,3.53
94,2,16,474,2000,4.02
94,2,16,474,2001,4.07
94,2,16,474,2002,4.26
94,2,16,474,2003,4.42
94,2,16,474,2004,4.24
94,2,16,474,2005,4.21
94,2,16,474,2006,4.44
94,2,16,474,2007,4.56
94,2,16,474,2008,4.31
94,2,16,474,2009,4.36
94,2,16,474,2010,4.54
94,2,16,474,2011,4.25
94,2,16,474,2012,4.26
94,2,16,474,2013,4.36
94,2,16,474,2014,4.35
94,2,16,474,2015,4.39
94,2,16,474,2016,4.41
94,2,16,474,2017,4.51
94,2,17,474,1990,5.72
94,2,17,474,1991,5.74
94,2,17,474,1992,5.68
94,2,17,474,1993,5.85
94,2,17,474,1994,6.12
94,2,17,474,1995,6.37
94,2,17,474,1996,6.29
94,2,17,474,1997,6
94,2,17,474,1998,5.72
94,2,17,474,1999,5.42
94,2,17,474,2000,5.89
94,2,17,474,2001,5.68
94,2,17,474,2002,5.88
94,2,17,474,2003,5.8
94,2,17,474,2004,5.8
94,2,17,474,2005,6.03
94,2,17,474,2006,6.3
94,2,17,474,2007,6.48
94,2,17,474,2008,6.41
94,2,17,474,2009,6.4
94,2,17,474,2010,6.66
94,2,17,474,2011,6.46
94,2,17,474,2012,6.31
94,2,17,474,2013,6.01
94,2,17,474,2014,5.83
94,2,17,474,2015,5.85
94,2,17,474,2016,5.91
94,2,17,474,2017,6.04
94,2,18,474,1990,10.27
94,2,18,474,1991,10.33
94,2,18,474,1992,10.05
94,2,18,474,1993,10.12
94,2,18,474,1994,10.37
94,2,18,474,1995,10.59
94,2,18,474,1996,10.48
94,2,18,474,1997,10.52
94,2,18,474,1998,10.09
94,2,18,474,1999,9.97
94,2,18,474,2000,10.22
94,2,18,474,2001,9.7
94,2,18,474,2002,9.55
94,2,18,474,2003,9.16
94,2,18,474,2004,8.89
94,2,18,474,2005,8.83
94,2,18,474,2006,8.82
94,2,18,474,2007,9.23
94,2,18,474,2008,9.59
94,2,18,474,2009,10.03
94,2,18,474,2010,10.7
94,2,18,474,2011,11
94,2,18,474,2012,11.33
94,2,18,474,2013,10.91
94,2,18,474,2014,10.94
94,2,18,474,2015,11.26
94,2,18,474,2016,11.03
94,2,18,474,2017,10.99
94,2,19,474,1990,13.06
94,2,19,474,1991,13.63
94,2,19,474,1992,14
94,2,19,474,1993,14.56
94,2,19,474,1994,15.2
94,2,19,474,1995,16.19
94,2,19,474,1996,16.32
94,2,19,474,1997,16.12
94,2,19,474,1998,16.06
94,2,19,474,1999,16.07
94,2,19,474,2000,16.7
94,2,19,474,2001,16.34
94,2,19,474,2002,16.91
94,2,19,474,2003,17.1
94,2,19,474,2004,16.46
94,2,19,474,2005,15.85
94,2,19,474,2006,15.73
94,2,19,474,2007,15.58
94,2,19,474,2008,15.24
94,2,19,474,2009,15.1
94,2,19,474,2010,15.15
94,2,19,474,2011,14.69
94,2,19,474,2012,15.03
94,2,19,474,2013,15.65
94,2,19,474,2014,16.41
94,2,19,474,2015,17.42
94,2,19,474,2016,17.7
94,2,19,474,2017,17.99
94,2,20,474,1990,20.97
94,2,20,474,1991,20.52
94,2,20,474,1992,19.69
94,2,20,474,1993,18.75
94,2,20,474,1994,18.98
94,2,20,474,1995,20.43
94,2,20,474,1996,21.37
94,2,20,474,1997,22.47
94,2,20,474,1998,23.35
94,2,20,474,1999,23.6
94,2,20,474,2000,23.46
94,2,20,474,2001,23.26
94,2,20,474,2002,23.3
94,2,20,474,2003,23.32
94,2,20,474,2004,22.06
94,2,20,474,2005,21.63
94,2,20,474,2006,21.65
94,2,20,474,2007,21.23
94,2,20,474,2008,20.69
94,2,20,474,2009,20.73
94,2,20,474,2010,21.13
94,2,20,474,2011,20.35
94,2,20,474,2012,20.21
94,2,20,474,2013,19.82
94,2,20,474,2014,19.76
94,2,20,474,2015,19.68
94,2,20,474,2016,19.94
94,2,20,474,2017,20.75
94,2,22,474,1990,113.4
94,2,22,474,1991,116.15
94,2,22,474,1992,117.43
94,2,22,474,1993,119.26
94,2,22,474,1994,125.32
94,2,22,474,1995,134.97
94,2,22,474,1996,137.94
94,2,22,474,1997,139.74
94,2,22,474,1998,140.61
94,2,22,474,1999,141.13
94,2,22,474,2000,145.4
94,2,22,474,2001,143.49
94,2,22,474,2002,146.17
94,2,22,474,2003,147.33
94,2,22,474,2004,143.64
94,2,22,474,2005,143.7
94,2,22,474,2006,145.57
94,2,22,474,2007,147.83
94,2,22,474,2008,147.99
94,2,22,474,2009,149.18
94,2,22,474,2010,153.29
94,2,22,474,2011,149.15
94,2,22,474,2012,151.16
94,2,22,474,2013,150.89
94,2,22,474,2014,152.07
94,2,22,474,2015,154.2
94,2,22,474,2016,155.1
94,2,22,474,2017,157.26
94,2,30,474,1990,29.59
94,2,30,474,1991,30.34
94,2,30,474,1992,30.75
94,2,30,474,1993,30.03
94,2,30,474,1994,30.94
94,2,30,474,1995,32.2
94,2,30,474,1996,31.26
94,2,30,474,1997,29.98
94,2,30,474,1998,28.84
94,2,30,474,1999,27.84
94,2,30,474,2000,28.62
94,2,30,474,2001,28.57
94,2,30,474,2002,30.33
94,2,30,474,2003,32.1
94,2,30,474,2004,32.49
94,2,30,474,2005,32.64
94,2,30,474,2006,32.95
94,2,30,474,2007,33.6
94,2,30,474,2008,33.55
94,2,30,474,2009,34.13
94,2,30,474,2010,34.78
94,2,30,474,2011,33.54
94,2,30,474,2012,33.32
94,2,30,474,2013,32.72
94,2,30,474,2014,32.18
94,2,30,474,2015,31.25
94,2,30,474,2016,31.15
94,2,30,474,2017,31.12
94,2,31,474,1990,18.65
94,2,31,474,1991,19.65
94,2,31,474,1992,20.65
94,2,31,474,1993,22.28
94,2,31,474,1994,24.47
94,2,31,474,1995,27.69
94,2,31,474,1996,29.01
94,2,31,474,1997,30.57
94,2,31,474,1998,31.21
94,2,31,474,1999,32.06
94,2,31,474,2000,32.51
94,2,31,474,2001,31.42
94,2,31,474,2002,30.43
94,2,31,474,2003,29.56
94,2,31,474,2004,28.19
94,2,31,474,2005,28.82
94,2,31,474,2006,30.12
94,2,31,474,2007,31.54
94,2,31,474,2008,32.75
94,2,31,474,2009,33.43
94,2,31,474,2010,34.24
94,2,31,474,2011,33.17
94,2,31,474,2012,33.98
94,2,31,474,2013,33.75
94,2,31,474,2014,33.96
94,2,31,474,2015,34.54
94,2,31,474,2016,34.63
94,2,31,474,2017,35.09
94,2,32,474,1990,6.44
94,2,32,474,1991,7
94,2,32,474,1992,7.56
94,2,32,474,1993,8.24
94,2,32,474,1994,9.26
94,2,32,474,1995,10.86
94,2,32,474,1996,12.21
94,2,32,474,1997,12.97
94,2,32,474,1998,13.98
94,2,32,474,1999,14.68
94,2,32,474,2000,15.65
94,2,32,474,2001,15.88
94,2,32,474,2002,16.52
94,2,32,474,2003,16.77
94,2,32,474,2004,16.35
94,2,32,474,2005,16.23
94,2,32,474,2006,15.85
94,2,32,474,2007,15.76
94,2,32,474,2008,15.61
94,2,32,474,2009,15.16
94,2,32,474,2010,15.96
94,2,32,474,2011,15.9
94,2,32,474,2012,16.77
94,2,32,474,2013,17.62
94,2,32,474,2014,18.38
94,2,32,474,2015,19.08
94,2,32,474,2016,19.31
94,2,32,474,2017,19.49
94,2,235,474,1990,1.28
94,2,235,474,1991,1.41
94,2,235,474,1992,1.55
94,2,235,474,1993,1.75
94,2,235,474,1994,2.01
94,2,235,474,1995,2.41
94,2,235,474,1996,2.84
94,2,235,474,1997,3.07
94,2,235,474,1998,3.35
94,2,235,474,1999,3.56
94,2,235,474,2000,3.84
94,2,235,474,2001,4.11
94,2,235,474,2002,4.37
94,2,235,474,2003,4.64
94,2,235,474,2004,4.82
94,2,235,474,2005,5.11
94,2,235,474,2006,5.2
94,2,235,474,2007,5.39
94,2,235,474,2008,5.45
94,2,235,474,2009,5.37
94,2,235,474,2010,5.41
94,2,235,474,2011,5.17
94,2,235,474,2012,5.26
94,2,235,474,2013,5.44
94,2,235,474,2014,5.72
94,2,235,474,2015,6.35
94,2,235,474,2016,6.72
94,2,235,474,2017,6.96
95,2,8,474,1990,0.2
95,2,8,474,1991,0.19
95,2,8,474,1992,0.19
95,2,8,474,1993,0.18
95,2,8,474,1994,0.18
95,2,8,474,1995,0.18
95,2,8,474,1996,0.18
95,2,8,474,1997,0.19
95,2,8,474,1998,0.19
95,2,8,474,1999,0.19
95,2,8,474,2000,0.19
95,2,8,474,2001,0.19
95,2,8,474,2002,0.19
95,2,8,474,2003,0.2
95,2,8,474,2004,0.2
95,2,8,474,2005,0.2
95,2,8,474,2006,0.2
95,2,8,474,2007,0.21
95,2,8,474,2008,0.21
95,2,8,474,2009,0.21
95,2,8,474,2010,0.21
95,2,8,474,2011,0.2
95,2,8,474,2012,0.19
95,2,8,474,2013,0.2
95,2,8,474,2014,0.21
95,2,8,474,2015,0.2
95,2,8,474,2016,0.19
95,2,8,474,2017,0.18
95,2,9,474,1990,0.27
95,2,9,474,1991,0.27
95,2,9,474,1992,0.26
95,2,9,474,1993,0.26
95,2,9,474,1994,0.25
95,2,9,474,1995,0.24
95,2,9,474,1996,0.23
95,2,9,474,1997,0.22
95,2,9,474,1998,0.22
95,2,9,474,1999,0.21
95,2,9,474,2000,0.21
95,2,9,474,2001,0.22
95,2,9,474,2002,0.22
95,2,9,474,2003,0.22
95,2,9,474,2004,0.22
95,2,9,474,2005,0.22
95,2,9,474,2006,0.22
95,2,9,474,2007,0.22
95,2,9,474,2008,0.23
95,2,9,474,2009,0.23
95,2,9,474,2010,0.23
95,2,9,474,2011,0.23
95,2,9,474,2012,0.23
95,2,9,474,2013,0.23
95,2,9,474,2014,0.23
95,2,9,474,2015,0.22
95,2,9,474,2016,0.22
95,2,9,474,2017,0.22
95,2,10,474,1990,0.73
95,2,10,474,1991,0.73
95,2,10,474,1992,0.73
95,2,10,474,1993,0.73
95,2,10,474,1994,0.71
95,2,10,474,1995,0.71
95,2,10,474,1996,0.69
95,2,10,474,1997,0.66
95,2,10,474,1998,0.66
95,2,10,474,1999,0.64
95,2,10,474,2000,0.6
95,2,10,474,2001,0.58
95,2,10,474,2002,0.57
95,2,10,474,2003,0.57
95,2,10,474,2004,0.56
95,2,10,474,2005,0.55
95,2,10,474,2006,0.57
95,2,10,474,2007,0.56
95,2,10,474,2008,0.59
95,2,10,474,2009,0.6
95,2,10,474,2010,0.6
95,2,10,474,2011,0.6
95,2,10,474,2012,0.57
95,2,10,474,2013,0.57
95,2,10,474,2014,0.57
95,2,10,474,2015,0.57
95,2,10,474,2016,0.58
95,2,10,474,2017,0.59
95,2,11,474,1990,2.02
95,2,11,474,1991,2.09
95,2,11,474,1992,2.14
95,2,11,474,1993,2.22
95,2,11,474,1994,2.19
95,2,11,474,1995,2.25
95,2,11,474,1996,2.19
95,2,11,474,1997,2.12
95,2,11,474,1998,2.18
95,2,11,474,1999,2.17
95,2,11,474,2000,2.14
95,2,11,474,2001,2.12
95,2,11,474,2002,2.19
95,2,11,474,2003,2.17
95,2,11,474,2004,2.01
95,2,11,474,2005,1.88
95,2,11,474,2006,1.86
95,2,11,474,2007,1.85
95,2,11,474,2008,1.95
95,2,11,474,2009,1.89
95,2,11,474,2010,1.92
95,2,11,474,2011,1.95
95,2,11,474,2012,1.98
95,2,11,474,2013,2.05
95,2,11,474,2014,2.06
95,2,11,474,2015,2.05
95,2,11,474,2016,2.14
95,2,11,474,2017,2.21
95,2,12,474,1990,3.5
95,2,12,474,1991,3.57
95,2,12,474,1992,3.59
95,2,12,474,1993,3.62
95,2,12,474,1994,3.56
95,2,12,474,1995,3.69
95,2,12,474,1996,3.88
95,2,12,474,1997,4.06
95,2,12,474,1998,4.07
95,2,12,474,1999,4.04
95,2,12,474,2000,4.14
95,2,12,474,2001,4.15
95,2,12,474,2002,4.15
95,2,12,474,2003,4.14
95,2,12,474,2004,3.99
95,2,12,474,2005,3.94
95,2,12,474,2006,4.08
95,2,12,474,2007,4.06
95,2,12,474,2008,4.19
95,2,12,474,2009,4.09
95,2,12,474,2010,4.1
95,2,12,474,2011,3.87
95,2,12,474,2012,3.66
95,2,12,474,2013,3.64
95,2,12,474,2014,3.71
95,2,12,474,2015,3.83
95,2,12,474,2016,3.84
95,2,12,474,2017,3.94
95,2,13,474,1990,8.31
95,2,13,474,1991,8.22
95,2,13,474,1992,8.02
95,2,13,474,1993,8.01
95,2,13,474,1994,7.39
95,2,13,474,1995,7.65
95,2,13,474,1996,7.6
95,2,13,474,1997,7.81
95,2,13,474,1998,8.19
95,2,13,474,1999,8.36
95,2,13,474,2000,8.63
95,2,13,474,2001,8.65
95,2,13,474,2002,8.85
95,2,13,474,2003,9.22
95,2,13,474,2004,9.12
95,2,13,474,2005,9.47
95,2,13,474,2006,9.73
95,2,13,474,2007,9.99
95,2,13,474,2008,10.28
95,2,13,474,2009,10.26
95,2,13,474,2010,10.33
95,2,13,474,2011,10.03
95,2,13,474,2012,9.68
95,2,13,474,2013,9.7
95,2,13,474,2014,9.67
95,2,13,474,2015,9.41
95,2,13,474,2016,9.32
95,2,13,474,2017,9.04
95,2,14,474,1990,14.2
95,2,14,474,1991,14.81
95,2,14,474,1992,15.32
95,2,14,474,1993,15.67
95,2,14,474,1994,15.47
95,2,14,474,1995,16.27
95,2,14,474,1996,16.07
95,2,14,474,1997,15.45
95,2,14,474,1998,15.3
95,2,14,474,1999,15.01
95,2,14,474,2000,14.84
95,2,14,474,2001,15.12
95,2,14,474,2002,15.24
95,2,14,474,2003,15.66
95,2,14,474,2004,15.64
95,2,14,474,2005,16.08
95,2,14,474,2006,16.57
95,2,14,474,2007,16.65
95,2,14,474,2008,16.91
95,2,14,474,2009,17
95,2,14,474,2010,17.5
95,2,14,474,2011,17.77
95,2,14,474,2012,17.7
95,2,14,474,2013,17.92
95,2,14,474,2014,18.15
95,2,14,474,2015,18.77
95,2,14,474,2016,19.04
95,2,14,474,2017,18.76
95,2,15,474,1990,26.36
95,2,15,474,1991,25.75
95,2,15,474,1992,25.65
95,2,15,474,1993,25.62
95,2,15,474,1994,25.19
95,2,15,474,1995,26.02
95,2,15,474,1996,26.08
95,2,15,474,1997,26.62
95,2,15,474,1998,27.21
95,2,15,474,1999,27.85
95,2,15,474,2000,29.05
95,2,15,474,2001,27.76
95,2,15,474,2002,26.9
95,2,15,474,2003,26.53
95,2,15,474,2004,25
95,2,15,474,2005,24.67
95,2,15,474,2006,24.95
95,2,15,474,2007,24.7
95,2,15,474,2008,25.19
95,2,15,474,2009,25.38
95,2,15,474,2010,26.18
95,2,15,474,2011,26.22
95,2,15,474,2012,27.41
95,2,15,474,2013,28.2
95,2,15,474,2014,28.97
95,2,15,474,2015,29.71
95,2,15,474,2016,31.14
95,2,15,474,2017,31.24
95,2,16,474,1990,54.22
95,2,16,474,1991,51.04
95,2,16,474,1992,49.25
95,2,16,474,1993,48.87
95,2,16,474,1994,46.48
95,2,16,474,1995,46.12
95,2,16,474,1996,45.05
95,2,16,474,1997,43.94
95,2,16,474,1998,44.21
95,2,16,474,1999,44.27
95,2,16,474,2000,44.61
95,2,16,474,2001,44.8
95,2,16,474,2002,46.98
95,2,16,474,2003,48.95
95,2,16,474,2004,48.48
95,2,16,474,2005,49.61
95,2,16,474,2006,49.46
95,2,16,474,2007,46.96
95,2,16,474,2008,45.76
95,2,16,474,2009,44.51
95,2,16,474,2010,44.09
95,2,16,474,2011,43.77
95,2,16,474,2012,44.68
95,2,16,474,2013,45.49
95,2,16,474,2014,45.17
95,2,16,474,2015,46.53
95,2,16,474,2016,49.41
95,2,16,474,2017,51.36
95,2,17,474,1990,108.31
95,2,17,474,1991,103.46
95,2,17,474,1992,101.07
95,2,17,474,1993,99.29
95,2,17,474,1994,93.74
95,2,17,474,1995,90.41
95,2,17,474,1996,85.24
95,2,17,474,1997,81.85
95,2,17,474,1998,80.64
95,2,17,474,1999,78.6
95,2,17,474,2000,76.43
95,2,17,474,2001,74.08
95,2,17,474,2002,74.17
95,2,17,474,2003,74.32
95,2,17,474,2004,72.31
95,2,17,474,2005,72.12
95,2,17,474,2006,75.35
95,2,17,474,2007,77.88
95,2,17,474,2008,81.14
95,2,17,474,2009,80.07
95,2,17,474,2010,81.87
95,2,17,474,2011,79.42
95,2,17,474,2012,76.49
95,2,17,474,2013,74.37
95,2,17,474,2014,73.31
95,2,17,474,2015,72.79
95,2,17,474,2016,75.15
95,2,17,474,2017,76.72
95,2,18,474,1990,194.25
95,2,18,474,1991,186.18
95,2,18,474,1992,179.05
95,2,18,474,1993,175.54
95,2,18,474,1994,166.93
95,2,18,474,1995,162.38
95,2,18,474,1996,156.67
95,2,18,474,1997,150.49
95,2,18,474,1998,146.95
95,2,18,474,1999,141.17
95,2,18,474,2000,133.33
95,2,18,474,2001,127.62
95,2,18,474,2002,128.12
95,2,18,474,2003,128.95
95,2,18,474,2004,124.67
95,2,18,474,2005,124.95
95,2,18,474,2006,123.54
95,2,18,474,2007,119.65
95,2,18,474,2008,119.01
95,2,18,474,2009,117.54
95,2,18,474,2010,119.94
95,2,18,474,2011,122.27
95,2,18,474,2012,127.46
95,2,18,474,2013,131.37
95,2,18,474,2014,132.22
95,2,18,474,2015,137.97
95,2,18,474,2016,141.95
95,2,18,474,2017,141.73
95,2,19,474,1990,250.45
95,2,19,474,1991,255.99
95,2,19,474,1992,265.46
95,2,19,474,1993,279.24
95,2,19,474,1994,280.47
95,2,19,474,1995,274.04
95,2,19,474,1996,263.14
95,2,19,474,1997,252.12
95,2,19,474,1998,245.2
95,2,19,474,1999,235.05
95,2,19,474,2000,223.52
95,2,19,474,2001,215.97
95,2,19,474,2002,211.37
95,2,19,474,2003,207.53
95,2,19,474,2004,195.15
95,2,19,474,2005,190.13
95,2,19,474,2006,185.51
95,2,19,474,2007,181.01
95,2,19,474,2008,181.02
95,2,19,474,2009,178
95,2,19,474,2010,178
95,2,19,474,2011,174.68
95,2,19,474,2012,174.33
95,2,19,474,2013,175.06
95,2,19,474,2014,178.35
95,2,19,474,2015,183.71
95,2,19,474,2016,191.45
95,2,19,474,2017,200.42
95,2,20,474,1990,366.98
95,2,20,474,1991,360.9
95,2,20,474,1992,354.43
95,2,20,474,1993,345.44
95,2,20,474,1994,330.81
95,2,20,474,1995,332.79
95,2,20,474,1996,337.45
95,2,20,474,1997,344.82
95,2,20,474,1998,353.28
95,2,20,474,1999,353.99
95,2,20,474,2000,345.78
95,2,20,474,2001,341.66
95,2,20,474,2002,338.27
95,2,20,474,2003,332.37
95,2,20,474,2004,315.1
95,2,20,474,2005,309
95,2,20,474,2006,300.68
95,2,20,474,2007,290.66
95,2,20,474,2008,287.07
95,2,20,474,2009,275.12
95,2,20,474,2010,270.58
95,2,20,474,2011,263.18
95,2,20,474,2012,266.56
95,2,20,474,2013,269.52
95,2,20,474,2014,269.82
95,2,20,474,2015,273.55
95,2,20,474,2016,278.51
95,2,20,474,2017,284.61
95,2,22,474,1990,1892.45
95,2,22,474,1991,1897.53
95,2,22,474,1992,1918.76
95,2,22,474,1993,1952.01
95,2,22,474,1994,1934.11
95,2,22,474,1995,1951.86
95,2,22,474,1996,1936.62
95,2,22,474,1997,1928.37
95,2,22,474,1998,1925.31
95,2,22,474,1999,1914.23
95,2,22,474,2000,1908.61
95,2,22,474,2001,1905.52
95,2,22,474,2002,1925.98
95,2,22,474,2003,1940.57
95,2,22,474,2004,1888.42
95,2,22,474,2005,1879.92
95,2,22,474,2006,1874.04
95,2,22,474,2007,1871.27
95,2,22,474,2008,1900.13
95,2,22,474,2009,1859.03
95,2,22,474,2010,1873.12
95,2,22,474,2011,1874.16
95,2,22,474,2012,1910.58
95,2,22,474,2013,1937.89
95,2,22,474,2014,1947.91
95,2,22,474,2015,1987.84
95,2,22,474,2016,2024.23
95,2,22,474,2017,2038.74
95,2,30,474,1990,398.59
95,2,30,474,1991,400.61
95,2,30,474,1992,406.89
95,2,30,474,1993,414.1
95,2,30,474,1994,412.18
95,2,30,474,1995,416.66
95,2,30,474,1996,410.08
95,2,30,474,1997,395.84
95,2,30,474,1998,381.89
95,2,30,474,1999,374.7
95,2,30,474,2000,382.08
95,2,30,474,2001,388.21
95,2,30,474,2002,402.67
95,2,30,474,2003,423.02
95,2,30,474,2004,422.63
95,2,30,474,2005,417.44
95,2,30,474,2006,409
95,2,30,474,2007,399.11
95,2,30,474,2008,397.1
95,2,30,474,2009,380.32
95,2,30,474,2010,377.12
95,2,30,474,2011,370.41
95,2,30,474,2012,375.27
95,2,30,474,2013,375.76
95,2,30,474,2014,370.5
95,2,30,474,2015,373.54
95,2,30,474,2016,375.74
95,2,30,474,2017,378.09
95,2,31,474,1990,287.75
95,2,31,474,1991,297.98
95,2,31,474,1992,310.79
95,2,31,474,1993,324.86
95,2,31,474,1994,331.01
95,2,31,474,1995,342.09
95,2,31,474,1996,344.72
95,2,31,474,1997,351.48
95,2,31,474,1998,353.36
95,2,31,474,1999,355.17
95,2,31,474,2000,358.5
95,2,31,474,2001,359.2
95,2,31,474,2002,358
95,2,31,474,2003,349.54
95,2,31,474,2004,334.06
95,2,31,474,2005,336.84
95,2,31,474,2006,346.06
95,2,31,474,2007,366.37
95,2,31,474,2008,391.86
95,2,31,474,2009,391.2
95,2,31,474,2010,390.86
95,2,31,474,2011,387.22
95,2,31,474,2012,388.9
95,2,31,474,2013,397.99
95,2,31,474,2014,415.46
95,2,31,474,2015,428.41
95,2,31,474,2016,429.47
95,2,31,474,2017,421.68
95,2,32,474,1990,135.17
95,2,32,474,1991,142.4
95,2,32,474,1992,150.36
95,2,32,474,1993,160.86
95,2,32,474,1994,168.33
95,2,32,474,1995,179.03
95,2,32,474,1996,184.56
95,2,32,474,1997,194.41
95,2,32,474,1998,202.02
95,2,32,474,1999,208.9
95,2,32,474,2000,215.46
95,2,32,474,2001,220.85
95,2,32,474,2002,228.64
95,2,32,474,2003,233.32
95,2,32,474,2004,232.4
95,2,32,474,2005,233.56
95,2,32,474,2006,234.25
95,2,32,474,2007,235.61
95,2,32,474,2008,236.41
95,2,32,474,2009,227.64
95,2,32,474,2010,236.05
95,2,32,474,2011,249.42
95,2,32,474,2012,267.82
95,2,32,474,2013,278.06
95,2,32,474,2014,276.31
95,2,32,474,2015,286.09
95,2,32,474,2016,295.79
95,2,32,474,2017,296.08
95,2,235,474,1990,41.16
95,2,235,474,1991,43.33
95,2,235,474,1992,45.55
95,2,235,474,1993,47.5
95,2,235,474,1994,49.24
95,2,235,474,1995,51.36
95,2,235,474,1996,52.79
95,2,235,474,1997,56.3
95,2,235,474,1998,59.74
95,2,235,474,1999,63.91
95,2,235,474,2000,69.1
95,2,235,474,2001,74.35
95,2,235,474,2002,79.47
95,2,235,474,2003,83.86
95,2,235,474,2004,86.88
95,2,235,474,2005,89.25
95,2,235,474,2006,92
95,2,235,474,2007,95.8
95,2,235,474,2008,101.21
95,2,235,474,2009,104.96
95,2,235,474,2010,113.55
95,2,235,474,2011,122.93
95,2,235,474,2012,127.65
95,2,235,474,2013,127.76
95,2,235,474,2014,123.21
95,2,235,474,2015,120.49
95,2,235,474,2016,120.3
95,2,235,474,2017,121.86
97,2,8,474,1990,0.19
97,2,8,474,1991,0.2
97,2,8,474,1992,0.21
97,2,8,474,1993,0.21
97,2,8,474,1994,0.22
97,2,8,474,1995,0.23
97,2,8,474,1996,0.23
97,2,8,474,1997,0.24
97,2,8,474,1998,0.24
97,2,8,474,1999,0.23
97,2,8,474,2000,0.23
97,2,8,474,2001,0.22
97,2,8,474,2002,0.22
97,2,8,474,2003,0.22
97,2,8,474,2004,0.22
97,2,8,474,2005,0.23
97,2,8,474,2006,0.23
97,2,8,474,2007,0.23
97,2,8,474,2008,0.23
97,2,8,474,2009,0.24
97,2,8,474,2010,0.24
97,2,8,474,2011,0.24
97,2,8,474,2012,0.24
97,2,8,474,2013,0.24
97,2,8,474,2014,0.23
97,2,8,474,2015,0.22
97,2,8,474,2016,0.23
97,2,8,474,2017,0.23
97,2,9,474,1990,0.22
97,2,9,474,1991,0.22
97,2,9,474,1992,0.23
97,2,9,474,1993,0.24
97,2,9,474,1994,0.25
97,2,9,474,1995,0.26
97,2,9,474,1996,0.27
97,2,9,474,1997,0.29
97,2,9,474,1998,0.28
97,2,9,474,1999,0.28
97,2,9,474,2000,0.28
97,2,9,474,2001,0.27
97,2,9,474,2002,0.27
97,2,9,474,2003,0.27
97,2,9,474,2004,0.26
97,2,9,474,2005,0.26
97,2,9,474,2006,0.26
97,2,9,474,2007,0.26
97,2,9,474,2008,0.26
97,2,9,474,2009,0.27
97,2,9,474,2010,0.27
97,2,9,474,2011,0.28
97,2,9,474,2012,0.28
97,2,9,474,2013,0.27
97,2,9,474,2014,0.27
97,2,9,474,2015,0.27
97,2,9,474,2016,0.27
97,2,9,474,2017,0.26
97,2,10,474,1990,0.37
97,2,10,474,1991,0.38
97,2,10,474,1992,0.38
97,2,10,474,1993,0.36
97,2,10,474,1994,0.37
97,2,10,474,1995,0.4
97,2,10,474,1996,0.4
97,2,10,474,1997,0.41
97,2,10,474,1998,0.4
97,2,10,474,1999,0.41
97,2,10,474,2000,0.4
97,2,10,474,2001,0.39
97,2,10,474,2002,0.38
97,2,10,474,2003,0.4
97,2,10,474,2004,0.39
97,2,10,474,2005,0.4
97,2,10,474,2006,0.41
97,2,10,474,2007,0.42
97,2,10,474,2008,0.43
97,2,10,474,2009,0.44
97,2,10,474,2010,0.41
97,2,10,474,2011,0.41
97,2,10,474,2012,0.41
97,2,10,474,2013,0.41
97,2,10,474,2014,0.4
97,2,10,474,2015,0.4
97,2,10,474,2016,0.41
97,2,10,474,2017,0.41
97,2,11,474,1990,0.61
97,2,11,474,1991,0.61
97,2,11,474,1992,0.62
97,2,11,474,1993,0.62
97,2,11,474,1994,0.64
97,2,11,474,1995,0.64
97,2,11,474,1996,0.65
97,2,11,474,1997,0.67
97,2,11,474,1998,0.64
97,2,11,474,1999,0.65
97,2,11,474,2000,0.63
97,2,11,474,2001,0.62
97,2,11,474,2002,0.62
97,2,11,474,2003,0.63
97,2,11,474,2004,0.61
97,2,11,474,2005,0.59
97,2,11,474,2006,0.62
97,2,11,474,2007,0.63
97,2,11,474,2008,0.67
97,2,11,474,2009,0.74
97,2,11,474,2010,0.73
97,2,11,474,2011,0.73
97,2,11,474,2012,0.74
97,2,11,474,2013,0.73
97,2,11,474,2014,0.7
97,2,11,474,2015,0.67
97,2,11,474,2016,0.68
97,2,11,474,2017,0.7
97,2,12,474,1990,1.26
97,2,12,474,1991,1.28
97,2,12,474,1992,1.31
97,2,12,474,1993,1.31
97,2,12,474,1994,1.32
97,2,12,474,1995,1.31
97,2,12,474,1996,1.33
97,2,12,474,1997,1.4
97,2,12,474,1998,1.34
97,2,12,474,1999,1.38
97,2,12,474,2000,1.37
97,2,12,474,2001,1.32
97,2,12,474,2002,1.25
97,2,12,474,2003,1.25
97,2,12,474,2004,1.22
97,2,12,474,2005,1.2
97,2,12,474,2006,1.25
97,2,12,474,2007,1.27
97,2,12,474,2008,1.29
97,2,12,474,2009,1.42
97,2,12,474,2010,1.37
97,2,12,474,2011,1.38
97,2,12,474,2012,1.43
97,2,12,474,2013,1.43
97,2,12,474,2014,1.43
97,2,12,474,2015,1.46
97,2,12,474,2016,1.51
97,2,12,474,2017,1.54
97,2,13,474,1990,2.08
97,2,13,474,1991,2.18
97,2,13,474,1992,2.24
97,2,13,474,1993,2.34
97,2,13,474,1994,2.45
97,2,13,474,1995,2.5
97,2,13,474,1996,2.6
97,2,13,474,1997,2.75
97,2,13,474,1998,2.79
97,2,13,474,1999,2.98
97,2,13,474,2000,2.98
97,2,13,474,2001,2.92
97,2,13,474,2002,2.82
97,2,13,474,2003,2.91
97,2,13,474,2004,2.79
97,2,13,474,2005,2.63
97,2,13,474,2006,2.59
97,2,13,474,2007,2.59
97,2,13,474,2008,2.57
97,2,13,474,2009,2.76
97,2,13,474,2010,2.63
97,2,13,474,2011,2.64
97,2,13,474,2012,2.7
97,2,13,474,2013,2.8
97,2,13,474,2014,2.86
97,2,13,474,2015,2.84
97,2,13,474,2016,2.92
97,2,13,474,2017,3.04
97,2,14,474,1990,3.72
97,2,14,474,1991,3.82
97,2,14,474,1992,3.95
97,2,14,474,1993,4.02
97,2,14,474,1994,4.2
97,2,14,474,1995,4.29
97,2,14,474,1996,4.67
97,2,14,474,1997,5.12
97,2,14,474,1998,5.38
97,2,14,474,1999,5.65
97,2,14,474,2000,5.56
97,2,14,474,2001,5.58
97,2,14,474,2002,5.47
97,2,14,474,2003,5.66
97,2,14,474,2004,5.44
97,2,14,474,2005,5.14
97,2,14,474,2006,4.98
97,2,14,474,2007,5.1
97,2,14,474,2008,5.1
97,2,14,474,2009,5.23
97,2,14,474,2010,4.95
97,2,14,474,2011,4.71
97,2,14,474,2012,4.86
97,2,14,474,2013,4.56
97,2,14,474,2014,4.52
97,2,14,474,2015,4.62
97,2,14,474,2016,4.84
97,2,14,474,2017,5.03
97,2,15,474,1990,6.91
97,2,15,474,1991,7.06
97,2,15,474,1992,7.22
97,2,15,474,1993,7.35
97,2,15,474,1994,7.7
97,2,15,474,1995,8.09
97,2,15,474,1996,8.75
97,2,15,474,1997,9.26
97,2,15,474,1998,9.17
97,2,15,474,1999,9.2
97,2,15,474,2000,9.73
97,2,15,474,2001,10.23
97,2,15,474,2002,10.38
97,2,15,474,2003,11.07
97,2,15,474,2004,10.87
97,2,15,474,2005,10.87
97,2,15,474,2006,10.75
97,2,15,474,2007,11.29
97,2,15,474,2008,11.38
97,2,15,474,2009,11.93
97,2,15,474,2010,11.34
97,2,15,474,2011,11.02
97,2,15,474,2012,11.18
97,2,15,474,2013,10.98
97,2,15,474,2014,10.87
97,2,15,474,2015,10.73
97,2,15,474,2016,10.9
97,2,15,474,2017,10.99
97,2,16,474,1990,11.24
97,2,16,474,1991,10.85
97,2,16,474,1992,10.6
97,2,16,474,1993,10.12
97,2,16,474,1994,10.52
97,2,16,474,1995,11.29
97,2,16,474,1996,11.81
97,2,16,474,1997,12.28
97,2,16,474,1998,12.49
97,2,16,474,1999,13.05
97,2,16,474,2000,13.98
97,2,16,474,2001,14.62
97,2,16,474,2002,15.11
97,2,16,474,2003,16.65
97,2,16,474,2004,17
97,2,16,474,2005,16.82
97,2,16,474,2006,17.15
97,2,16,474,2007,18.17
97,2,16,474,2008,18.24
97,2,16,474,2009,19.14
97,2,16,474,2010,18.25
97,2,16,474,2011,17.86
97,2,16,474,2012,18.62
97,2,16,474,2013,18.86
97,2,16,474,2014,18.55
97,2,16,474,2015,18.74
97,2,16,474,2016,18.95
97,2,16,474,2017,18.92
97,2,17,474,1990,18.29
97,2,17,474,1991,17.95
97,2,17,474,1992,18.09
97,2,17,474,1993,17.81
97,2,17,474,1994,18.19
97,2,17,474,1995,19.09
97,2,17,474,1996,19.83
97,2,17,474,1997,20.29
97,2,17,474,1998,20.38
97,2,17,474,1999,21.65
97,2,17,474,2000,22.12
97,2,17,474,2001,22.74
97,2,17,474,2002,22.83
97,2,17,474,2003,23.58
97,2,17,474,2004,23.56
97,2,17,474,2005,23.8
97,2,17,474,2006,24.44
97,2,17,474,2007,24.59
97,2,17,474,2008,24.59
97,2,17,474,2009,25.84
97,2,17,474,2010,25.36
97,2,17,474,2011,26.41
97,2,17,474,2012,26.96
97,2,17,474,2013,27.73
97,2,17,474,2014,27.52
97,2,17,474,2015,28.06
97,2,17,474,2016,28.82
97,2,17,474,2017,29.09
97,2,18,474,1990,29.79
97,2,18,474,1991,29.63
97,2,18,474,1992,31.17
97,2,18,474,1993,31.56
97,2,18,474,1994,32.17
97,2,18,474,1995,32.82
97,2,18,474,1996,34.24
97,2,18,474,1997,35.51
97,2,18,474,1998,36
97,2,18,474,1999,38.09
97,2,18,474,2000,36.68
97,2,18,474,2001,35.8
97,2,18,474,2002,35.4
97,2,18,474,2003,36.37
97,2,18,474,2004,34.67
97,2,18,474,2005,33.18
97,2,18,474,2006,33.41
97,2,18,474,2007,33.35
97,2,18,474,2008,32.48
97,2,18,474,2009,33.14
97,2,18,474,2010,33.47
97,2,18,474,2011,34.55
97,2,18,474,2012,35.93
97,2,18,474,2013,37.73
97,2,18,474,2014,38.47
97,2,18,474,2015,40.49
97,2,18,474,2016,41.82
97,2,18,474,2017,42.35
97,2,19,474,1990,36.02
97,2,19,474,1991,35.47
97,2,19,474,1992,37.83
97,2,19,474,1993,40.08
97,2,19,474,1994,41.97
97,2,19,474,1995,44.24
97,2,19,474,1996,46.3
97,2,19,474,1997,48.93
97,2,19,474,1998,50.39
97,2,19,474,1999,53.74
97,2,19,474,2000,52.11
97,2,19,474,2001,51.68
97,2,19,474,2002,50.65
97,2,19,474,2003,52.08
97,2,19,474,2004,50.12
97,2,19,474,2005,47.25
97,2,19,474,2006,46.67
97,2,19,474,2007,47.05
97,2,19,474,2008,45.67
97,2,19,474,2009,46.85
97,2,19,474,2010,46.82
97,2,19,474,2011,47.75
97,2,19,474,2012,48.25
97,2,19,474,2013,49.48
97,2,19,474,2014,50.6
97,2,19,474,2015,51.99
97,2,19,474,2016,53.65
97,2,19,474,2017,55.03
97,2,20,474,1990,57.32
97,2,20,474,1991,56.66
97,2,20,474,1992,58.16
97,2,20,474,1993,57.86
97,2,20,474,1994,57.22
97,2,20,474,1995,58.38
97,2,20,474,1996,60.25
97,2,20,474,1997,65.05
97,2,20,474,1998,67.95
97,2,20,474,1999,72.11
97,2,20,474,2000,70.96
97,2,20,474,2001,70.97
97,2,20,474,2002,71.03
97,2,20,474,2003,73.34
97,2,20,474,2004,72.98
97,2,20,474,2005,71.48
97,2,20,474,2006,71.47
97,2,20,474,2007,72.9
97,2,20,474,2008,68.94
97,2,20,474,2009,68.59
97,2,20,474,2010,67.24
97,2,20,474,2011,65.55
97,2,20,474,2012,64.54
97,2,20,474,2013,63.94
97,2,20,474,2014,64.21
97,2,20,474,2015,64.88
97,2,20,474,2016,67.18
97,2,20,474,2017,69.16
97,2,22,474,1990,274.61
97,2,22,474,1991,276.83
97,2,22,474,1992,291.31
97,2,22,474,1993,296.34
97,2,22,474,1994,304.27
97,2,22,474,1995,317.9
97,2,22,474,1996,331.1
97,2,22,474,1997,354.92
97,2,22,474,1998,365.22
97,2,22,474,1999,386.75
97,2,22,474,2000,387.07
97,2,22,474,2001,389.39
97,2,22,474,2002,393.03
97,2,22,474,2003,410.91
97,2,22,474,2004,407.33
97,2,22,474,2005,403.43
97,2,22,474,2006,407.75
97,2,22,474,2007,416.4
97,2,22,474,2008,406.34
97,2,22,474,2009,418.93
97,2,22,474,2010,420.61
97,2,22,474,2011,425.97
97,2,22,474,2012,426.75
97,2,22,474,2013,427.6
97,2,22,474,2014,425.36
97,2,22,474,2015,428.19
97,2,22,474,2016,442.14
97,2,22,474,2017,447.88
97,2,30,474,1990,56.85
97,2,30,474,1991,58.55
97,2,30,474,1992,62.6
97,2,30,474,1993,64.04
97,2,30,474,1994,65.19
97,2,30,474,1995,67.29
97,2,30,474,1996,67.62
97,2,30,474,1997,70.61
97,2,30,474,1998,69.65
97,2,30,474,1999,72.1
97,2,30,474,2000,72.17
97,2,30,474,2001,73.39
97,2,30,474,2002,76.1
97,2,30,474,2003,80.73
97,2,30,474,2004,82.38
97,2,30,474,2005,83.41
97,2,30,474,2006,84.7
97,2,30,474,2007,86.02
97,2,30,474,2008,83.3
97,2,30,474,2009,84.09
97,2,30,474,2010,83.71
97,2,30,474,2011,83.42
97,2,30,474,2012,81.8
97,2,30,474,2013,79.96
97,2,30,474,2014,76.69
97,2,30,474,2015,75.26
97,2,30,474,2016,77.55
97,2,30,474,2017,79.38
97,2,31,474,1990,33.36
97,2,31,474,1991,34.69
97,2,31,474,1992,37.75
97,2,31,474,1993,38.69
97,2,31,474,1994,40.74
97,2,31,474,1995,44
97,2,31,474,1996,47.39
97,2,31,474,1997,54.4
97,2,31,474,1998,57.98
97,2,31,474,1999,62.38
97,2,31,474,2000,63.53
97,2,31,474,2001,63.2
97,2,31,474,2002,63.21
97,2,31,474,2003,65.43
97,2,31,474,2004,63.72
97,2,31,474,2005,64.24
97,2,31,474,2006,65.29
97,2,31,474,2007,67.61
97,2,31,474,2008,66.79
97,2,31,474,2009,70.63
97,2,31,474,2010,73.12
97,2,31,474,2011,75.65
97,2,31,474,2012,74.15
97,2,31,474,2013,73.66
97,2,31,474,2014,72.71
97,2,31,474,2015,72.15
97,2,31,474,2016,74.93
97,2,31,474,2017,75.07
97,2,32,474,1990,13.39
97,2,32,474,1991,14.2
97,2,32,474,1992,15.65
97,2,32,474,1993,16.28
97,2,32,474,1994,17.41
97,2,32,474,1995,18.93
97,2,32,474,1996,20.12
97,2,32,474,1997,22.44
97,2,32,474,1998,24.19
97,2,32,474,1999,26.1
97,2,32,474,2000,27.38
97,2,32,474,2001,28.3
97,2,32,474,2002,29.71
97,2,32,474,2003,32.47
97,2,32,474,2004,33.23
97,2,32,474,2005,34.33
97,2,32,474,2006,35.71
97,2,32,474,2007,36.9
97,2,32,474,2008,36.03
97,2,32,474,2009,38.37
97,2,32,474,2010,40.35
97,2,32,474,2011,41.84
97,2,32,474,2012,42.16
97,2,32,474,2013,41.99
97,2,32,474,2014,42.47
97,2,32,474,2015,42.36
97,2,32,474,2016,44.14
97,2,32,474,2017,43.63
97,2,235,474,1990,2.98
97,2,235,474,1991,3.06
97,2,235,474,1992,3.31
97,2,235,474,1993,3.44
97,2,235,474,1994,3.7
97,2,235,474,1995,4.16
97,2,235,474,1996,4.63
97,2,235,474,1997,5.26
97,2,235,474,1998,5.94
97,2,235,474,1999,6.76
97,2,235,474,2000,6.97
97,2,235,474,2001,7.13
97,2,235,474,2002,7.59
97,2,235,474,2003,7.88
97,2,235,474,2004,7.89
97,2,235,474,2005,7.6
97,2,235,474,2006,7.83
97,2,235,474,2007,8.02
97,2,235,474,2008,8.35
97,2,235,474,2009,9.22
97,2,235,474,2010,10.34
97,2,235,474,2011,11.55
97,2,235,474,2012,12.52
97,2,235,474,2013,12.83
97,2,235,474,2014,12.86
97,2,235,474,2015,13.05
97,2,235,474,2016,13.34
97,2,235,474,2017,13.03
98,2,8,474,1990,0.06
98,2,8,474,1991,0.06
98,2,8,474,1992,0.06
98,2,8,474,1993,0.06
98,2,8,474,1994,0.06
98,2,8,474,1995,0.06
98,2,8,474,1996,0.06
98,2,8,474,1997,0.06
98,2,8,474,1998,0.06
98,2,8,474,1999,0.07
98,2,8,474,2000,0.07
98,2,8,474,2001,0.07
98,2,8,474,2002,0.06
98,2,8,474,2003,0.06
98,2,8,474,2004,0.07
98,2,8,474,2005,0.07
98,2,8,474,2006,0.07
98,2,8,474,2007,0.07
98,2,8,474,2008,0.07
98,2,8,474,2009,0.07
98,2,8,474,2010,0.07
98,2,8,474,2011,0.07
98,2,8,474,2012,0.07
98,2,8,474,2013,0.06
98,2,8,474,2014,0.06
98,2,8,474,2015,0.06
98,2,8,474,2016,0.06
98,2,8,474,2017,0.06
98,2,9,474,1990,0.07
98,2,9,474,1991,0.07
98,2,9,474,1992,0.06
98,2,9,474,1993,0.07
98,2,9,474,1994,0.07
98,2,9,474,1995,0.07
98,2,9,474,1996,0.06
98,2,9,474,1997,0.06
98,2,9,474,1998,0.06
98,2,9,474,1999,0.06
98,2,9,474,2000,0.06
98,2,9,474,2001,0.06
98,2,9,474,2002,0.06
98,2,9,474,2003,0.06
98,2,9,474,2004,0.06
98,2,9,474,2005,0.06
98,2,9,474,2006,0.06
98,2,9,474,2007,0.06
98,2,9,474,2008,0.07
98,2,9,474,2009,0.07
98,2,9,474,2010,0.07
98,2,9,474,2011,0.07
98,2,9,474,2012,0.07
98,2,9,474,2013,0.07
98,2,9,474,2014,0.07
98,2,9,474,2015,0.07
98,2,9,474,2016,0.07
98,2,9,474,2017,0.07
98,2,10,474,1990,0.13
98,2,10,474,1991,0.12
98,2,10,474,1992,0.12
98,2,10,474,1993,0.12
98,2,10,474,1994,0.12
98,2,10,474,1995,0.12
98,2,10,474,1996,0.12
98,2,10,474,1997,0.11
98,2,10,474,1998,0.12
98,2,10,474,1999,0.13
98,2,10,474,2000,0.13
98,2,10,474,2001,0.14
98,2,10,474,2002,0.13
98,2,10,474,2003,0.12
98,2,10,474,2004,0.13
98,2,10,474,2005,0.12
98,2,10,474,2006,0.12
98,2,10,474,2007,0.12
98,2,10,474,2008,0.13
98,2,10,474,2009,0.13
98,2,10,474,2010,0.13
98,2,10,474,2011,0.12
98,2,10,474,2012,0.12
98,2,10,474,2013,0.13
98,2,10,474,2014,0.13
98,2,10,474,2015,0.13
98,2,10,474,2016,0.14
98,2,10,474,2017,0.14
98,2,11,474,1990,0.32
98,2,11,474,1991,0.32
98,2,11,474,1992,0.31
98,2,11,474,1993,0.33
98,2,11,474,1994,0.35
98,2,11,474,1995,0.37
98,2,11,474,1996,0.38
98,2,11,474,1997,0.36
98,2,11,474,1998,0.37
98,2,11,474,1999,0.38
98,2,11,474,2000,0.37
98,2,11,474,2001,0.37
98,2,11,474,2002,0.34
98,2,11,474,2003,0.35
98,2,11,474,2004,0.36
98,2,11,474,2005,0.37
98,2,11,474,2006,0.39
98,2,11,474,2007,0.37
98,2,11,474,2008,0.35
98,2,11,474,2009,0.35
98,2,11,474,2010,0.34
98,2,11,474,2011,0.33
98,2,11,474,2012,0.34
98,2,11,474,2013,0.34
98,2,11,474,2014,0.33
98,2,11,474,2015,0.33
98,2,11,474,2016,0.33
98,2,11,474,2017,0.34
98,2,12,474,1990,0.5
98,2,12,474,1991,0.49
98,2,12,474,1992,0.49
98,2,12,474,1993,0.52
98,2,12,474,1994,0.57
98,2,12,474,1995,0.58
98,2,12,474,1996,0.56
98,2,12,474,1997,0.57
98,2,12,474,1998,0.6
98,2,12,474,1999,0.61
98,2,12,474,2000,0.62
98,2,12,474,2001,0.65
98,2,12,474,2002,0.61
98,2,12,474,2003,0.63
98,2,12,474,2004,0.65
98,2,12,474,2005,0.64
98,2,12,474,2006,0.63
98,2,12,474,2007,0.62
98,2,12,474,2008,0.6
98,2,12,474,2009,0.6
98,2,12,474,2010,0.6
98,2,12,474,2011,0.58
98,2,12,474,2012,0.56
98,2,12,474,2013,0.58
98,2,12,474,2014,0.61
98,2,12,474,2015,0.65
98,2,12,474,2016,0.68
98,2,12,474,2017,0.66
98,2,13,474,1990,0.8
98,2,13,474,1991,0.79
98,2,13,474,1992,0.76
98,2,13,474,1993,0.79
98,2,13,474,1994,0.84
98,2,13,474,1995,0.88
98,2,13,474,1996,0.87
98,2,13,474,1997,0.89
98,2,13,474,1998,0.96
98,2,13,474,1999,1.03
98,2,13,474,2000,1.05
98,2,13,474,2001,1.15
98,2,13,474,2002,1.14
98,2,13,474,2003,1.19
98,2,13,474,2004,1.21
98,2,13,474,2005,1.22
98,2,13,474,2006,1.26
98,2,13,474,2007,1.22
98,2,13,474,2008,1.16
98,2,13,474,2009,1.17
98,2,13,474,2010,1.16
98,2,13,474,2011,1.1
98,2,13,474,2012,1.13
98,2,13,474,2013,1.15
98,2,13,474,2014,1.15
98,2,13,474,2015,1.16
98,2,13,474,2016,1.19
98,2,13,474,2017,1.15
98,2,14,474,1990,1.4
98,2,14,474,1991,1.33
98,2,14,474,1992,1.26
98,2,14,474,1993,1.37
98,2,14,474,1994,1.45
98,2,14,474,1995,1.46
98,2,14,474,1996,1.5
98,2,14,474,1997,1.52
98,2,14,474,1998,1.66
98,2,14,474,1999,1.79
98,2,14,474,2000,1.82
98,2,14,474,2001,1.97
98,2,14,474,2002,2.01
98,2,14,474,2003,2.08
98,2,14,474,2004,2.18
98,2,14,474,2005,2.25
98,2,14,474,2006,2.37
98,2,14,474,2007,2.33
98,2,14,474,2008,2.2
98,2,14,474,2009,2.25
98,2,14,474,2010,2.29
98,2,14,474,2011,2.16
98,2,14,474,2012,2.1
98,2,14,474,2013,2.17
98,2,14,474,2014,2.18
98,2,14,474,2015,2.08
98,2,14,474,2016,2.14
98,2,14,474,2017,2.13
98,2,15,474,1990,2.6
98,2,15,474,1991,2.58
98,2,15,474,1992,2.61
98,2,15,474,1993,2.87
98,2,15,474,1994,3.04
98,2,15,474,1995,3.08
98,2,15,474,1996,3.17
98,2,15,474,1997,3.09
98,2,15,474,1998,3.32
98,2,15,474,1999,3.58
98,2,15,474,2000,3.63
98,2,15,474,2001,3.77
98,2,15,474,2002,3.6
98,2,15,474,2003,3.85
98,2,15,474,2004,3.91
98,2,15,474,2005,4
98,2,15,474,2006,4.15
98,2,15,474,2007,4.26
98,2,15,474,2008,4.38
98,2,15,474,2009,4.65
98,2,15,474,2010,4.84
98,2,15,474,2011,4.7
98,2,15,474,2012,4.67
98,2,15,474,2013,5.02
98,2,15,474,2014,5.23
98,2,15,474,2015,5.24
98,2,15,474,2016,5.38
98,2,15,474,2017,5.47
98,2,16,474,1990,4.19
98,2,16,474,1991,4.14
98,2,16,474,1992,4.15
98,2,16,474,1993,4.37
98,2,16,474,1994,4.69
98,2,16,474,1995,4.88
98,2,16,474,1996,4.94
98,2,16,474,1997,4.94
98,2,16,474,1998,5.49
98,2,16,474,1999,5.88
98,2,16,474,2000,5.99
98,2,16,474,2001,6.45
98,2,16,474,2002,6.26
98,2,16,474,2003,6.63
98,2,16,474,2004,6.74
98,2,16,474,2005,6.86
98,2,16,474,2006,7.01
98,2,16,474,2007,7.02
98,2,16,474,2008,6.82
98,2,16,474,2009,7.05
98,2,16,474,2010,7.14
98,2,16,474,2011,7.27
98,2,16,474,2012,7.53
98,2,16,474,2013,7.97
98,2,16,474,2014,8.54
98,2,16,474,2015,8.75
98,2,16,474,2016,9.17
98,2,16,474,2017,9.51
98,2,17,474,1990,7.59
98,2,17,474,1991,7.35
98,2,17,474,1992,7.44
98,2,17,474,1993,7.94
98,2,17,474,1994,8.07
98,2,17,474,1995,8.24
98,2,17,474,1996,8
98,2,17,474,1997,7.81
98,2,17,474,1998,8.25
98,2,17,474,1999,8.79
98,2,17,474,2000,9.22
98,2,17,474,2001,10.12
98,2,17,474,2002,10.34
98,2,17,474,2003,11.17
98,2,17,474,2004,11.57
98,2,17,474,2005,12.08
98,2,17,474,2006,12.13
98,2,17,474,2007,11.88
98,2,17,474,2008,11.57
98,2,17,474,2009,12.11
98,2,17,474,2010,12.31
98,2,17,474,2011,11.98
98,2,17,474,2012,11.8
98,2,17,474,2013,12.47
98,2,17,474,2014,13.05
98,2,17,474,2015,13.26
98,2,17,474,2016,13.78
98,2,17,474,2017,14.83
98,2,18,474,1990,9.57
98,2,18,474,1991,9.87
98,2,18,474,1992,10.52
98,2,18,474,1993,11.66
98,2,18,474,1994,12.51
98,2,18,474,1995,13.18
98,2,18,474,1996,12.89
98,2,18,474,1997,12.84
98,2,18,474,1998,13.1
98,2,18,474,1999,13.84
98,2,18,474,2000,13.35
98,2,18,474,2001,13.84
98,2,18,474,2002,13.35
98,2,18,474,2003,14.18
98,2,18,474,2004,14.31
98,2,18,474,2005,14.87
98,2,18,474,2006,15.5
98,2,18,474,2007,15.07
98,2,18,474,2008,14.7
98,2,18,474,2009,15.38
98,2,18,474,2010,16.12
98,2,18,474,2011,16.52
98,2,18,474,2012,16.66
98,2,18,474,2013,17.82
98,2,18,474,2014,18.44
98,2,18,474,2015,18.81
98,2,18,474,2016,19.78
98,2,18,474,2017,20.78
98,2,19,474,1990,13.37
98,2,19,474,1991,13.62
98,2,19,474,1992,13.55
98,2,19,474,1993,14.36
98,2,19,474,1994,15.59
98,2,19,474,1995,16.36
98,2,19,474,1996,16.09
98,2,19,474,1997,16.63
98,2,19,474,1998,17.91
98,2,19,474,1999,19.83
98,2,19,474,2000,20.88
98,2,19,474,2001,22.64
98,2,19,474,2002,23.17
98,2,19,474,2003,23.67
98,2,19,474,2004,22.99
98,2,19,474,2005,22.49
98,2,19,474,2006,21.45
98,2,19,474,2007,20.41
98,2,19,474,2008,19.72
98,2,19,474,2009,19.93
98,2,19,474,2010,20.94
98,2,19,474,2011,21.48
98,2,19,474,2012,21.51
98,2,19,474,2013,22.68
98,2,19,474,2014,23.45
98,2,19,474,2015,24.05
98,2,19,474,2016,24.79
98,2,19,474,2017,26.22
98,2,20,474,1990,16.31
98,2,20,474,1991,16.88
98,2,20,474,1992,17.11
98,2,20,474,1993,18.22
98,2,20,474,1994,18.85
98,2,20,474,1995,19.27
98,2,20,474,1996,18.71
98,2,20,474,1997,18.35
98,2,20,474,1998,20.05
98,2,20,474,1999,21.9
98,2,20,474,2000,23.39
98,2,20,474,2001,25
98,2,20,474,2002,25.25
98,2,20,474,2003,26.9
98,2,20,474,2004,28.77
98,2,20,474,2005,30.59
98,2,20,474,2006,31.4
98,2,20,474,2007,31.07
98,2,20,474,2008,29.28
98,2,20,474,2009,28.87
98,2,20,474,2010,29.26
98,2,20,474,2011,28.93
98,2,20,474,2012,29.01
98,2,20,474,2013,30.51
98,2,20,474,2014,31.53
98,2,20,474,2015,32.08
98,2,20,474,2016,33.66
98,2,20,474,2017,35.84
98,2,22,474,1990,86.27
98,2,22,474,1991,88.16
98,2,22,474,1992,89.8
98,2,22,474,1993,97.64
98,2,22,474,1994,104.91
98,2,22,474,1995,109.14
98,2,22,474,1996,109.85
98,2,22,474,1997,112.25
98,2,22,474,1998,122.3
98,2,22,474,1999,132.45
98,2,22,474,2000,135.73
98,2,22,474,2001,143.95
98,2,22,474,2002,145.95
98,2,22,474,2003,154.39
98,2,22,474,2004,160.18
98,2,22,474,2005,165.19
98,2,22,474,2006,167.51
98,2,22,474,2007,166.46
98,2,22,474,2008,161.99
98,2,22,474,2009,167.13
98,2,22,474,2010,174.69
98,2,22,474,2011,176.07
98,2,22,474,2012,178.48
98,2,22,474,2013,187.72
98,2,22,474,2014,194.21
98,2,22,474,2015,198.05
98,2,22,474,2016,207.32
98,2,22,474,2017,218.93
98,2,30,474,1990,15.55
98,2,30,474,1991,15.78
98,2,30,474,1992,16.19
98,2,30,474,1993,17.79
98,2,30,474,1994,19.68
98,2,30,474,1995,20.54
98,2,30,474,1996,20.6
98,2,30,474,1997,20.83
98,2,30,474,1998,22.96
98,2,30,474,1999,24.52
98,2,30,474,2000,24.45
98,2,30,474,2001,25.19
98,2,30,474,2002,25.64
98,2,30,474,2003,27.05
98,2,30,474,2004,28.16
98,2,30,474,2005,28.89
98,2,30,474,2006,29.84
98,2,30,474,2007,30.49
98,2,30,474,2008,30.38
98,2,30,474,2009,31.57
98,2,30,474,2010,33.67
98,2,30,474,2011,33.94
98,2,30,474,2012,34.56
98,2,30,474,2013,35.09
98,2,30,474,2014,35.13
98,2,30,474,2015,35.05
98,2,30,474,2016,35.99
98,2,30,474,2017,38
98,2,31,474,1990,9.46
98,2,31,474,1991,10.07
98,2,31,474,1992,10.35
98,2,31,474,1993,11.67
98,2,31,474,1994,13
98,2,31,474,1995,13.8
98,2,31,474,1996,14.69
98,2,31,474,1997,16.02
98,2,31,474,1998,18.46
98,2,31,474,1999,20.38
98,2,31,474,2000,20.33
98,2,31,474,2001,21.21
98,2,31,474,2002,21.95
98,2,31,474,2003,22.88
98,2,31,474,2004,24.42
98,2,31,474,2005,25.03
98,2,31,474,2006,25.08
98,2,31,474,2007,25.45
98,2,31,474,2008,24.93
98,2,31,474,2009,26.48
98,2,31,474,2010,28.2
98,2,31,474,2011,28.82
98,2,31,474,2012,30.05
98,2,31,474,2013,32.11
98,2,31,474,2014,34.29
98,2,31,474,2015,35.44
98,2,31,474,2016,37.86
98,2,31,474,2017,40.12
98,2,32,474,1990,3.41
98,2,32,474,1991,3.63
98,2,32,474,1992,3.64
98,2,32,474,1993,4.2
98,2,32,474,1994,4.55
98,2,32,474,1995,4.73
98,2,32,474,1996,5.53
98,2,32,474,1997,6.32
98,2,32,474,1998,6.97
98,2,32,474,1999,7.55
98,2,32,474,2000,7.93
98,2,32,474,2001,8.74
98,2,32,474,2002,9.18
98,2,32,474,2003,10.4
98,2,32,474,2004,11.27
98,2,32,474,2005,12.05
98,2,32,474,2006,12.3
98,2,32,474,2007,12.25
98,2,32,474,2008,11.75
98,2,32,474,2009,12.33
98,2,32,474,2010,13.1
98,2,32,474,2011,13.46
98,2,32,474,2012,13.59
98,2,32,474,2013,14.26
98,2,32,474,2014,14.57
98,2,32,474,2015,15.25
98,2,32,474,2016,16.23
98,2,32,474,2017,17.22
98,2,235,474,1990,0.94
98,2,235,474,1991,1.06
98,2,235,474,1992,1.16
98,2,235,474,1993,1.33
98,2,235,474,1994,1.46
98,2,235,474,1995,1.52
98,2,235,474,1996,1.68
98,2,235,474,1997,1.83
98,2,235,474,1998,1.97
98,2,235,474,1999,2.12
98,2,235,474,2000,2.46
98,2,235,474,2001,2.6
98,2,235,474,2002,2.86
98,2,235,474,2003,3.16
98,2,235,474,2004,3.39
98,2,235,474,2005,3.58
98,2,235,474,2006,3.75
98,2,235,474,2007,3.76
98,2,235,474,2008,3.88
98,2,235,474,2009,4.12
98,2,235,474,2010,4.45
98,2,235,474,2011,4.56
98,2,235,474,2012,4.73
98,2,235,474,2013,5.27
98,2,235,474,2014,5.45
98,2,235,474,2015,5.63
98,2,235,474,2016,6.06
98,2,235,474,2017,6.4
99,2,8,474,1990,0.01
99,2,8,474,1991,0.01
99,2,8,474,1992,0.01
99,2,8,474,1993,0.01
99,2,8,474,1994,0.01
99,2,8,474,1995,0.01
99,2,8,474,1996,0.01
99,2,8,474,1997,0.01
99,2,8,474,1998,0.01
99,2,8,474,1999,0.01
99,2,8,474,2000,0.01
99,2,8,474,2001,0.01
99,2,8,474,2002,0.01
99,2,8,474,2003,0.01
99,2,8,474,2004,0.01
99,2,8,474,2005,0.01
99,2,8,474,2006,0.01
99,2,8,474,2007,0.01
99,2,8,474,2008,0.01
99,2,8,474,2009,0.01
99,2,8,474,2010,0.01
99,2,8,474,2011,0.01
99,2,8,474,2012,0.01
99,2,8,474,2013,0.01
99,2,8,474,2014,0.01
99,2,8,474,2015,0.01
99,2,8,474,2016,0.01
99,2,8,474,2017,0.01
99,2,9,474,1990,0.01
99,2,9,474,1991,0.01
99,2,9,474,1992,0.01
99,2,9,474,1993,0.01
99,2,9,474,1994,0.01
99,2,9,474,1995,0.01
99,2,9,474,1996,0.01
99,2,9,474,1997,0.01
99,2,9,474,1998,0.01
99,2,9,474,1999,0.01
99,2,9,474,2000,0.01
99,2,9,474,2001,0.01
99,2,9,474,2002,0.01
99,2,9,474,2003,0.01
99,2,9,474,2004,0.01
99,2,9,474,2005,0.01
99,2,9,474,2006,0.01
99,2,9,474,2007,0.01
99,2,9,474,2008,0.01
99,2,9,474,2009,0.01
99,2,9,474,2010,0.01
99,2,9,474,2011,0.01
99,2,9,474,2012,0.01
99,2,9,474,2013,0.01
99,2,9,474,2014,0.01
99,2,9,474,2015,0.01
99,2,9,474,2016,0.01
99,2,9,474,2017,0.01
99,2,10,474,1990,0.01
99,2,10,474,1991,0.01
99,2,10,474,1992,0.01
99,2,10,474,1993,0.02
99,2,10,474,1994,0.02
99,2,10,474,1995,0.02
99,2,10,474,1996,0.02
99,2,10,474,1997,0.01
99,2,10,474,1998,0.02
99,2,10,474,1999,0.01
99,2,10,474,2000,0.02
99,2,10,474,2001,0.02
99,2,10,474,2002,0.02
99,2,10,474,2003,0.02
99,2,10,474,2004,0.02
99,2,10,474,2005,0.02
99,2,10,474,2006,0.02
99,2,10,474,2007,0.02
99,2,10,474,2008,0.02
99,2,10,474,2009,0.02
99,2,10,474,2010,0.02
99,2,10,474,2011,0.02
99,2,10,474,2012,0.02
99,2,10,474,2013,0.01
99,2,10,474,2014,0.01
99,2,10,474,2015,0.01
99,2,10,474,2016,0.01
99,2,10,474,2017,0.01
99,2,11,474,1990,0.04
99,2,11,474,1991,0.04
99,2,11,474,1992,0.04
99,2,11,474,1993,0.04
99,2,11,474,1994,0.04
99,2,11,474,1995,0.04
99,2,11,474,1996,0.04
99,2,11,474,1997,0.04
99,2,11,474,1998,0.04
99,2,11,474,1999,0.03
99,2,11,474,2000,0.04
99,2,11,474,2001,0.04
99,2,11,474,2002,0.04
99,2,11,474,2003,0.05
99,2,11,474,2004,0.05
99,2,11,474,2005,0.05
99,2,11,474,2006,0.05
99,2,11,474,2007,0.05
99,2,11,474,2008,0.05
99,2,11,474,2009,0.04
99,2,11,474,2010,0.04
99,2,11,474,2011,0.05
99,2,11,474,2012,0.04
99,2,11,474,2013,0.04
99,2,11,474,2014,0.04
99,2,11,474,2015,0.05
99,2,11,474,2016,0.05
99,2,11,474,2017,0.04
99,2,12,474,1990,0.17
99,2,12,474,1991,0.19
99,2,12,474,1992,0.19
99,2,12,474,1993,0.19
99,2,12,474,1994,0.19
99,2,12,474,1995,0.18
99,2,12,474,1996,0.17
99,2,12,474,1997,0.18
99,2,12,474,1998,0.2
99,2,12,474,1999,0.18
99,2,12,474,2000,0.17
99,2,12,474,2001,0.17
99,2,12,474,2002,0.16
99,2,12,474,2003,0.16
99,2,12,474,2004,0.15
99,2,12,474,2005,0.15
99,2,12,474,2006,0.15
99,2,12,474,2007,0.16
99,2,12,474,2008,0.17
99,2,12,474,2009,0.17
99,2,12,474,2010,0.18
99,2,12,474,2011,0.19
99,2,12,474,2012,0.19
99,2,12,474,2013,0.18
99,2,12,474,2014,0.18
99,2,12,474,2015,0.18
99,2,12,474,2016,0.18
99,2,12,474,2017,0.18
99,2,13,474,1990,0.2
99,2,13,474,1991,0.21
99,2,13,474,1992,0.2
99,2,13,474,1993,0.21
99,2,13,474,1994,0.22
99,2,13,474,1995,0.23
99,2,13,474,1996,0.25
99,2,13,474,1997,0.22
99,2,13,474,1998,0.22
99,2,13,474,1999,0.23
99,2,13,474,2000,0.26
99,2,13,474,2001,0.25
99,2,13,474,2002,0.26
99,2,13,474,2003,0.26
99,2,13,474,2004,0.26
99,2,13,474,2005,0.26
99,2,13,474,2006,0.25
99,2,13,474,2007,0.24
99,2,13,474,2008,0.23
99,2,13,474,2009,0.23
99,2,13,474,2010,0.24
99,2,13,474,2011,0.22
99,2,13,474,2012,0.22
99,2,13,474,2013,0.24
99,2,13,474,2014,0.25
99,2,13,474,2015,0.25
99,2,13,474,2016,0.26
99,2,13,474,2017,0.26
99,2,14,474,1990,0.33
99,2,14,474,1991,0.34
99,2,14,474,1992,0.33
99,2,14,474,1993,0.35
99,2,14,474,1994,0.37
99,2,14,474,1995,0.36
99,2,14,474,1996,0.36
99,2,14,474,1997,0.35
99,2,14,474,1998,0.37
99,2,14,474,1999,0.35
99,2,14,474,2000,0.4
99,2,14,474,2001,0.43
99,2,14,474,2002,0.42
99,2,14,474,2003,0.41
99,2,14,474,2004,0.42
99,2,14,474,2005,0.42
99,2,14,474,2006,0.42
99,2,14,474,2007,0.41
99,2,14,474,2008,0.44
99,2,14,474,2009,0.45
99,2,14,474,2010,0.46
99,2,14,474,2011,0.43
99,2,14,474,2012,0.42
99,2,14,474,2013,0.4
99,2,14,474,2014,0.37
99,2,14,474,2015,0.37
99,2,14,474,2016,0.39
99,2,14,474,2017,0.4
99,2,15,474,1990,0.79
99,2,15,474,1991,0.78
99,2,15,474,1992,0.73
99,2,15,474,1993,0.75
99,2,15,474,1994,0.8
99,2,15,474,1995,0.83
99,2,15,474,1996,0.85
99,2,15,474,1997,0.81
99,2,15,474,1998,0.86
99,2,15,474,1999,0.84
99,2,15,474,2000,0.92
99,2,15,474,2001,0.95
99,2,15,474,2002,0.91
99,2,15,474,2003,0.9
99,2,15,474,2004,0.93
99,2,15,474,2005,1.01
99,2,15,474,2006,0.96
99,2,15,474,2007,0.94
99,2,15,474,2008,0.98
99,2,15,474,2009,0.98
99,2,15,474,2010,0.98
99,2,15,474,2011,1.06
99,2,15,474,2012,1.03
99,2,15,474,2013,0.96
99,2,15,474,2014,1
99,2,15,474,2015,1.02
99,2,15,474,2016,1.01
99,2,15,474,2017,0.99
99,2,16,474,1990,1.48
99,2,16,474,1991,1.5
99,2,16,474,1992,1.35
99,2,16,474,1993,1.36
99,2,16,474,1994,1.35
99,2,16,474,1995,1.33
99,2,16,474,1996,1.39
99,2,16,474,1997,1.42
99,2,16,474,1998,1.46
99,2,16,474,1999,1.4
99,2,16,474,2000,1.54
99,2,16,474,2001,1.53
99,2,16,474,2002,1.54
99,2,16,474,2003,1.59
99,2,16,474,2004,1.59
99,2,16,474,2005,1.61
99,2,16,474,2006,1.53
99,2,16,474,2007,1.61
99,2,16,474,2008,1.7
99,2,16,474,2009,1.61
99,2,16,474,2010,1.65
99,2,16,474,2011,1.71
99,2,16,474,2012,1.8
99,2,16,474,2013,1.87
99,2,16,474,2014,1.87
99,2,16,474,2015,1.85
99,2,16,474,2016,1.9
99,2,16,474,2017,1.91
99,2,17,474,1990,2.62
99,2,17,474,1991,2.78
99,2,17,474,1992,2.62
99,2,17,474,1993,2.61
99,2,17,474,1994,2.45
99,2,17,474,1995,2.55
99,2,17,474,1996,2.55
99,2,17,474,1997,2.48
99,2,17,474,1998,2.59
99,2,17,474,1999,2.43
99,2,17,474,2000,2.49
99,2,17,474,2001,2.55
99,2,17,474,2002,2.43
99,2,17,474,2003,2.4
99,2,17,474,2004,2.28
99,2,17,474,2005,2.5
99,2,17,474,2006,2.49
99,2,17,474,2007,2.63
99,2,17,474,2008,2.82
99,2,17,474,2009,2.84
99,2,17,474,2010,2.87
99,2,17,474,2011,2.77
99,2,17,474,2012,2.86
99,2,17,474,2013,2.91
99,2,17,474,2014,2.89
99,2,17,474,2015,2.99
99,2,17,474,2016,3.06
99,2,17,474,2017,3.14
99,2,18,474,1990,4.1
99,2,18,474,1991,4.43
99,2,18,474,1992,4.27
99,2,18,474,1993,4.38
99,2,18,474,1994,4.43
99,2,18,474,1995,4.68
99,2,18,474,1996,4.77
99,2,18,474,1997,4.39
99,2,18,474,1998,4.8
99,2,18,474,1999,4.48
99,2,18,474,2000,4.33
99,2,18,474,2001,4.35
99,2,18,474,2002,4.06
99,2,18,474,2003,3.79
99,2,18,474,2004,3.63
99,2,18,474,2005,3.81
99,2,18,474,2006,3.89
99,2,18,474,2007,3.93
99,2,18,474,2008,4.1
99,2,18,474,2009,3.89
99,2,18,474,2010,3.96
99,2,18,474,2011,3.97
99,2,18,474,2012,4.03
99,2,18,474,2013,4.13
99,2,18,474,2014,4.08
99,2,18,474,2015,4.26
99,2,18,474,2016,4.29
99,2,18,474,2017,4.33
99,2,19,474,1990,5.27
99,2,19,474,1991,5.45
99,2,19,474,1992,5.36
99,2,19,474,1993,5.52
99,2,19,474,1994,5.79
99,2,19,474,1995,5.7
99,2,19,474,1996,5.73
99,2,19,474,1997,5.51
99,2,19,474,1998,5.94
99,2,19,474,1999,5.56
99,2,19,474,2000,5.39
99,2,19,474,2001,5.7
99,2,19,474,2002,5.53
99,2,19,474,2003,5.25
99,2,19,474,2004,4.98
99,2,19,474,2005,5.33
99,2,19,474,2006,5.31
99,2,19,474,2007,5.24
99,2,19,474,2008,5.44
99,2,19,474,2009,5.15
99,2,19,474,2010,5.17
99,2,19,474,2011,5.29
99,2,19,474,2012,5.3
99,2,19,474,2013,5.22
99,2,19,474,2014,5.25
99,2,19,474,2015,5.25
99,2,19,474,2016,5.38
99,2,19,474,2017,5.45
99,2,20,474,1990,9.13
99,2,20,474,1991,9.12
99,2,20,474,1992,8.83
99,2,20,474,1993,8.98
99,2,20,474,1994,8.89
99,2,20,474,1995,8.96
99,2,20,474,1996,8.72
99,2,20,474,1997,8.65
99,2,20,474,1998,9.54
99,2,20,474,1999,9.36
99,2,20,474,2000,9.53
99,2,20,474,2001,10.47
99,2,20,474,2002,10.52
99,2,20,474,2003,10.43
99,2,20,474,2004,10.22
99,2,20,474,2005,11.24
99,2,20,474,2006,11.01
99,2,20,474,2007,11.78
99,2,20,474,2008,12.28
99,2,20,474,2009,11.48
99,2,20,474,2010,11.1
99,2,20,474,2011,11.08
99,2,20,474,2012,10.76
99,2,20,474,2013,10.48
99,2,20,474,2014,10.44
99,2,20,474,2015,10.08
99,2,20,474,2016,10.25
99,2,20,474,2017,10.37
99,2,22,474,1990,43.61
99,2,22,474,1991,45.68
99,2,22,474,1992,45.46
99,2,22,474,1993,46.77
99,2,22,474,1994,48.51
99,2,22,474,1995,49.41
99,2,22,474,1996,50.34
99,2,22,474,1997,49.84
99,2,22,474,1998,53.76
99,2,22,474,1999,52.6
99,2,22,474,2000,54.29
99,2,22,474,2001,55.71
99,2,22,474,2002,55.16
99,2,22,474,2003,54.09
99,2,22,474,2004,52.59
99,2,22,474,2005,56.61
99,2,22,474,2006,56.68
99,2,22,474,2007,59.53
99,2,22,474,2008,61.74
99,2,22,474,2009,60.8
99,2,22,474,2010,61.78
99,2,22,474,2011,64.88
99,2,22,474,2012,65.39
99,2,22,474,2013,64.78
99,2,22,474,2014,63.73
99,2,22,474,2015,63.33
99,2,22,474,2016,65.33
99,2,22,474,2017,66.44
99,2,30,474,1990,9.03
99,2,30,474,1991,9.53
99,2,30,474,1992,9.72
99,2,30,474,1993,10.4
99,2,30,474,1994,10.88
99,2,30,474,1995,10.92
99,2,30,474,1996,10.95
99,2,30,474,1997,10.47
99,2,30,474,1998,11.15
99,2,30,474,1999,10.83
99,2,30,474,2000,11.13
99,2,30,474,2001,11.2
99,2,30,474,2002,11.6
99,2,30,474,2003,11.64
99,2,30,474,2004,11.27
99,2,30,474,2005,11.99
99,2,30,474,2006,12.05
99,2,30,474,2007,12.84
99,2,30,474,2008,13.59
99,2,30,474,2009,13.57
99,2,30,474,2010,14.28
99,2,30,474,2011,14.59
99,2,30,474,2012,14.45
99,2,30,474,2013,13.9
99,2,30,474,2014,13.19
99,2,30,474,2015,12.59
99,2,30,474,2016,12.91
99,2,30,474,2017,13.12
99,2,31,474,1990,6.51
99,2,31,474,1991,7.09
99,2,31,474,1992,7.47
99,2,31,474,1993,7.67
99,2,31,474,1994,8.4
99,2,31,474,1995,8.62
99,2,31,474,1996,9.06
99,2,31,474,1997,9.36
99,2,31,474,1998,10.1
99,2,31,474,1999,10.44
99,2,31,474,2000,11.1
99,2,31,474,2001,11.07
99,2,31,474,2002,10.99
99,2,31,474,2003,10.64
99,2,31,474,2004,10.04
99,2,31,474,2005,10.78
99,2,31,474,2006,11.19
99,2,31,474,2007,11.86
99,2,31,474,2008,12.09
99,2,31,474,2009,12.3
99,2,31,474,2010,12.51
99,2,31,474,2011,13.76
99,2,31,474,2012,14.17
99,2,31,474,2013,14.11
99,2,31,474,2014,13.95
99,2,31,474,2015,14.31
99,2,31,474,2016,15
99,2,31,474,2017,15.38
99,2,32,474,1990,3.07
99,2,32,474,1991,3.29
99,2,32,474,1992,3.41
99,2,32,474,1993,3.4
99,2,32,474,1994,3.75
99,2,32,474,1995,4.02
99,2,32,474,1996,4.48
99,2,32,474,1997,4.87
99,2,32,474,1998,5.32
99,2,32,474,1999,5.29
99,2,32,474,2000,5.71
99,2,32,474,2001,5.68
99,2,32,474,2002,5.43
99,2,32,474,2003,5.27
99,2,32,474,2004,5.43
99,2,32,474,2005,6.04
99,2,32,474,2006,6.04
99,2,32,474,2007,6.38
99,2,32,474,2008,6.36
99,2,32,474,2009,6.53
99,2,32,474,2010,6.71
99,2,32,474,2011,7.77
99,2,32,474,2012,8.01
99,2,32,474,2013,8.18
99,2,32,474,2014,8.08
99,2,32,474,2015,8.08
99,2,32,474,2016,8.49
99,2,32,474,2017,8.66
99,2,235,474,1990,0.83
99,2,235,474,1991,0.88
99,2,235,474,1992,0.9
99,2,235,474,1993,0.87
99,2,235,474,1994,0.91
99,2,235,474,1995,0.94
99,2,235,474,1996,1
99,2,235,474,1997,1.05
99,2,235,474,1998,1.12
99,2,235,474,1999,1.14
99,2,235,474,2000,1.26
99,2,235,474,2001,1.3
99,2,235,474,2002,1.22
99,2,235,474,2003,1.26
99,2,235,474,2004,1.29
99,2,235,474,2005,1.37
99,2,235,474,2006,1.3
99,2,235,474,2007,1.41
99,2,235,474,2008,1.45
99,2,235,474,2009,1.5
99,2,235,474,2010,1.59
99,2,235,474,2011,1.95
99,2,235,474,2012,2.06
99,2,235,474,2013,2.12
99,2,235,474,2014,2.1
99,2,235,474,2015,2.02
99,2,235,474,2016,2.12
99,2,235,474,2017,2.17
101,2,8,474,1990,0.1
101,2,8,474,1991,0.1
101,2,8,474,1992,0.1
101,2,8,474,1993,0.1
101,2,8,474,1994,0.1
101,2,8,474,1995,0.1
101,2,8,474,1996,0.1
101,2,8,474,1997,0.1
101,2,8,474,1998,0.1
101,2,8,474,1999,0.1
101,2,8,474,2000,0.1
101,2,8,474,2001,0.1
101,2,8,474,2002,0.1
101,2,8,474,2003,0.1
101,2,8,474,2004,0.1
101,2,8,474,2005,0.1
101,2,8,474,2006,0.11
101,2,8,474,2007,0.11
101,2,8,474,2008,0.11
101,2,8,474,2009,0.11
101,2,8,474,2010,0.11
101,2,8,474,2011,0.11
101,2,8,474,2012,0.11
101,2,8,474,2013,0.11
101,2,8,474,2014,0.11
101,2,8,474,2015,0.11
101,2,8,474,2016,0.11
101,2,8,474,2017,0.1
101,2,9,474,1990,0.13
101,2,9,474,1991,0.13
101,2,9,474,1992,0.13
101,2,9,474,1993,0.13
101,2,9,474,1994,0.13
101,2,9,474,1995,0.12
101,2,9,474,1996,0.12
101,2,9,474,1997,0.12
101,2,9,474,1998,0.12
101,2,9,474,1999,0.12
101,2,9,474,2000,0.12
101,2,9,474,2001,0.12
101,2,9,474,2002,0.12
101,2,9,474,2003,0.12
101,2,9,474,2004,0.12
101,2,9,474,2005,0.12
101,2,9,474,2006,0.12
101,2,9,474,2007,0.11
101,2,9,474,2008,0.11
101,2,9,474,2009,0.11
101,2,9,474,2010,0.11
101,2,9,474,2011,0.11
101,2,9,474,2012,0.11
101,2,9,474,2013,0.11
101,2,9,474,2014,0.11
101,2,9,474,2015,0.11
101,2,9,474,2016,0.11
101,2,9,474,2017,0.11
101,2,10,474,1990,0.38
101,2,10,474,1991,0.38
101,2,10,474,1992,0.36
101,2,10,474,1993,0.34
101,2,10,474,1994,0.33
101,2,10,474,1995,0.31
101,2,10,474,1996,0.3
101,2,10,474,1997,0.29
101,2,10,474,1998,0.28
101,2,10,474,1999,0.28
101,2,10,474,2000,0.27
101,2,10,474,2001,0.26
101,2,10,474,2002,0.26
101,2,10,474,2003,0.26
101,2,10,474,2004,0.26
101,2,10,474,2005,0.26
101,2,10,474,2006,0.25
101,2,10,474,2007,0.25
101,2,10,474,2008,0.26
101,2,10,474,2009,0.26
101,2,10,474,2010,0.26
101,2,10,474,2011,0.25
101,2,10,474,2012,0.25
101,2,10,474,2013,0.24
101,2,10,474,2014,0.25
101,2,10,474,2015,0.26
101,2,10,474,2016,0.26
101,2,10,474,2017,0.26
101,2,11,474,1990,0.76
101,2,11,474,1991,0.74
101,2,11,474,1992,0.72
101,2,11,474,1993,0.74
101,2,11,474,1994,0.75
101,2,11,474,1995,0.73
101,2,11,474,1996,0.72
101,2,11,474,1997,0.66
101,2,11,474,1998,0.63
101,2,11,474,1999,0.6
101,2,11,474,2000,0.58
101,2,11,474,2001,0.57
101,2,11,474,2002,0.57
101,2,11,474,2003,0.55
101,2,11,474,2004,0.54
101,2,11,474,2005,0.53
101,2,11,474,2006,0.5
101,2,11,474,2007,0.49
101,2,11,474,2008,0.51
101,2,11,474,2009,0.54
101,2,11,474,2010,0.54
101,2,11,474,2011,0.54
101,2,11,474,2012,0.55
101,2,11,474,2013,0.54
101,2,11,474,2014,0.57
101,2,11,474,2015,0.59
101,2,11,474,2016,0.59
101,2,11,474,2017,0.59
101,2,12,474,1990,1.55
101,2,12,474,1991,1.61
101,2,12,474,1992,1.67
101,2,12,474,1993,1.7
101,2,12,474,1994,1.73
101,2,12,474,1995,1.7
101,2,12,474,1996,1.73
101,2,12,474,1997,1.73
101,2,12,474,1998,1.77
101,2,12,474,1999,1.75
101,2,12,474,2000,1.74
101,2,12,474,2001,1.72
101,2,12,474,2002,1.67
101,2,12,474,2003,1.48
101,2,12,474,2004,1.44
101,2,12,474,2005,1.43
101,2,12,474,2006,1.38
101,2,12,474,2007,1.34
101,2,12,474,2008,1.39
101,2,12,474,2009,1.39
101,2,12,474,2010,1.32
101,2,12,474,2011,1.27
101,2,12,474,2012,1.27
101,2,12,474,2013,1.22
101,2,12,474,2014,1.29
101,2,12,474,2015,1.33
101,2,12,474,2016,1.33
101,2,12,474,2017,1.34
101,2,13,474,1990,3.19
101,2,13,474,1991,3.35
101,2,13,474,1992,3.31
101,2,13,474,1993,3.41
101,2,13,474,1994,3.52
101,2,13,474,1995,3.54
101,2,13,474,1996,3.85
101,2,13,474,1997,3.82
101,2,13,474,1998,4.06
101,2,13,474,1999,4.16
101,2,13,474,2000,4.01
101,2,13,474,2001,3.89
101,2,13,474,2002,3.81
101,2,13,474,2003,3.56
101,2,13,474,2004,3.63
101,2,13,474,2005,3.74
101,2,13,474,2006,3.6
101,2,13,474,2007,3.45
101,2,13,474,2008,3.4
101,2,13,474,2009,3.29
101,2,13,474,2010,3.05
101,2,13,474,2011,2.94
101,2,13,474,2012,2.89
101,2,13,474,2013,2.77
101,2,13,474,2014,2.93
101,2,13,474,2015,2.99
101,2,13,474,2016,2.93
101,2,13,474,2017,2.92
101,2,14,474,1990,5.31
101,2,14,474,1991,5.58
101,2,14,474,1992,6.05
101,2,14,474,1993,6.2
101,2,14,474,1994,6.43
101,2,14,474,1995,6.71
101,2,14,474,1996,6.96
101,2,14,474,1997,6.61
101,2,14,474,1998,6.91
101,2,14,474,1999,6.91
101,2,14,474,2000,6.96
101,2,14,474,2001,7.36
101,2,14,474,2002,7.54
101,2,14,474,2003,7.52
101,2,14,474,2004,7.74
101,2,14,474,2005,7.98
101,2,14,474,2006,7.9
101,2,14,474,2007,7.95
101,2,14,474,2008,7.96
101,2,14,474,2009,7.85
101,2,14,474,2010,7.36
101,2,14,474,2011,7.11
101,2,14,474,2012,6.83
101,2,14,474,2013,6.38
101,2,14,474,2014,6.63
101,2,14,474,2015,6.58
101,2,14,474,2016,6.33
101,2,14,474,2017,6.2
101,2,15,474,1990,8.45
101,2,15,474,1991,8.59
101,2,15,474,1992,9.04
101,2,15,474,1993,9.31
101,2,15,474,1994,9.96
101,2,15,474,1995,10.25
101,2,15,474,1996,10.56
101,2,15,474,1997,10.71
101,2,15,474,1998,11.51
101,2,15,474,1999,12.02
101,2,15,474,2000,12.25
101,2,15,474,2001,12.16
101,2,15,474,2002,11.84
101,2,15,474,2003,11.63
101,2,15,474,2004,11.91
101,2,15,474,2005,11.91
101,2,15,474,2006,11.93
101,2,15,474,2007,12.14
101,2,15,474,2008,12.42
101,2,15,474,2009,12.85
101,2,15,474,2010,12.96
101,2,15,474,2011,13.03
101,2,15,474,2012,12.8
101,2,15,474,2013,12.43
101,2,15,474,2014,13.22
101,2,15,474,2015,13.55
101,2,15,474,2016,13.16
101,2,15,474,2017,12.73
101,2,16,474,1990,14.64
101,2,16,474,1991,14.49
101,2,16,474,1992,14.17
101,2,16,474,1993,13.95
101,2,16,474,1994,14.68
101,2,16,474,1995,15.17
101,2,16,474,1996,15.5
101,2,16,474,1997,15.66
101,2,16,474,1998,16.16
101,2,16,474,1999,16.37
101,2,16,474,2000,16.73
101,2,16,474,2001,16.87
101,2,16,474,2002,17.69
101,2,16,474,2003,17.6
101,2,16,474,2004,18.41
101,2,16,474,2005,19.12
101,2,16,474,2006,18.94
101,2,16,474,2007,19.38
101,2,16,474,2008,20.22
101,2,16,474,2009,20.65
101,2,16,474,2010,21.19
101,2,16,474,2011,21.45
101,2,16,474,2012,22.3
101,2,16,474,2013,21.91
101,2,16,474,2014,22.77
101,2,16,474,2015,23.31
101,2,16,474,2016,23.3
101,2,16,474,2017,23.31
101,2,17,474,1990,26.68
101,2,17,474,1991,26.59
101,2,17,474,1992,27.14
101,2,17,474,1993,27.63
101,2,17,474,1994,27.5
101,2,17,474,1995,26.76
101,2,17,474,1996,26.65
101,2,17,474,1997,26.04
101,2,17,474,1998,26.07
101,2,17,474,1999,25.28
101,2,17,474,2000,24.74
101,2,17,474,2001,24.23
101,2,17,474,2002,24.9
101,2,17,474,2003,24.36
101,2,17,474,2004,25.25
101,2,17,474,2005,27.04
101,2,17,474,2006,26.8
101,2,17,474,2007,28.36
101,2,17,474,2008,30.59
101,2,17,474,2009,32.27
101,2,17,474,2010,32.89
101,2,17,474,2011,33.45
101,2,17,474,2012,34
101,2,17,474,2013,33.67
101,2,17,474,2014,35.14
101,2,17,474,2015,36.32
101,2,17,474,2016,36.51
101,2,17,474,2017,37.25
101,2,18,474,1990,43.07
101,2,18,474,1991,43.53
101,2,18,474,1992,42.34
101,2,18,474,1993,43.23
101,2,18,474,1994,43.19
101,2,18,474,1995,43.19
101,2,18,474,1996,42.9
101,2,18,474,1997,42.31
101,2,18,474,1998,42.25
101,2,18,474,1999,41.66
101,2,18,474,2000,40.33
101,2,18,474,2001,39.3
101,2,18,474,2002,39.25
101,2,18,474,2003,37.65
101,2,18,474,2004,37.17
101,2,18,474,2005,37.92
101,2,18,474,2006,38.57
101,2,18,474,2007,39.15
101,2,18,474,2008,40.62
101,2,18,474,2009,40.92
101,2,18,474,2010,42.05
101,2,18,474,2011,43
101,2,18,474,2012,45.19
101,2,18,474,2013,45.66
101,2,18,474,2014,48.56
101,2,18,474,2015,51.13
101,2,18,474,2016,52.46
101,2,18,474,2017,52.89
101,2,19,474,1990,55.16
101,2,19,474,1991,55.48
101,2,19,474,1992,56.53
101,2,19,474,1993,59.85
101,2,19,474,1994,62.54
101,2,19,474,1995,62.77
101,2,19,474,1996,62.79
101,2,19,474,1997,62.48
101,2,19,474,1998,62.91
101,2,19,474,1999,61.24
101,2,19,474,2000,60.82
101,2,19,474,2001,59.6
101,2,19,474,2002,60.17
101,2,19,474,2003,58.62
101,2,19,474,2004,59.91
101,2,19,474,2005,61.13
101,2,19,474,2006,60.64
101,2,19,474,2007,58.45
101,2,19,474,2008,57.81
101,2,19,474,2009,56.24
101,2,19,474,2010,56.29
101,2,19,474,2011,56.07
101,2,19,474,2012,56.56
101,2,19,474,2013,56.96
101,2,19,474,2014,60.98
101,2,19,474,2015,64.07
101,2,19,474,2016,65.72
101,2,19,474,2017,70.5
101,2,20,474,1990,77.73
101,2,20,474,1991,79.41
101,2,20,474,1992,80.11
101,2,20,474,1993,81.07
101,2,20,474,1994,80.75
101,2,20,474,1995,81.92
101,2,20,474,1996,84.39
101,2,20,474,1997,86.43
101,2,20,474,1998,88.99
101,2,20,474,1999,91.53
101,2,20,474,2000,93.22
101,2,20,474,2001,94.21
101,2,20,474,2002,97.1
101,2,20,474,2003,97.5
101,2,20,474,2004,99.06
101,2,20,474,2005,102.64
101,2,20,474,2006,102.82
101,2,20,474,2007,99.94
101,2,20,474,2008,98.85
101,2,20,474,2009,95.1
101,2,20,474,2010,91.39
101,2,20,474,2011,88.59
101,2,20,474,2012,85.75
101,2,20,474,2013,84.19
101,2,20,474,2014,89.26
101,2,20,474,2015,92.09
101,2,20,474,2016,93.18
101,2,20,474,2017,96.11
101,2,22,474,1990,431.51
101,2,22,474,1991,439.15
101,2,22,474,1992,444.99
101,2,22,474,1993,460.89
101,2,22,474,1994,475.57
101,2,22,474,1995,484
101,2,22,474,1996,495.8
101,2,22,474,1997,502.14
101,2,22,474,1998,515.32
101,2,22,474,1999,518.77
101,2,22,474,2000,528.07
101,2,22,474,2001,535.82
101,2,22,474,2002,553.5
101,2,22,474,2003,560.63
101,2,22,474,2004,575.22
101,2,22,474,2005,604.2
101,2,22,474,2006,617.41
101,2,22,474,2007,626.42
101,2,22,474,2008,640.53
101,2,22,474,2009,644.44
101,2,22,474,2010,645.49
101,2,22,474,2011,650.97
101,2,22,474,2012,657.08
101,2,22,474,2013,648.25
101,2,22,474,2014,672.35
101,2,22,474,2015,691.3
101,2,22,474,2016,697.46
101,2,22,474,2017,710.6
101,2,30,474,1990,89.58
101,2,30,474,1991,90.43
101,2,30,474,1992,91.42
101,2,30,474,1993,95.65
101,2,30,474,1994,99.79
101,2,30,474,1995,101.67
101,2,30,474,1996,103.23
101,2,30,474,1997,103.23
101,2,30,474,1998,102.8
101,2,30,474,1999,101.37
101,2,30,474,2000,105.62
101,2,30,474,2001,111.34
101,2,30,474,2002,120.14
101,2,30,474,2003,127.41
101,2,30,474,2004,133.28
101,2,30,474,2005,139.95
101,2,30,474,2006,142.23
101,2,30,474,2007,139.86
101,2,30,474,2008,140.34
101,2,30,474,2009,137.63
101,2,30,474,2010,134.29
101,2,30,474,2011,132.07
101,2,30,474,2012,131.08
101,2,30,474,2013,127.32
101,2,30,474,2014,131.67
101,2,30,474,2015,133.27
101,2,30,474,2016,131.56
101,2,30,474,2017,131.15
101,2,31,474,1990,63.39
101,2,31,474,1991,65.64
101,2,31,474,1992,67.48
101,2,31,474,1993,70.87
101,2,31,474,1994,74.74
101,2,31,474,1995,77.56
101,2,31,474,1996,81.74
101,2,31,474,1997,85.31
101,2,31,474,1998,90.71
101,2,31,474,1999,93.65
101,2,31,474,2000,96.9
101,2,31,474,2001,98.23
101,2,31,474,2002,99.68
101,2,31,474,2003,100.25
101,2,31,474,2004,100.64
101,2,31,474,2005,107.53
101,2,31,474,2006,113.62
101,2,31,474,2007,120.39
101,2,31,474,2008,125.94
101,2,31,474,2009,130.25
101,2,31,474,2010,131.9
101,2,31,474,2011,132.68
101,2,31,474,2012,132.25
101,2,31,474,2013,128.47
101,2,31,474,2014,129.79
101,2,31,474,2015,131.33
101,2,31,474,2016,131.49
101,2,31,474,2017,132.95
101,2,32,474,1990,29.56
101,2,32,474,1991,30.71
101,2,32,474,1992,31.55
101,2,32,474,1993,33.28
101,2,32,474,1994,35.41
101,2,32,474,1995,36.99
101,2,32,474,1996,39.06
101,2,32,474,1997,40.88
101,2,32,474,1998,43.4
101,2,32,474,1999,44.56
101,2,32,474,2000,45.91
101,2,32,474,2001,47.48
101,2,32,474,2002,49.57
101,2,32,474,2003,52.01
101,2,32,474,2004,54.7
101,2,32,474,2005,59.74
101,2,32,474,2006,62.87
101,2,32,474,2007,66.92
101,2,32,474,2008,69.3
101,2,32,474,2009,71.61
101,2,32,474,2010,74.87
101,2,32,474,2011,80.69
101,2,32,474,2012,85.89
101,2,32,474,2013,86.8
101,2,32,474,2014,88.68
101,2,32,474,2015,91.12
101,2,32,474,2016,92.51
101,2,32,474,2017,93.37
101,2,235,474,1990,11.83
101,2,235,474,1991,12.39
101,2,235,474,1992,12.86
101,2,235,474,1993,13.43
101,2,235,474,1994,14.02
101,2,235,474,1995,14.5
101,2,235,474,1996,15.21
101,2,235,474,1997,15.76
101,2,235,474,1998,16.62
101,2,235,474,1999,17.18
101,2,235,474,2000,17.76
101,2,235,474,2001,18.38
101,2,235,474,2002,19.1
101,2,235,474,2003,20.01
101,2,235,474,2004,21.05
101,2,235,474,2005,23.07
101,2,235,474,2006,25.14
101,2,235,474,2007,28.14
101,2,235,474,2008,30.71
101,2,235,474,2009,33.37
101,2,235,474,2010,34.9
101,2,235,474,2011,37.63
101,2,235,474,2012,39.26
101,2,235,474,2013,39.48
101,2,235,474,2014,40.37
101,2,235,474,2015,43.14
101,2,235,474,2016,45.92
101,2,235,474,2017,48.81
102,2,8,474,1990,0.88
102,2,8,474,1991,0.86
102,2,8,474,1992,0.85
102,2,8,474,1993,0.86
102,2,8,474,1994,0.87
102,2,8,474,1995,0.9
102,2,8,474,1996,0.92
102,2,8,474,1997,0.93
102,2,8,474,1998,0.95
102,2,8,474,1999,0.96
102,2,8,474,2000,0.96
102,2,8,474,2001,0.97
102,2,8,474,2002,0.99
102,2,8,474,2003,1
102,2,8,474,2004,1.01
102,2,8,474,2005,1.03
102,2,8,474,2006,1.05
102,2,8,474,2007,1.07
102,2,8,474,2008,1.08
102,2,8,474,2009,1.08
102,2,8,474,2010,1.07
102,2,8,474,2011,1.05
102,2,8,474,2012,1.03
102,2,8,474,2013,1.01
102,2,8,474,2014,1.01
102,2,8,474,2015,1
102,2,8,474,2016,1
102,2,8,474,2017,1
102,2,9,474,1990,0.96
102,2,9,474,1991,0.96
102,2,9,474,1992,0.96
102,2,9,474,1993,0.96
102,2,9,474,1994,0.94
102,2,9,474,1995,0.91
102,2,9,474,1996,0.89
102,2,9,474,1997,0.88
102,2,9,474,1998,0.89
102,2,9,474,1999,0.91
102,2,9,474,2000,0.93
102,2,9,474,2001,0.96
102,2,9,474,2002,0.99
102,2,9,474,2003,1.01
102,2,9,474,2004,1.02
102,2,9,474,2005,1.02
102,2,9,474,2006,1.03
102,2,9,474,2007,1.03
102,2,9,474,2008,1.03
102,2,9,474,2009,1.04
102,2,9,474,2010,1.05
102,2,9,474,2011,1.06
102,2,9,474,2012,1.07
102,2,9,474,2013,1.07
102,2,9,474,2014,1.06
102,2,9,474,2015,1.04
102,2,9,474,2016,1.02
102,2,9,474,2017,1
102,2,10,474,1990,2.6
102,2,10,474,1991,2.51
102,2,10,474,1992,2.37
102,2,10,474,1993,2.36
102,2,10,474,1994,2.28
102,2,10,474,1995,2.17
102,2,10,474,1996,2.15
102,2,10,474,1997,2.06
102,2,10,474,1998,2.04
102,2,10,474,1999,2.02
102,2,10,474,2000,1.98
102,2,10,474,2001,2
102,2,10,474,2002,1.98
102,2,10,474,2003,1.98
102,2,10,474,2004,2.06
102,2,10,474,2005,2.17
102,2,10,474,2006,2.28
102,2,10,474,2007,2.31
102,2,10,474,2008,2.37
102,2,10,474,2009,2.41
102,2,10,474,2010,2.4
102,2,10,474,2011,2.39
102,2,10,474,2012,2.42
102,2,10,474,2013,2.44
102,2,10,474,2014,2.52
102,2,10,474,2015,2.63
102,2,10,474,2016,2.76
102,2,10,474,2017,2.79
102,2,11,474,1990,7.74
102,2,11,474,1991,7.76
102,2,11,474,1992,7.59
102,2,11,474,1993,7.69
102,2,11,474,1994,7.63
102,2,11,474,1995,7.18
102,2,11,474,1996,6.79
102,2,11,474,1997,6.59
102,2,11,474,1998,6.47
102,2,11,474,1999,6.32
102,2,11,474,2000,6.31
102,2,11,474,2001,6.38
102,2,11,474,2002,6.42
102,2,11,474,2003,6.24
102,2,11,474,2004,6.22
102,2,11,474,2005,6.16
102,2,11,474,2006,6.01
102,2,11,474,2007,5.75
102,2,11,474,2008,5.78
102,2,11,474,2009,5.95
102,2,11,474,2010,6.08
102,2,11,474,2011,6.29
102,2,11,474,2012,6.4
102,2,11,474,2013,6.44
102,2,11,474,2014,6.62
102,2,11,474,2015,6.77
102,2,11,474,2016,7.15
102,2,11,474,2017,7.18
102,2,12,474,1990,15.72
102,2,12,474,1991,16.33
102,2,12,474,1992,16.79
102,2,12,474,1993,17.65
102,2,12,474,1994,18.08
102,2,12,474,1995,18.44
102,2,12,474,1996,18.75
102,2,12,474,1997,19.33
102,2,12,474,1998,19.47
102,2,12,474,1999,19.71
102,2,12,474,2000,20.1
102,2,12,474,2001,20.24
102,2,12,474,2002,19.29
102,2,12,474,2003,18.32
102,2,12,474,2004,17.85
102,2,12,474,2005,17.43
102,2,12,474,2006,17.23
102,2,12,474,2007,16.31
102,2,12,474,2008,15.94
102,2,12,474,2009,15.78
102,2,12,474,2010,15.26
102,2,12,474,2011,14.7
102,2,12,474,2012,14.33
102,2,12,474,2013,14.42
102,2,12,474,2014,14.84
102,2,12,474,2015,15.24
102,2,12,474,2016,16.27
102,2,12,474,2017,16.75
102,2,13,474,1990,29.9
102,2,13,474,1991,31.89
102,2,13,474,1992,32.48
102,2,13,474,1993,33.73
102,2,13,474,1994,34.58
102,2,13,474,1995,35.8
102,2,13,474,1996,36.93
102,2,13,474,1997,39.16
102,2,13,474,1998,39.62
102,2,13,474,1999,40.75
102,2,13,474,2000,42.74
102,2,13,474,2001,44.59
102,2,13,474,2002,44.87
102,2,13,474,2003,43.65
102,2,13,474,2004,43.39
102,2,13,474,2005,42.48
102,2,13,474,2006,40.37
102,2,13,474,2007,38.6
102,2,13,474,2008,36.94
102,2,13,474,2009,35.84
102,2,13,474,2010,34.16
102,2,13,474,2011,33.21
102,2,13,474,2012,32.77
102,2,13,474,2013,32.75
102,2,13,474,2014,32.13
102,2,13,474,2015,31.14
102,2,13,474,2016,30.78
102,2,13,474,2017,30.61
102,2,14,474,1990,35.84
102,2,14,474,1991,37.11
102,2,14,474,1992,39.05
102,2,14,474,1993,42.69
102,2,14,474,1994,44.24
102,2,14,474,1995,46.02
102,2,14,474,1996,47.82
102,2,14,474,1997,48.51
102,2,14,474,1998,47.24
102,2,14,474,1999,48.69
102,2,14,474,2000,51.95
102,2,14,474,2001,54.88
102,2,14,474,2002,57.72
102,2,14,474,2003,58.18
102,2,14,474,2004,61.24
102,2,14,474,2005,63.8
102,2,14,474,2006,64.01
102,2,14,474,2007,64.56
102,2,14,474,2008,64.69
102,2,14,474,2009,64.42
102,2,14,474,2010,62.5
102,2,14,474,2011,60.69
102,2,14,474,2012,57.49
102,2,14,474,2013,54.6
102,2,14,474,2014,53.25
102,2,14,474,2015,52.11
102,2,14,474,2016,52.82
102,2,14,474,2017,52.83
102,2,15,474,1990,58.78
102,2,15,474,1991,60.58
102,2,15,474,1992,61.04
102,2,15,474,1993,65.29
102,2,15,474,1994,68.19
102,2,15,474,1995,70.11
102,2,15,474,1996,72.18
102,2,15,474,1997,76.25
102,2,15,474,1998,76.65
102,2,15,474,1999,81.3
102,2,15,474,2000,85.61
102,2,15,474,2001,92.5
102,2,15,474,2002,95.05
102,2,15,474,2003,95.49
102,2,15,474,2004,96.74
102,2,15,474,2005,101.81
102,2,15,474,2006,103.54
102,2,15,474,2007,106.35
102,2,15,474,2008,110.03
102,2,15,474,2009,111.99
102,2,15,474,2010,113.68
102,2,15,474,2011,113.46
102,2,15,474,2012,112.2
102,2,15,474,2013,108.55
102,2,15,474,2014,110.24
102,2,15,474,2015,108.91
102,2,15,474,2016,107.5
102,2,15,474,2017,105.34
102,2,16,474,1990,107.77
102,2,16,474,1991,108.12
102,2,16,474,1992,107.02
102,2,16,474,1993,108.22
102,2,16,474,1994,110.66
102,2,16,474,1995,112.83
102,2,16,474,1996,113.18
102,2,16,474,1997,116.77
102,2,16,474,1998,120.82
102,2,16,474,1999,127.3
102,2,16,474,2000,131.22
102,2,16,474,2001,136.86
102,2,16,474,2002,147.01
102,2,16,474,2003,151.76
102,2,16,474,2004,154.68
102,2,16,474,2005,162.32
102,2,16,474,2006,168.22
102,2,16,474,2007,167.78
102,2,16,474,2008,168.38
102,2,16,474,2009,173.35
102,2,16,474,2010,174.8
102,2,16,474,2011,181.13
102,2,16,474,2012,186.61
102,2,16,474,2013,190.48
102,2,16,474,2014,195.07
102,2,16,474,2015,199.42
102,2,16,474,2016,204.27
102,2,16,474,2017,205.8
102,2,17,474,1990,211.98
102,2,17,474,1991,209.34
102,2,17,474,1992,204.48
102,2,17,474,1993,201.81
102,2,17,474,1994,197.4
102,2,17,474,1995,196.5
102,2,17,474,1996,196.82
102,2,17,474,1997,195.95
102,2,17,474,1998,195.78
102,2,17,474,1999,199.91
102,2,17,474,2000,201.21
102,2,17,474,2001,204.95
102,2,17,474,2002,209.93
102,2,17,474,2003,219.96
102,2,17,474,2004,222.91
102,2,17,474,2005,228.95
102,2,17,474,2006,231.12
102,2,17,474,2007,240.37
102,2,17,474,2008,248.84
102,2,17,474,2009,259.2
102,2,17,474,2010,264.22
102,2,17,474,2011,276.29
102,2,17,474,2012,276.96
102,2,17,474,2013,280.17
102,2,17,474,2014,288.78
102,2,17,474,2015,298.62
102,2,17,474,2016,311.86
102,2,17,474,2017,321.38
102,2,18,474,1990,353.04
102,2,18,474,1991,353.95
102,2,18,474,1992,350.18
102,2,18,474,1993,354.11
102,2,18,474,1994,350.52
102,2,18,474,1995,345.15
102,2,18,474,1996,338.98
102,2,18,474,1997,332.92
102,2,18,474,1998,321.53
102,2,18,474,1999,318.84
102,2,18,474,2000,314.31
102,2,18,474,2001,314.29
102,2,18,474,2002,314.97
102,2,18,474,2003,314.05
102,2,18,474,2004,311.71
102,2,18,474,2005,314.78
102,2,18,474,2006,317.96
102,2,18,474,2007,321.65
102,2,18,474,2008,337.75
102,2,18,474,2009,347.05
102,2,18,474,2010,348.63
102,2,18,474,2011,358.03
102,2,18,474,2012,375.07
102,2,18,474,2013,388.12
102,2,18,474,2014,400.51
102,2,18,474,2015,420.49
102,2,18,474,2016,448.11
102,2,18,474,2017,455.51
102,2,19,474,1990,480.75
102,2,19,474,1991,492.79
102,2,19,474,1992,503.99
102,2,19,474,1993,519.23
102,2,19,474,1994,529.97
102,2,19,474,1995,536.16
102,2,19,474,1996,539.95
102,2,19,474,1997,537.07
102,2,19,474,1998,533.45
102,2,19,474,1999,531.1
102,2,19,474,2000,519.9
102,2,19,474,2001,515.71
102,2,19,474,2002,513.3
102,2,19,474,2003,499
102,2,19,474,2004,481.39
102,2,19,474,2005,473.07
102,2,19,474,2006,465.26
102,2,19,474,2007,456.51
102,2,19,474,2008,460.28
102,2,19,474,2009,465.57
102,2,19,474,2010,461.96
102,2,19,474,2011,477.91
102,2,19,474,2012,488.58
102,2,19,474,2013,513.16
102,2,19,474,2014,538.13
102,2,19,474,2015,557.33
102,2,19,474,2016,579.28
102,2,19,474,2017,625.53
102,2,20,474,1990,664.4
102,2,20,474,1991,673.82
102,2,20,474,1992,678.4
102,2,20,474,1993,695.01
102,2,20,474,1994,702.04
102,2,20,474,1995,714.65
102,2,20,474,1996,726.71
102,2,20,474,1997,739.73
102,2,20,474,1998,744.65
102,2,20,474,1999,756.5
102,2,20,474,2000,763.06
102,2,20,474,2001,773.12
102,2,20,474,2002,778.98
102,2,20,474,2003,772.88
102,2,20,474,2004,753.35
102,2,20,474,2005,746.51
102,2,20,474,2006,734
102,2,20,474,2007,718.37
102,2,20,474,2008,708.47
102,2,20,474,2009,698.19
102,2,20,474,2010,681.6
102,2,20,474,2011,684.73
102,2,20,474,2012,675.53
102,2,20,474,2013,681.61
102,2,20,474,2014,696.98
102,2,20,474,2015,716.13
102,2,20,474,2016,739.07
102,2,20,474,2017,766.64
102,2,22,474,1990,3724.65
102,2,22,474,1991,3802.13
102,2,22,474,1992,3857.62
102,2,22,474,1993,3995.23
102,2,22,474,1994,4084.1
102,2,22,474,1995,4167.7
102,2,22,474,1996,4236.05
102,2,22,474,1997,4300.33
102,2,22,474,1998,4320.89
102,2,22,474,1999,4404.26
102,2,22,474,2000,4451.62
102,2,22,474,2001,4540.42
102,2,22,474,2002,4614.56
102,2,22,474,2003,4634.09
102,2,22,474,2004,4616.12
102,2,22,474,2005,4680.41
102,2,22,474,2006,4697.61
102,2,22,474,2007,4713.62
102,2,22,474,2008,4776.38
102,2,22,474,2009,4828.85
102,2,22,474,2010,4843.59
102,2,22,474,2011,4950.63
102,2,22,474,2012,4977.54
102,2,22,474,2013,5036.45
102,2,22,474,2014,5110.13
102,2,22,474,2015,5213.77
102,2,22,474,2016,5330.54
102,2,22,474,2017,5437.39
102,2,30,474,1990,720.68
102,2,30,474,1991,737.89
102,2,30,474,1992,753.96
102,2,30,474,1993,785.23
102,2,30,474,1994,812.64
102,2,30,474,1995,832.54
102,2,30,474,1996,846.7
102,2,30,474,1997,856.13
102,2,30,474,1998,854.84
102,2,30,474,1999,865.42
102,2,30,474,2000,876.42
102,2,30,474,2001,901.98
102,2,30,474,2002,929.29
102,2,30,474,2003,937.34
102,2,30,474,2004,938.3
102,2,30,474,2005,946.11
102,2,30,474,2006,940.58
102,2,30,474,2007,930.16
102,2,30,474,2008,930.37
102,2,30,474,2009,922.34
102,2,30,474,2010,907.34
102,2,30,474,2011,909.97
102,2,30,474,2012,891.17
102,2,30,474,2013,879.8
102,2,30,474,2014,873.45
102,2,30,474,2015,874.01
102,2,30,474,2016,879.89
102,2,30,474,2017,889.54
102,2,31,474,1990,600.26
102,2,31,474,1991,615.41
102,2,31,474,1992,635.74
102,2,31,474,1993,666.03
102,2,31,474,1994,685.7
102,2,31,474,1995,707.3
102,2,31,474,1996,724.76
102,2,31,474,1997,742.8
102,2,31,474,1998,752.59
102,2,31,474,1999,781.79
102,2,31,474,2000,796.87
102,2,31,474,2001,817.29
102,2,31,474,2002,825.06
102,2,31,474,2003,829.01
102,2,31,474,2004,825.33
102,2,31,474,2005,844.63
102,2,31,474,2006,857.49
102,2,31,474,2007,879.44
102,2,31,474,2008,898.78
102,2,31,474,2009,921.92
102,2,31,474,2010,934.81
102,2,31,474,2011,952.45
102,2,31,474,2012,948.95
102,2,31,474,2013,950.37
102,2,31,474,2014,944.12
102,2,31,474,2015,945.65
102,2,31,474,2016,947.43
102,2,31,474,2017,938.39
102,2,32,474,1990,325.06
102,2,32,474,1991,338.75
102,2,32,474,1992,343.29
102,2,32,474,1993,366.87
102,2,32,474,1994,382.62
102,2,32,474,1995,394.69
102,2,32,474,1996,405.67
102,2,32,474,1997,420.8
102,2,32,474,1998,432.29
102,2,32,474,1999,445.93
102,2,32,474,2000,454.98
102,2,32,474,2001,464.6
102,2,32,474,2002,475.03
102,2,32,474,2003,481.92
102,2,32,474,2004,489.62
102,2,32,474,2005,506.4
102,2,32,474,2006,513.78
102,2,32,474,2007,519.95
102,2,32,474,2008,532.15
102,2,32,474,2009,541.09
102,2,32,474,2010,562.88
102,2,32,474,2011,594.53
102,2,32,474,2012,620.29
102,2,32,474,2013,637.85
102,2,32,474,2014,653.85
102,2,32,474,2015,673
102,2,32,474,2016,679.63
102,2,32,474,2017,682.78
102,2,235,474,1990,108.28
102,2,235,474,1991,114.07
102,2,235,474,1992,119.43
102,2,235,474,1993,127.51
102,2,235,474,1994,135.73
102,2,235,474,1995,146.34
102,2,235,474,1996,156.86
102,2,235,474,1997,164.44
102,2,235,474,1998,171.6
102,2,235,474,1999,176.81
102,2,235,474,2000,183.06
102,2,235,474,2001,189.11
102,2,235,474,2002,193.69
102,2,235,474,2003,202.29
102,2,235,474,2004,209.29
102,2,235,474,2005,221.74
102,2,235,474,2006,233.68
102,2,235,474,2007,243.41
102,2,235,474,2008,253.49
102,2,235,474,2009,261.63
102,2,235,474,2010,271.15
102,2,235,474,2011,282.72
102,2,235,474,2012,286.67
102,2,235,474,2013,293.59
102,2,235,474,2014,297.57
102,2,235,474,2015,310.28
102,2,235,474,2016,321.71
102,2,235,474,2017,334.32
105,2,8,474,1990,0
105,2,8,474,1991,0
105,2,8,474,1992,0
105,2,8,474,1993,0
105,2,8,474,1994,0
105,2,8,474,1995,0
105,2,8,474,1996,0
105,2,8,474,1997,0
105,2,8,474,1998,0
105,2,8,474,1999,0
105,2,8,474,2000,0
105,2,8,474,2001,0
105,2,8,474,2002,0
105,2,8,474,2003,0
105,2,8,474,2004,0
105,2,8,474,2005,0
105,2,8,474,2006,0
105,2,8,474,2007,0
105,2,8,474,2008,0
105,2,8,474,2009,0
105,2,8,474,2010,0
105,2,8,474,2011,0
105,2,8,474,2012,0
105,2,8,474,2013,0
105,2,8,474,2014,0
105,2,8,474,2015,0
105,2,8,474,2016,0
105,2,8,474,2017,0
105,2,9,474,1990,0
105,2,9,474,1991,0
105,2,9,474,1992,0
105,2,9,474,1993,0
105,2,9,474,1994,0
105,2,9,474,1995,0
105,2,9,474,1996,0
105,2,9,474,1997,0
105,2,9,474,1998,0
105,2,9,474,1999,0
105,2,9,474,2000,0
105,2,9,474,2001,0
105,2,9,474,2002,0
105,2,9,474,2003,0
105,2,9,474,2004,0
105,2,9,474,2005,0
105,2,9,474,2006,0
105,2,9,474,2007,0
105,2,9,474,2008,0
105,2,9,474,2009,0
105,2,9,474,2010,0
105,2,9,474,2011,0
105,2,9,474,2012,0
105,2,9,474,2013,0
105,2,9,474,2014,0
105,2,9,474,2015,0
105,2,9,474,2016,0
105,2,9,474,2017,0
105,2,10,474,1990,0
105,2,10,474,1991,0
105,2,10,474,1992,0
105,2,10,474,1993,0
105,2,10,474,1994,0
105,2,10,474,1995,0
105,2,10,474,1996,0
105,2,10,474,1997,0
105,2,10,474,1998,0
105,2,10,474,1999,0
105,2,10,474,2000,0
105,2,10,474,2001,0
105,2,10,474,2002,0
105,2,10,474,2003,0
105,2,10,474,2004,0
105,2,10,474,2005,0
105,2,10,474,2006,0
105,2,10,474,2007,0
105,2,10,474,2008,0
105,2,10,474,2009,0
105,2,10,474,2010,0
105,2,10,474,2011,0
105,2,10,474,2012,0
105,2,10,474,2013,0
105,2,10,474,2014,0
105,2,10,474,2015,0
105,2,10,474,2016,0
105,2,10,474,2017,0
105,2,11,474,1990,0
105,2,11,474,1991,0
105,2,11,474,1992,0
105,2,11,474,1993,0
105,2,11,474,1994,0
105,2,11,474,1995,0
105,2,11,474,1996,0
105,2,11,474,1997,0
105,2,11,474,1998,0
105,2,11,474,1999,0
105,2,11,474,2000,0
105,2,11,474,2001,0
105,2,11,474,2002,0
105,2,11,474,2003,0
105,2,11,474,2004,0
105,2,11,474,2005,0
105,2,11,474,2006,0
105,2,11,474,2007,0
105,2,11,474,2008,0
105,2,11,474,2009,0
105,2,11,474,2010,0
105,2,11,474,2011,0
105,2,11,474,2012,0
105,2,11,474,2013,0
105,2,11,474,2014,0
105,2,11,474,2015,0
105,2,11,474,2016,0
105,2,11,474,2017,0
105,2,12,474,1990,0
105,2,12,474,1991,0
105,2,12,474,1992,0
105,2,12,474,1993,0
105,2,12,474,1994,0
105,2,12,474,1995,0
105,2,12,474,1996,0
105,2,12,474,1997,0
105,2,12,474,1998,0
105,2,12,474,1999,0
105,2,12,474,2000,0
105,2,12,474,2001,0
105,2,12,474,2002,0
105,2,12,474,2003,0
105,2,12,474,2004,0
105,2,12,474,2005,0
105,2,12,474,2006,0
105,2,12,474,2007,0
105,2,12,474,2008,0
105,2,12,474,2009,0
105,2,12,474,2010,0
105,2,12,474,2011,0
105,2,12,474,2012,0
105,2,12,474,2013,0
105,2,12,474,2014,0
105,2,12,474,2015,0
105,2,12,474,2016,0
105,2,12,474,2017,0
105,2,13,474,1990,0.01
105,2,13,474,1991,0.01
105,2,13,474,1992,0.01
105,2,13,474,1993,0.01
105,2,13,474,1994,0.01
105,2,13,474,1995,0.01
105,2,13,474,1996,0.01
105,2,13,474,1997,0.01
105,2,13,474,1998,0.01
105,2,13,474,1999,0.01
105,2,13,474,2000,0.01
105,2,13,474,2001,0.01
105,2,13,474,2002,0.01
105,2,13,474,2003,0.01
105,2,13,474,2004,0.01
105,2,13,474,2005,0.01
105,2,13,474,2006,0.01
105,2,13,474,2007,0.01
105,2,13,474,2008,0.01
105,2,13,474,2009,0.01
105,2,13,474,2010,0.01
105,2,13,474,2011,0.01
105,2,13,474,2012,0.01
105,2,13,474,2013,0.01
105,2,13,474,2014,0.01
105,2,13,474,2015,0.01
105,2,13,474,2016,0.01
105,2,13,474,2017,0.01
105,2,14,474,1990,0.01
105,2,14,474,1991,0.01
105,2,14,474,1992,0.01
105,2,14,474,1993,0.01
105,2,14,474,1994,0.01
105,2,14,474,1995,0.01
105,2,14,474,1996,0.01
105,2,14,474,1997,0.01
105,2,14,474,1998,0.01
105,2,14,474,1999,0.01
105,2,14,474,2000,0.01
105,2,14,474,2001,0.01
105,2,14,474,2002,0.01
105,2,14,474,2003,0.01
105,2,14,474,2004,0.01
105,2,14,474,2005,0.01
105,2,14,474,2006,0.01
105,2,14,474,2007,0.01
105,2,14,474,2008,0.01
105,2,14,474,2009,0.01
105,2,14,474,2010,0.01
105,2,14,474,2011,0.02
105,2,14,474,2012,0.02
105,2,14,474,2013,0.02
105,2,14,474,2014,0.02
105,2,14,474,2015,0.02
105,2,14,474,2016,0.02
105,2,14,474,2017,0.02
105,2,15,474,1990,0.01
105,2,15,474,1991,0.01
105,2,15,474,1992,0.01
105,2,15,474,1993,0.01
105,2,15,474,1994,0.01
105,2,15,474,1995,0.02
105,2,15,474,1996,0.02
105,2,15,474,1997,0.02
105,2,15,474,1998,0.02
105,2,15,474,1999,0.02
105,2,15,474,2000,0.02
105,2,15,474,2001,0.02
105,2,15,474,2002,0.02
105,2,15,474,2003,0.02
105,2,15,474,2004,0.02
105,2,15,474,2005,0.02
105,2,15,474,2006,0.03
105,2,15,474,2007,0.03
105,2,15,474,2008,0.03
105,2,15,474,2009,0.03
105,2,15,474,2010,0.03
105,2,15,474,2011,0.03
105,2,15,474,2012,0.03
105,2,15,474,2013,0.04
105,2,15,474,2014,0.04
105,2,15,474,2015,0.04
105,2,15,474,2016,0.04
105,2,15,474,2017,0.04
105,2,16,474,1990,0.02
105,2,16,474,1991,0.02
105,2,16,474,1992,0.02
105,2,16,474,1993,0.02
105,2,16,474,1994,0.02
105,2,16,474,1995,0.02
105,2,16,474,1996,0.02
105,2,16,474,1997,0.02
105,2,16,474,1998,0.03
105,2,16,474,1999,0.03
105,2,16,474,2000,0.03
105,2,16,474,2001,0.03
105,2,16,474,2002,0.03
105,2,16,474,2003,0.03
105,2,16,474,2004,0.03
105,2,16,474,2005,0.03
105,2,16,474,2006,0.04
105,2,16,474,2007,0.04
105,2,16,474,2008,0.04
105,2,16,474,2009,0.04
105,2,16,474,2010,0.04
105,2,16,474,2011,0.05
105,2,16,474,2012,0.05
105,2,16,474,2013,0.05
105,2,16,474,2014,0.06
105,2,16,474,2015,0.06
105,2,16,474,2016,0.06
105,2,16,474,2017,0.06
105,2,17,474,1990,0.03
105,2,17,474,1991,0.03
105,2,17,474,1992,0.03
105,2,17,474,1993,0.03
105,2,17,474,1994,0.03
105,2,17,474,1995,0.03
105,2,17,474,1996,0.03
105,2,17,474,1997,0.03
105,2,17,474,1998,0.03
105,2,17,474,1999,0.03
105,2,17,474,2000,0.04
105,2,17,474,2001,0.04
105,2,17,474,2002,0.04
105,2,17,474,2003,0.04
105,2,17,474,2004,0.04
105,2,17,474,2005,0.04
105,2,17,474,2006,0.04
105,2,17,474,2007,0.05
105,2,17,474,2008,0.05
105,2,17,474,2009,0.05
105,2,17,474,2010,0.05
105,2,17,474,2011,0.06
105,2,17,474,2012,0.06
105,2,17,474,2013,0.06
105,2,17,474,2014,0.07
105,2,17,474,2015,0.07
105,2,17,474,2016,0.07
105,2,17,474,2017,0.07
105,2,18,474,1990,0.04
105,2,18,474,1991,0.04
105,2,18,474,1992,0.04
105,2,18,474,1993,0.04
105,2,18,474,1994,0.05
105,2,18,474,1995,0.05
105,2,18,474,1996,0.05
105,2,18,474,1997,0.05
105,2,18,474,1998,0.05
105,2,18,474,1999,0.05
105,2,18,474,2000,0.05
105,2,18,474,2001,0.05
105,2,18,474,2002,0.05
105,2,18,474,2003,0.05
105,2,18,474,2004,0.05
105,2,18,474,2005,0.06
105,2,18,474,2006,0.06
105,2,18,474,2007,0.06
105,2,18,474,2008,0.06
105,2,18,474,2009,0.07
105,2,18,474,2010,0.07
105,2,18,474,2011,0.08
105,2,18,474,2012,0.08
105,2,18,474,2013,0.08
105,2,18,474,2014,0.09
105,2,18,474,2015,0.09
105,2,18,474,2016,0.1
105,2,18,474,2017,0.1
105,2,19,474,1990,0.06
105,2,19,474,1991,0.06
105,2,19,474,1992,0.06
105,2,19,474,1993,0.06
105,2,19,474,1994,0.06
105,2,19,474,1995,0.07
105,2,19,474,1996,0.07
105,2,19,474,1997,0.07
105,2,19,474,1998,0.07
105,2,19,474,1999,0.07
105,2,19,474,2000,0.07
105,2,19,474,2001,0.08
105,2,19,474,2002,0.08
105,2,19,474,2003,0.08
105,2,19,474,2004,0.08
105,2,19,474,2005,0.08
105,2,19,474,2006,0.08
105,2,19,474,2007,0.08
105,2,19,474,2008,0.08
105,2,19,474,2009,0.08
105,2,19,474,2010,0.09
105,2,19,474,2011,0.09
105,2,19,474,2012,0.1
105,2,19,474,2013,0.1
105,2,19,474,2014,0.11
105,2,19,474,2015,0.11
105,2,19,474,2016,0.12
105,2,19,474,2017,0.12
105,2,20,474,1990,0.07
105,2,20,474,1991,0.07
105,2,20,474,1992,0.08
105,2,20,474,1993,0.08
105,2,20,474,1994,0.08
105,2,20,474,1995,0.09
105,2,20,474,1996,0.09
105,2,20,474,1997,0.09
105,2,20,474,1998,0.09
105,2,20,474,1999,0.1
105,2,20,474,2000,0.1
105,2,20,474,2001,0.1
105,2,20,474,2002,0.1
105,2,20,474,2003,0.1
105,2,20,474,2004,0.1
105,2,20,474,2005,0.11
105,2,20,474,2006,0.11
105,2,20,474,2007,0.11
105,2,20,474,2008,0.12
105,2,20,474,2009,0.12
105,2,20,474,2010,0.12
105,2,20,474,2011,0.12
105,2,20,474,2012,0.13
105,2,20,474,2013,0.13
105,2,20,474,2014,0.13
105,2,20,474,2015,0.13
105,2,20,474,2016,0.14
105,2,20,474,2017,0.14
105,2,22,474,1990,0.45
105,2,22,474,1991,0.46
105,2,22,474,1992,0.47
105,2,22,474,1993,0.49
105,2,22,474,1994,0.5
105,2,22,474,1995,0.54
105,2,22,474,1996,0.54
105,2,22,474,1997,0.56
105,2,22,474,1998,0.59
105,2,22,474,1999,0.62
105,2,22,474,2000,0.63
105,2,22,474,2001,0.65
105,2,22,474,2002,0.67
105,2,22,474,2003,0.68
105,2,22,474,2004,0.67
105,2,22,474,2005,0.68
105,2,22,474,2006,0.7
105,2,22,474,2007,0.73
105,2,22,474,2008,0.76
105,2,22,474,2009,0.77
105,2,22,474,2010,0.8
105,2,22,474,2011,0.83
105,2,22,474,2012,0.87
105,2,22,474,2013,0.9
105,2,22,474,2014,0.93
105,2,22,474,2015,0.96
105,2,22,474,2016,0.97
105,2,22,474,2017,0.99
105,2,30,474,1990,0.08
105,2,30,474,1991,0.08
105,2,30,474,1992,0.09
105,2,30,474,1993,0.09
105,2,30,474,1994,0.09
105,2,30,474,1995,0.1
105,2,30,474,1996,0.1
105,2,30,474,1997,0.11
105,2,30,474,1998,0.11
105,2,30,474,1999,0.11
105,2,30,474,2000,0.11
105,2,30,474,2001,0.12
105,2,30,474,2002,0.12
105,2,30,474,2003,0.12
105,2,30,474,2004,0.12
105,2,30,474,2005,0.12
105,2,30,474,2006,0.12
105,2,30,474,2007,0.13
105,2,30,474,2008,0.14
105,2,30,474,2009,0.14
105,2,30,474,2010,0.15
105,2,30,474,2011,0.15
105,2,30,474,2012,0.16
105,2,30,474,2013,0.16
105,2,30,474,2014,0.16
105,2,30,474,2015,0.16
105,2,30,474,2016,0.16
105,2,30,474,2017,0.16
105,2,31,474,1990,0.06
105,2,31,474,1991,0.06
105,2,31,474,1992,0.06
105,2,31,474,1993,0.07
105,2,31,474,1994,0.07
105,2,31,474,1995,0.08
105,2,31,474,1996,0.08
105,2,31,474,1997,0.09
105,2,31,474,1998,0.09
105,2,31,474,1999,0.1
105,2,31,474,2000,0.1
105,2,31,474,2001,0.1
105,2,31,474,2002,0.11
105,2,31,474,2003,0.11
105,2,31,474,2004,0.11
105,2,31,474,2005,0.1
105,2,31,474,2006,0.11
105,2,31,474,2007,0.11
105,2,31,474,2008,0.11
105,2,31,474,2009,0.11
105,2,31,474,2010,0.12
105,2,31,474,2011,0.13
105,2,31,474,2012,0.13
105,2,31,474,2013,0.14
105,2,31,474,2014,0.14
105,2,31,474,2015,0.14
105,2,31,474,2016,0.14
105,2,31,474,2017,0.15
105,2,32,474,1990,0.04
105,2,32,474,1991,0.04
105,2,32,474,1992,0.04
105,2,32,474,1993,0.04
105,2,32,474,1994,0.04
105,2,32,474,1995,0.05
105,2,32,474,1996,0.05
105,2,32,474,1997,0.05
105,2,32,474,1998,0.05
105,2,32,474,1999,0.06
105,2,32,474,2000,0.06
105,2,32,474,2001,0.06
105,2,32,474,2002,0.07
105,2,32,474,2003,0.07
105,2,32,474,2004,0.07
105,2,32,474,2005,0.07
105,2,32,474,2006,0.07
105,2,32,474,2007,0.07
105,2,32,474,2008,0.07
105,2,32,474,2009,0.07
105,2,32,474,2010,0.07
105,2,32,474,2011,0.08
105,2,32,474,2012,0.08
105,2,32,474,2013,0.08
105,2,32,474,2014,0.08
105,2,32,474,2015,0.08
105,2,32,474,2016,0.09
105,2,32,474,2017,0.09
105,2,235,474,1990,0.01
105,2,235,474,1991,0.01
105,2,235,474,1992,0.02
105,2,235,474,1993,0.02
105,2,235,474,1994,0.02
105,2,235,474,1995,0.02
105,2,235,474,1996,0.02
105,2,235,474,1997,0.02
105,2,235,474,1998,0.02
105,2,235,474,1999,0.02
105,2,235,474,2000,0.02
105,2,235,474,2001,0.02
105,2,235,474,2002,0.02
105,2,235,474,2003,0.03
105,2,235,474,2004,0.03
105,2,235,474,2005,0.03
105,2,235,474,2006,0.03
105,2,235,474,2007,0.03
105,2,235,474,2008,0.03
105,2,235,474,2009,0.03
105,2,235,474,2010,0.03
105,2,235,474,2011,0.03
105,2,235,474,2012,0.03
105,2,235,474,2013,0.03
105,2,235,474,2014,0.03
105,2,235,474,2015,0.03
105,2,235,474,2016,0.03
105,2,235,474,2017,0.03
106,2,8,474,1990,0
106,2,8,474,1991,0
106,2,8,474,1992,0
106,2,8,474,1993,0
106,2,8,474,1994,0
106,2,8,474,1995,0
106,2,8,474,1996,0
106,2,8,474,1997,0
106,2,8,474,1998,0
106,2,8,474,1999,0
106,2,8,474,2000,0
106,2,8,474,2001,0
106,2,8,474,2002,0
106,2,8,474,2003,0
106,2,8,474,2004,0
106,2,8,474,2005,0
106,2,8,474,2006,0
106,2,8,474,2007,0
106,2,8,474,2008,0
106,2,8,474,2009,0
106,2,8,474,2010,0
106,2,8,474,2011,0
106,2,8,474,2012,0
106,2,8,474,2013,0
106,2,8,474,2014,0
106,2,8,474,2015,0
106,2,8,474,2016,0
106,2,8,474,2017,0
106,2,9,474,1990,0
106,2,9,474,1991,0
106,2,9,474,1992,0
106,2,9,474,1993,0
106,2,9,474,1994,0
106,2,9,474,1995,0
106,2,9,474,1996,0
106,2,9,474,1997,0
106,2,9,474,1998,0
106,2,9,474,1999,0
106,2,9,474,2000,0
106,2,9,474,2001,0
106,2,9,474,2002,0
106,2,9,474,2003,0
106,2,9,474,2004,0
106,2,9,474,2005,0
106,2,9,474,2006,0
106,2,9,474,2007,0
106,2,9,474,2008,0
106,2,9,474,2009,0
106,2,9,474,2010,0
106,2,9,474,2011,0
106,2,9,474,2012,0
106,2,9,474,2013,0
106,2,9,474,2014,0
106,2,9,474,2015,0
106,2,9,474,2016,0
106,2,9,474,2017,0
106,2,10,474,1990,0
106,2,10,474,1991,0
106,2,10,474,1992,0
106,2,10,474,1993,0
106,2,10,474,1994,0
106,2,10,474,1995,0
106,2,10,474,1996,0
106,2,10,474,1997,0
106,2,10,474,1998,0
106,2,10,474,1999,0
106,2,10,474,2000,0
106,2,10,474,2001,0
106,2,10,474,2002,0
106,2,10,474,2003,0
106,2,10,474,2004,0
106,2,10,474,2005,0
106,2,10,474,2006,0
106,2,10,474,2007,0
106,2,10,474,2008,0
106,2,10,474,2009,0
106,2,10,474,2010,0
106,2,10,474,2011,0
106,2,10,474,2012,0
106,2,10,474,2013,0
106,2,10,474,2014,0
106,2,10,474,2015,0
106,2,10,474,2016,0
106,2,10,474,2017,0
106,2,11,474,1990,0.01
106,2,11,474,1991,0.01
106,2,11,474,1992,0.01
106,2,11,474,1993,0.01
106,2,11,474,1994,0.01
106,2,11,474,1995,0.01
106,2,11,474,1996,0.01
106,2,11,474,1997,0.01
106,2,11,474,1998,0.01
106,2,11,474,1999,0.01
106,2,11,474,2000,0.01
106,2,11,474,2001,0.01
106,2,11,474,2002,0.01
106,2,11,474,2003,0.01
106,2,11,474,2004,0.01
106,2,11,474,2005,0.01
106,2,11,474,2006,0.01
106,2,11,474,2007,0.01
106,2,11,474,2008,0.01
106,2,11,474,2009,0.01
106,2,11,474,2010,0.01
106,2,11,474,2011,0.01
106,2,11,474,2012,0.01
106,2,11,474,2013,0.01
106,2,11,474,2014,0.01
106,2,11,474,2015,0.01
106,2,11,474,2016,0.01
106,2,11,474,2017,0.02
106,2,12,474,1990,0.01
106,2,12,474,1991,0.01
106,2,12,474,1992,0.01
106,2,12,474,1993,0.01
106,2,12,474,1994,0.01
106,2,12,474,1995,0.02
106,2,12,474,1996,0.01
106,2,12,474,1997,0.02
106,2,12,474,1998,0.02
106,2,12,474,1999,0.02
106,2,12,474,2000,0.02
106,2,12,474,2001,0.02
106,2,12,474,2002,0.02
106,2,12,474,2003,0.02
106,2,12,474,2004,0.02
106,2,12,474,2005,0.02
106,2,12,474,2006,0.02
106,2,12,474,2007,0.02
106,2,12,474,2008,0.02
106,2,12,474,2009,0.02
106,2,12,474,2010,0.02
106,2,12,474,2011,0.02
106,2,12,474,2012,0.02
106,2,12,474,2013,0.02
106,2,12,474,2014,0.02
106,2,12,474,2015,0.02
106,2,12,474,2016,0.02
106,2,12,474,2017,0.02
106,2,13,474,1990,0.02
106,2,13,474,1991,0.02
106,2,13,474,1992,0.02
106,2,13,474,1993,0.02
106,2,13,474,1994,0.02
106,2,13,474,1995,0.02
106,2,13,474,1996,0.02
106,2,13,474,1997,0.02
106,2,13,474,1998,0.03
106,2,13,474,1999,0.03
106,2,13,474,2000,0.03
106,2,13,474,2001,0.02
106,2,13,474,2002,0.02
106,2,13,474,2003,0.03
106,2,13,474,2004,0.03
106,2,13,474,2005,0.03
106,2,13,474,2006,0.03
106,2,13,474,2007,0.03
106,2,13,474,2008,0.03
106,2,13,474,2009,0.03
106,2,13,474,2010,0.03
106,2,13,474,2011,0.03
106,2,13,474,2012,0.04
106,2,13,474,2013,0.04
106,2,13,474,2014,0.04
106,2,13,474,2015,0.04
106,2,13,474,2016,0.04
106,2,13,474,2017,0.04
106,2,14,474,1990,0.02
106,2,14,474,1991,0.02
106,2,14,474,1992,0.02
106,2,14,474,1993,0.02
106,2,14,474,1994,0.02
106,2,14,474,1995,0.02
106,2,14,474,1996,0.03
106,2,14,474,1997,0.03
106,2,14,474,1998,0.03
106,2,14,474,1999,0.03
106,2,14,474,2000,0.03
106,2,14,474,2001,0.03
106,2,14,474,2002,0.03
106,2,14,474,2003,0.04
106,2,14,474,2004,0.04
106,2,14,474,2005,0.04
106,2,14,474,2006,0.04
106,2,14,474,2007,0.04
106,2,14,474,2008,0.04
106,2,14,474,2009,0.05
106,2,14,474,2010,0.05
106,2,14,474,2011,0.05
106,2,14,474,2012,0.05
106,2,14,474,2013,0.05
106,2,14,474,2014,0.05
106,2,14,474,2015,0.05
106,2,14,474,2016,0.05
106,2,14,474,2017,0.05
106,2,15,474,1990,0.04
106,2,15,474,1991,0.04
106,2,15,474,1992,0.04
106,2,15,474,1993,0.04
106,2,15,474,1994,0.05
106,2,15,474,1995,0.05
106,2,15,474,1996,0.06
106,2,15,474,1997,0.06
106,2,15,474,1998,0.06
106,2,15,474,1999,0.06
106,2,15,474,2000,0.06
106,2,15,474,2001,0.06
106,2,15,474,2002,0.06
106,2,15,474,2003,0.07
106,2,15,474,2004,0.07
106,2,15,474,2005,0.07
106,2,15,474,2006,0.08
106,2,15,474,2007,0.08
106,2,15,474,2008,0.09
106,2,15,474,2009,0.09
106,2,15,474,2010,0.1
106,2,15,474,2011,0.1
106,2,15,474,2012,0.1
106,2,15,474,2013,0.11
106,2,15,474,2014,0.11
106,2,15,474,2015,0.12
106,2,15,474,2016,0.12
106,2,15,474,2017,0.12
106,2,16,474,1990,0.06
106,2,16,474,1991,0.06
106,2,16,474,1992,0.07
106,2,16,474,1993,0.07
106,2,16,474,1994,0.07
106,2,16,474,1995,0.08
106,2,16,474,1996,0.08
106,2,16,474,1997,0.08
106,2,16,474,1998,0.08
106,2,16,474,1999,0.09
106,2,16,474,2000,0.09
106,2,16,474,2001,0.09
106,2,16,474,2002,0.09
106,2,16,474,2003,0.09
106,2,16,474,2004,0.09
106,2,16,474,2005,0.09
106,2,16,474,2006,0.1
106,2,16,474,2007,0.1
106,2,16,474,2008,0.11
106,2,16,474,2009,0.12
106,2,16,474,2010,0.12
106,2,16,474,2011,0.13
106,2,16,474,2012,0.14
106,2,16,474,2013,0.16
106,2,16,474,2014,0.16
106,2,16,474,2015,0.17
106,2,16,474,2016,0.17
106,2,16,474,2017,0.17
106,2,17,474,1990,0.07
106,2,17,474,1991,0.06
106,2,17,474,1992,0.07
106,2,17,474,1993,0.07
106,2,17,474,1994,0.07
106,2,17,474,1995,0.07
106,2,17,474,1996,0.08
106,2,17,474,1997,0.07
106,2,17,474,1998,0.08
106,2,17,474,1999,0.09
106,2,17,474,2000,0.09
106,2,17,474,2001,0.1
106,2,17,474,2002,0.1
106,2,17,474,2003,0.1
106,2,17,474,2004,0.1
106,2,17,474,2005,0.1
106,2,17,474,2006,0.11
106,2,17,474,2007,0.11
106,2,17,474,2008,0.11
106,2,17,474,2009,0.12
106,2,17,474,2010,0.13
106,2,17,474,2011,0.13
106,2,17,474,2012,0.14
106,2,17,474,2013,0.15
106,2,17,474,2014,0.16
106,2,17,474,2015,0.16
106,2,17,474,2016,0.17
106,2,17,474,2017,0.18
106,2,18,474,1990,0.09
106,2,18,474,1991,0.09
106,2,18,474,1992,0.09
106,2,18,474,1993,0.09
106,2,18,474,1994,0.09
106,2,18,474,1995,0.1
106,2,18,474,1996,0.11
106,2,18,474,1997,0.11
106,2,18,474,1998,0.12
106,2,18,474,1999,0.14
106,2,18,474,2000,0.14
106,2,18,474,2001,0.14
106,2,18,474,2002,0.14
106,2,18,474,2003,0.15
106,2,18,474,2004,0.15
106,2,18,474,2005,0.16
106,2,18,474,2006,0.17
106,2,18,474,2007,0.17
106,2,18,474,2008,0.17
106,2,18,474,2009,0.18
106,2,18,474,2010,0.19
106,2,18,474,2011,0.2
106,2,18,474,2012,0.2
106,2,18,474,2013,0.21
106,2,18,474,2014,0.22
106,2,18,474,2015,0.22
106,2,18,474,2016,0.23
106,2,18,474,2017,0.24
106,2,19,474,1990,0.12
106,2,19,474,1991,0.12
106,2,19,474,1992,0.12
106,2,19,474,1993,0.12
106,2,19,474,1994,0.11
106,2,19,474,1995,0.12
106,2,19,474,1996,0.13
106,2,19,474,1997,0.13
106,2,19,474,1998,0.14
106,2,19,474,1999,0.16
106,2,19,474,2000,0.16
106,2,19,474,2001,0.16
106,2,19,474,2002,0.16
106,2,19,474,2003,0.16
106,2,19,474,2004,0.17
106,2,19,474,2005,0.17
106,2,19,474,2006,0.19
106,2,19,474,2007,0.19
106,2,19,474,2008,0.2
106,2,19,474,2009,0.21
106,2,19,474,2010,0.23
106,2,19,474,2011,0.24
106,2,19,474,2012,0.25
106,2,19,474,2013,0.26
106,2,19,474,2014,0.26
106,2,19,474,2015,0.27
106,2,19,474,2016,0.27
106,2,19,474,2017,0.27
106,2,20,474,1990,0.12
106,2,20,474,1991,0.12
106,2,20,474,1992,0.13
106,2,20,474,1993,0.13
106,2,20,474,1994,0.14
106,2,20,474,1995,0.15
106,2,20,474,1996,0.15
106,2,20,474,1997,0.15
106,2,20,474,1998,0.15
106,2,20,474,1999,0.17
106,2,20,474,2000,0.16
106,2,20,474,2001,0.17
106,2,20,474,2002,0.16
106,2,20,474,2003,0.17
106,2,20,474,2004,0.17
106,2,20,474,2005,0.18
106,2,20,474,2006,0.19
106,2,20,474,2007,0.19
106,2,20,474,2008,0.2
106,2,20,474,2009,0.21
106,2,20,474,2010,0.22
106,2,20,474,2011,0.24
106,2,20,474,2012,0.25
106,2,20,474,2013,0.27
106,2,20,474,2014,0.28
106,2,20,474,2015,0.29
106,2,20,474,2016,0.3
106,2,20,474,2017,0.3
106,2,22,474,1990,0.8
106,2,22,474,1991,0.81
106,2,22,474,1992,0.83
106,2,22,474,1993,0.86
106,2,22,474,1994,0.9
106,2,22,474,1995,0.96
106,2,22,474,1996,1.03
106,2,22,474,1997,1.02
106,2,22,474,1998,1.08
106,2,22,474,1999,1.19
106,2,22,474,2000,1.2
106,2,22,474,2001,1.23
106,2,22,474,2002,1.22
106,2,22,474,2003,1.25
106,2,22,474,2004,1.28
106,2,22,474,2005,1.31
106,2,22,474,2006,1.42
106,2,22,474,2007,1.43
106,2,22,474,2008,1.5
106,2,22,474,2009,1.57
106,2,22,474,2010,1.64
106,2,22,474,2011,1.73
106,2,22,474,2012,1.79
106,2,22,474,2013,1.89
106,2,22,474,2014,1.92
106,2,22,474,2015,1.98
106,2,22,474,2016,2.03
106,2,22,474,2017,2.08
106,2,30,474,1990,0.11
106,2,30,474,1991,0.11
106,2,30,474,1992,0.12
106,2,30,474,1993,0.12
106,2,30,474,1994,0.13
106,2,30,474,1995,0.14
106,2,30,474,1996,0.16
106,2,30,474,1997,0.16
106,2,30,474,1998,0.17
106,2,30,474,1999,0.19
106,2,30,474,2000,0.19
106,2,30,474,2001,0.19
106,2,30,474,2002,0.18
106,2,30,474,2003,0.18
106,2,30,474,2004,0.17
106,2,30,474,2005,0.17
106,2,30,474,2006,0.18
106,2,30,474,2007,0.18
106,2,30,474,2008,0.19
106,2,30,474,2009,0.2
106,2,30,474,2010,0.21
106,2,30,474,2011,0.22
106,2,30,474,2012,0.23
106,2,30,474,2013,0.24
106,2,30,474,2014,0.25
106,2,30,474,2015,0.26
106,2,30,474,2016,0.27
106,2,30,474,2017,0.28
106,2,31,474,1990,0.08
106,2,31,474,1991,0.08
106,2,31,474,1992,0.09
106,2,31,474,1993,0.09
106,2,31,474,1994,0.1
106,2,31,474,1995,0.11
106,2,31,474,1996,0.11
106,2,31,474,1997,0.11
106,2,31,474,1998,0.12
106,2,31,474,1999,0.12
106,2,31,474,2000,0.13
106,2,31,474,2001,0.13
106,2,31,474,2002,0.13
106,2,31,474,2003,0.14
106,2,31,474,2004,0.14
106,2,31,474,2005,0.15
106,2,31,474,2006,0.16
106,2,31,474,2007,0.16
106,2,31,474,2008,0.16
106,2,31,474,2009,0.16
106,2,31,474,2010,0.16
106,2,31,474,2011,0.17
106,2,31,474,2012,0.17
106,2,31,474,2013,0.18
106,2,31,474,2014,0.19
106,2,31,474,2015,0.19
106,2,31,474,2016,0.2
106,2,31,474,2017,0.2
106,2,32,474,1990,0.03
106,2,32,474,1991,0.04
106,2,32,474,1992,0.04
106,2,32,474,1993,0.04
106,2,32,474,1994,0.05
106,2,32,474,1995,0.06
106,2,32,474,1996,0.06
106,2,32,474,1997,0.06
106,2,32,474,1998,0.06
106,2,32,474,1999,0.07
106,2,32,474,2000,0.07
106,2,32,474,2001,0.08
106,2,32,474,2002,0.08
106,2,32,474,2003,0.08
106,2,32,474,2004,0.09
106,2,32,474,2005,0.09
106,2,32,474,2006,0.1
106,2,32,474,2007,0.11
106,2,32,474,2008,0.11
106,2,32,474,2009,0.12
106,2,32,474,2010,0.12
106,2,32,474,2011,0.12
106,2,32,474,2012,0.12
106,2,32,474,2013,0.13
106,2,32,474,2014,0.12
106,2,32,474,2015,0.12
106,2,32,474,2016,0.12
106,2,32,474,2017,0.13
106,2,235,474,1990,0.01
106,2,235,474,1991,0.01
106,2,235,474,1992,0.01
106,2,235,474,1993,0.01
106,2,235,474,1994,0.02
106,2,235,474,1995,0.02
106,2,235,474,1996,0.02
106,2,235,474,1997,0.02
106,2,235,474,1998,0.02
106,2,235,474,1999,0.02
106,2,235,474,2000,0.02
106,2,235,474,2001,0.02
106,2,235,474,2002,0.02
106,2,235,474,2003,0.03
106,2,235,474,2004,0.03
106,2,235,474,2005,0.03
106,2,235,474,2006,0.03
106,2,235,474,2007,0.04
106,2,235,474,2008,0.04
106,2,235,474,2009,0.04
106,2,235,474,2010,0.04
106,2,235,474,2011,0.05
106,2,235,474,2012,0.05
106,2,235,474,2013,0.05
106,2,235,474,2014,0.05
106,2,235,474,2015,0.05
106,2,235,474,2016,0.05
106,2,235,474,2017,0.05
107,2,8,474,1990,0
107,2,8,474,1991,0
107,2,8,474,1992,0
107,2,8,474,1993,0
107,2,8,474,1994,0
107,2,8,474,1995,0
107,2,8,474,1996,0
107,2,8,474,1997,0
107,2,8,474,1998,0
107,2,8,474,1999,0
107,2,8,474,2000,0
107,2,8,474,2001,0
107,2,8,474,2002,0
107,2,8,474,2003,0
107,2,8,474,2004,0
107,2,8,474,2005,0
107,2,8,474,2006,0
107,2,8,474,2007,0
107,2,8,474,2008,0
107,2,8,474,2009,0
107,2,8,474,2010,0
107,2,8,474,2011,0
107,2,8,474,2012,0
107,2,8,474,2013,0
107,2,8,474,2014,0
107,2,8,474,2015,0
107,2,8,474,2016,0
107,2,8,474,2017,0
107,2,9,474,1990,0
107,2,9,474,1991,0
107,2,9,474,1992,0
107,2,9,474,1993,0
107,2,9,474,1994,0
107,2,9,474,1995,0
107,2,9,474,1996,0
107,2,9,474,1997,0
107,2,9,474,1998,0
107,2,9,474,1999,0
107,2,9,474,2000,0
107,2,9,474,2001,0
107,2,9,474,2002,0
107,2,9,474,2003,0
107,2,9,474,2004,0
107,2,9,474,2005,0
107,2,9,474,2006,0
107,2,9,474,2007,0
107,2,9,474,2008,0
107,2,9,474,2009,0
107,2,9,474,2010,0
107,2,9,474,2011,0
107,2,9,474,2012,0
107,2,9,474,2013,0
107,2,9,474,2014,0
107,2,9,474,2015,0
107,2,9,474,2016,0
107,2,9,474,2017,0
107,2,10,474,1990,0
107,2,10,474,1991,0
107,2,10,474,1992,0
107,2,10,474,1993,0
107,2,10,474,1994,0
107,2,10,474,1995,0
107,2,10,474,1996,0
107,2,10,474,1997,0
107,2,10,474,1998,0
107,2,10,474,1999,0
107,2,10,474,2000,0
107,2,10,474,2001,0
107,2,10,474,2002,0
107,2,10,474,2003,0
107,2,10,474,2004,0
107,2,10,474,2005,0
107,2,10,474,2006,0
107,2,10,474,2007,0
107,2,10,474,2008,0
107,2,10,474,2009,0
107,2,10,474,2010,0
107,2,10,474,2011,0
107,2,10,474,2012,0
107,2,10,474,2013,0
107,2,10,474,2014,0
107,2,10,474,2015,0
107,2,10,474,2016,0
107,2,10,474,2017,0
107,2,11,474,1990,0.01
107,2,11,474,1991,0.01
107,2,11,474,1992,0.01
107,2,11,474,1993,0.01
107,2,11,474,1994,0.01
107,2,11,474,1995,0.01
107,2,11,474,1996,0.01
107,2,11,474,1997,0.01
107,2,11,474,1998,0.01
107,2,11,474,1999,0.01
107,2,11,474,2000,0.01
107,2,11,474,2001,0.01
107,2,11,474,2002,0.01
107,2,11,474,2003,0.01
107,2,11,474,2004,0.01
107,2,11,474,2005,0.01
107,2,11,474,2006,0.01
107,2,11,474,2007,0.01
107,2,11,474,2008,0.01
107,2,11,474,2009,0.01
107,2,11,474,2010,0.01
107,2,11,474,2011,0.01
107,2,11,474,2012,0.01
107,2,11,474,2013,0.01
107,2,11,474,2014,0.01
107,2,11,474,2015,0.01
107,2,11,474,2016,0.01
107,2,11,474,2017,0.01
107,2,12,474,1990,0.01
107,2,12,474,1991,0.01
107,2,12,474,1992,0.01
107,2,12,474,1993,0.01
107,2,12,474,1994,0.02
107,2,12,474,1995,0.02
107,2,12,474,1996,0.01
107,2,12,474,1997,0.01
107,2,12,474,1998,0.01
107,2,12,474,1999,0.01
107,2,12,474,2000,0.01
107,2,12,474,2001,0.01
107,2,12,474,2002,0.01
107,2,12,474,2003,0.01
107,2,12,474,2004,0.01
107,2,12,474,2005,0.01
107,2,12,474,2006,0.01
107,2,12,474,2007,0.02
107,2,12,474,2008,0.02
107,2,12,474,2009,0.02
107,2,12,474,2010,0.02
107,2,12,474,2011,0.01
107,2,12,474,2012,0.01
107,2,12,474,2013,0.01
107,2,12,474,2014,0.01
107,2,12,474,2015,0.01
107,2,12,474,2016,0.01
107,2,12,474,2017,0.01
107,2,13,474,1990,0.02
107,2,13,474,1991,0.02
107,2,13,474,1992,0.02
107,2,13,474,1993,0.02
107,2,13,474,1994,0.02
107,2,13,474,1995,0.02
107,2,13,474,1996,0.02
107,2,13,474,1997,0.02
107,2,13,474,1998,0.02
107,2,13,474,1999,0.02
107,2,13,474,2000,0.02
107,2,13,474,2001,0.02
107,2,13,474,2002,0.02
107,2,13,474,2003,0.03
107,2,13,474,2004,0.03
107,2,13,474,2005,0.03
107,2,13,474,2006,0.03
107,2,13,474,2007,0.03
107,2,13,474,2008,0.03
107,2,13,474,2009,0.03
107,2,13,474,2010,0.03
107,2,13,474,2011,0.03
107,2,13,474,2012,0.03
107,2,13,474,2013,0.03
107,2,13,474,2014,0.03
107,2,13,474,2015,0.03
107,2,13,474,2016,0.03
107,2,13,474,2017,0.03
107,2,14,474,1990,0.03
107,2,14,474,1991,0.02
107,2,14,474,1992,0.02
107,2,14,474,1993,0.02
107,2,14,474,1994,0.03
107,2,14,474,1995,0.03
107,2,14,474,1996,0.03
107,2,14,474,1997,0.03
107,2,14,474,1998,0.03
107,2,14,474,1999,0.04
107,2,14,474,2000,0.04
107,2,14,474,2001,0.05
107,2,14,474,2002,0.05
107,2,14,474,2003,0.05
107,2,14,474,2004,0.05
107,2,14,474,2005,0.05
107,2,14,474,2006,0.05
107,2,14,474,2007,0.05
107,2,14,474,2008,0.05
107,2,14,474,2009,0.05
107,2,14,474,2010,0.05
107,2,14,474,2011,0.05
107,2,14,474,2012,0.05
107,2,14,474,2013,0.05
107,2,14,474,2014,0.05
107,2,14,474,2015,0.05
107,2,14,474,2016,0.05
107,2,14,474,2017,0.05
107,2,15,474,1990,0.05
107,2,15,474,1991,0.05
107,2,15,474,1992,0.05
107,2,15,474,1993,0.05
107,2,15,474,1994,0.05
107,2,15,474,1995,0.05
107,2,15,474,1996,0.05
107,2,15,474,1997,0.06
107,2,15,474,1998,0.06
107,2,15,474,1999,0.07
107,2,15,474,2000,0.07
107,2,15,474,2001,0.07
107,2,15,474,2002,0.08
107,2,15,474,2003,0.08
107,2,15,474,2004,0.08
107,2,15,474,2005,0.08
107,2,15,474,2006,0.09
107,2,15,474,2007,0.1
107,2,15,474,2008,0.1
107,2,15,474,2009,0.1
107,2,15,474,2010,0.11
107,2,15,474,2011,0.11
107,2,15,474,2012,0.11
107,2,15,474,2013,0.12
107,2,15,474,2014,0.12
107,2,15,474,2015,0.12
107,2,15,474,2016,0.12
107,2,15,474,2017,0.12
107,2,16,474,1990,0.08
107,2,16,474,1991,0.08
107,2,16,474,1992,0.08
107,2,16,474,1993,0.08
107,2,16,474,1994,0.08
107,2,16,474,1995,0.08
107,2,16,474,1996,0.09
107,2,16,474,1997,0.09
107,2,16,474,1998,0.09
107,2,16,474,1999,0.09
107,2,16,474,2000,0.09
107,2,16,474,2001,0.1
107,2,16,474,2002,0.1
107,2,16,474,2003,0.11
107,2,16,474,2004,0.12
107,2,16,474,2005,0.12
107,2,16,474,2006,0.12
107,2,16,474,2007,0.13
107,2,16,474,2008,0.13
107,2,16,474,2009,0.14
107,2,16,474,2010,0.15
107,2,16,474,2011,0.17
107,2,16,474,2012,0.17
107,2,16,474,2013,0.18
107,2,16,474,2014,0.19
107,2,16,474,2015,0.19
107,2,16,474,2016,0.2
107,2,16,474,2017,0.2
107,2,17,474,1990,0.14
107,2,17,474,1991,0.14
107,2,17,474,1992,0.14
107,2,17,474,1993,0.13
107,2,17,474,1994,0.13
107,2,17,474,1995,0.12
107,2,17,474,1996,0.12
107,2,17,474,1997,0.12
107,2,17,474,1998,0.13
107,2,17,474,1999,0.13
107,2,17,474,2000,0.13
107,2,17,474,2001,0.13
107,2,17,474,2002,0.13
107,2,17,474,2003,0.14
107,2,17,474,2004,0.14
107,2,17,474,2005,0.14
107,2,17,474,2006,0.15
107,2,17,474,2007,0.16
107,2,17,474,2008,0.17
107,2,17,474,2009,0.18
107,2,17,474,2010,0.19
107,2,17,474,2011,0.2
107,2,17,474,2012,0.21
107,2,17,474,2013,0.22
107,2,17,474,2014,0.23
107,2,17,474,2015,0.25
107,2,17,474,2016,0.26
107,2,17,474,2017,0.27
107,2,18,474,1990,0.23
107,2,18,474,1991,0.23
107,2,18,474,1992,0.22
107,2,18,474,1993,0.22
107,2,18,474,1994,0.22
107,2,18,474,1995,0.22
107,2,18,474,1996,0.21
107,2,18,474,1997,0.22
107,2,18,474,1998,0.22
107,2,18,474,1999,0.21
107,2,18,474,2000,0.2
107,2,18,474,2001,0.2
107,2,18,474,2002,0.2
107,2,18,474,2003,0.21
107,2,18,474,2004,0.21
107,2,18,474,2005,0.2
107,2,18,474,2006,0.21
107,2,18,474,2007,0.21
107,2,18,474,2008,0.22
107,2,18,474,2009,0.23
107,2,18,474,2010,0.24
107,2,18,474,2011,0.26
107,2,18,474,2012,0.28
107,2,18,474,2013,0.29
107,2,18,474,2014,0.32
107,2,18,474,2015,0.32
107,2,18,474,2016,0.33
107,2,18,474,2017,0.34
107,2,19,474,1990,0.36
107,2,19,474,1991,0.35
107,2,19,474,1992,0.34
107,2,19,474,1993,0.33
107,2,19,474,1994,0.32
107,2,19,474,1995,0.32
107,2,19,474,1996,0.33
107,2,19,474,1997,0.35
107,2,19,474,1998,0.36
107,2,19,474,1999,0.37
107,2,19,474,2000,0.37
107,2,19,474,2001,0.38
107,2,19,474,2002,0.38
107,2,19,474,2003,0.37
107,2,19,474,2004,0.35
107,2,19,474,2005,0.33
107,2,19,474,2006,0.31
107,2,19,474,2007,0.31
107,2,19,474,2008,0.32
107,2,19,474,2009,0.32
107,2,19,474,2010,0.33
107,2,19,474,2011,0.35
107,2,19,474,2012,0.36
107,2,19,474,2013,0.37
107,2,19,474,2014,0.4
107,2,19,474,2015,0.42
107,2,19,474,2016,0.44
107,2,19,474,2017,0.46
107,2,20,474,1990,0.51
107,2,20,474,1991,0.51
107,2,20,474,1992,0.5
107,2,20,474,1993,0.49
107,2,20,474,1994,0.48
107,2,20,474,1995,0.47
107,2,20,474,1996,0.45
107,2,20,474,1997,0.46
107,2,20,474,1998,0.46
107,2,20,474,1999,0.46
107,2,20,474,2000,0.47
107,2,20,474,2001,0.49
107,2,20,474,2002,0.52
107,2,20,474,2003,0.54
107,2,20,474,2004,0.54
107,2,20,474,2005,0.54
107,2,20,474,2006,0.55
107,2,20,474,2007,0.56
107,2,20,474,2008,0.56
107,2,20,474,2009,0.56
107,2,20,474,2010,0.57
107,2,20,474,2011,0.58
107,2,20,474,2012,0.58
107,2,20,474,2013,0.59
107,2,20,474,2014,0.6
107,2,20,474,2015,0.61
107,2,20,474,2016,0.62
107,2,20,474,2017,0.63
107,2,22,474,1990,2.66
107,2,22,474,1991,2.68
107,2,22,474,1992,2.67
107,2,22,474,1993,2.69
107,2,22,474,1994,2.7
107,2,22,474,1995,2.75
107,2,22,474,1996,2.75
107,2,22,474,1997,2.84
107,2,22,474,1998,2.89
107,2,22,474,1999,2.92
107,2,22,474,2000,2.95
107,2,22,474,2001,2.97
107,2,22,474,2002,3.05
107,2,22,474,2003,3.1
107,2,22,474,2004,3.08
107,2,22,474,2005,3.06
107,2,22,474,2006,3.1
107,2,22,474,2007,3.19
107,2,22,474,2008,3.32
107,2,22,474,2009,3.38
107,2,22,474,2010,3.51
107,2,22,474,2011,3.66
107,2,22,474,2012,3.73
107,2,22,474,2013,3.83
107,2,22,474,2014,3.98
107,2,22,474,2015,4.05
107,2,22,474,2016,4.12
107,2,22,474,2017,4.2
107,2,30,474,1990,0.55
107,2,30,474,1991,0.55
107,2,30,474,1992,0.55
107,2,30,474,1993,0.56
107,2,30,474,1994,0.56
107,2,30,474,1995,0.58
107,2,30,474,1996,0.57
107,2,30,474,1997,0.56
107,2,30,474,1998,0.55
107,2,30,474,1999,0.55
107,2,30,474,2000,0.54
107,2,30,474,2001,0.54
107,2,30,474,2002,0.54
107,2,30,474,2003,0.53
107,2,30,474,2004,0.52
107,2,30,474,2005,0.52
107,2,30,474,2006,0.54
107,2,30,474,2007,0.57
107,2,30,474,2008,0.61
107,2,30,474,2009,0.64
107,2,30,474,2010,0.67
107,2,30,474,2011,0.69
107,2,30,474,2012,0.69
107,2,30,474,2013,0.69
107,2,30,474,2014,0.7
107,2,30,474,2015,0.7
107,2,30,474,2016,0.69
107,2,30,474,2017,0.7
107,2,31,474,1990,0.42
107,2,31,474,1991,0.43
107,2,31,474,1992,0.45
107,2,31,474,1993,0.46
107,2,31,474,1994,0.48
107,2,31,474,1995,0.5
107,2,31,474,1996,0.51
107,2,31,474,1997,0.53
107,2,31,474,1998,0.54
107,2,31,474,1999,0.55
107,2,31,474,2000,0.56
107,2,31,474,2001,0.55
107,2,31,474,2002,0.55
107,2,31,474,2003,0.55
107,2,31,474,2004,0.54
107,2,31,474,2005,0.53
107,2,31,474,2006,0.53
107,2,31,474,2007,0.54
107,2,31,474,2008,0.56
107,2,31,474,2009,0.58
107,2,31,474,2010,0.62
107,2,31,474,2011,0.66
107,2,31,474,2012,0.69
107,2,31,474,2013,0.72
107,2,31,474,2014,0.76
107,2,31,474,2015,0.77
107,2,31,474,2016,0.77
107,2,31,474,2017,0.76
107,2,32,474,1990,0.2
107,2,32,474,1991,0.21
107,2,32,474,1992,0.22
107,2,32,474,1993,0.23
107,2,32,474,1994,0.24
107,2,32,474,1995,0.26
107,2,32,474,1996,0.27
107,2,32,474,1997,0.29
107,2,32,474,1998,0.31
107,2,32,474,1999,0.32
107,2,32,474,2000,0.33
107,2,32,474,2001,0.33
107,2,32,474,2002,0.34
107,2,32,474,2003,0.35
107,2,32,474,2004,0.36
107,2,32,474,2005,0.37
107,2,32,474,2006,0.38
107,2,32,474,2007,0.38
107,2,32,474,2008,0.39
107,2,32,474,2009,0.39
107,2,32,474,2010,0.4
107,2,32,474,2011,0.41
107,2,32,474,2012,0.41
107,2,32,474,2013,0.43
107,2,32,474,2014,0.43
107,2,32,474,2015,0.45
107,2,32,474,2016,0.47
107,2,32,474,2017,0.49
107,2,235,474,1990,0.05
107,2,235,474,1991,0.05
107,2,235,474,1992,0.06
107,2,235,474,1993,0.06
107,2,235,474,1994,0.06
107,2,235,474,1995,0.07
107,2,235,474,1996,0.07
107,2,235,474,1997,0.08
107,2,235,474,1998,0.08
107,2,235,474,1999,0.09
107,2,235,474,2000,0.09
107,2,235,474,2001,0.1
107,2,235,474,2002,0.1
107,2,235,474,2003,0.11
107,2,235,474,2004,0.11
107,2,235,474,2005,0.12
107,2,235,474,2006,0.13
107,2,235,474,2007,0.13
107,2,235,474,2008,0.13
107,2,235,474,2009,0.13
107,2,235,474,2010,0.12
107,2,235,474,2011,0.12
107,2,235,474,2012,0.12
107,2,235,474,2013,0.12
107,2,235,474,2014,0.12
107,2,235,474,2015,0.12
107,2,235,474,2016,0.12
107,2,235,474,2017,0.13
108,2,8,474,1990,0
108,2,8,474,1991,0
108,2,8,474,1992,0
108,2,8,474,1993,0
108,2,8,474,1994,0
108,2,8,474,1995,0
108,2,8,474,1996,0
108,2,8,474,1997,0
108,2,8,474,1998,0
108,2,8,474,1999,0
108,2,8,474,2000,0
108,2,8,474,2001,0
108,2,8,474,2002,0
108,2,8,474,2003,0
108,2,8,474,2004,0
108,2,8,474,2005,0
108,2,8,474,2006,0
108,2,8,474,2007,0
108,2,8,474,2008,0
108,2,8,474,2009,0
108,2,8,474,2010,0
108,2,8,474,2011,0
108,2,8,474,2012,0
108,2,8,474,2013,0
108,2,8,474,2014,0
108,2,8,474,2015,0
108,2,8,474,2016,0
108,2,8,474,2017,0
108,2,9,474,1990,0
108,2,9,474,1991,0
108,2,9,474,1992,0
108,2,9,474,1993,0
108,2,9,474,1994,0
108,2,9,474,1995,0
108,2,9,474,1996,0
108,2,9,474,1997,0
108,2,9,474,1998,0
108,2,9,474,1999,0
108,2,9,474,2000,0
108,2,9,474,2001,0
108,2,9,474,2002,0
108,2,9,474,2003,0
108,2,9,474,2004,0
108,2,9,474,2005,0
108,2,9,474,2006,0
108,2,9,474,2007,0
108,2,9,474,2008,0
108,2,9,474,2009,0
108,2,9,474,2010,0
108,2,9,474,2011,0
108,2,9,474,2012,0
108,2,9,474,2013,0
108,2,9,474,2014,0
108,2,9,474,2015,0
108,2,9,474,2016,0
108,2,9,474,2017,0
108,2,10,474,1990,0
108,2,10,474,1991,0
108,2,10,474,1992,0
108,2,10,474,1993,0
108,2,10,474,1994,0
108,2,10,474,1995,0
108,2,10,474,1996,0
108,2,10,474,1997,0
108,2,10,474,1998,0
108,2,10,474,1999,0
108,2,10,474,2000,0
108,2,10,474,2001,0
108,2,10,474,2002,0
108,2,10,474,2003,0
108,2,10,474,2004,0
108,2,10,474,2005,0
108,2,10,474,2006,0
108,2,10,474,2007,0
108,2,10,474,2008,0
108,2,10,474,2009,0
108,2,10,474,2010,0
108,2,10,474,2011,0
108,2,10,474,2012,0
108,2,10,474,2013,0
108,2,10,474,2014,0
108,2,10,474,2015,0
108,2,10,474,2016,0
108,2,10,474,2017,0
108,2,11,474,1990,0
108,2,11,474,1991,0
108,2,11,474,1992,0.01
108,2,11,474,1993,0.01
108,2,11,474,1994,0.01
108,2,11,474,1995,0.01
108,2,11,474,1996,0.01
108,2,11,474,1997,0.01
108,2,11,474,1998,0.01
108,2,11,474,1999,0.01
108,2,11,474,2000,0.01
108,2,11,474,2001,0.01
108,2,11,474,2002,0.01
108,2,11,474,2003,0.01
108,2,11,474,2004,0.01
108,2,11,474,2005,0.01
108,2,11,474,2006,0.01
108,2,11,474,2007,0.01
108,2,11,474,2008,0.01
108,2,11,474,2009,0.01
108,2,11,474,2010,0.01
108,2,11,474,2011,0.01
108,2,11,474,2012,0.01
108,2,11,474,2013,0.01
108,2,11,474,2014,0.01
108,2,11,474,2015,0.01
108,2,11,474,2016,0.02
108,2,11,474,2017,0.02
108,2,12,474,1990,0
108,2,12,474,1991,0
108,2,12,474,1992,0.01
108,2,12,474,1993,0.01
108,2,12,474,1994,0.01
108,2,12,474,1995,0.01
108,2,12,474,1996,0.01
108,2,12,474,1997,0.01
108,2,12,474,1998,0.01
108,2,12,474,1999,0.01
108,2,12,474,2000,0.01
108,2,12,474,2001,0.01
108,2,12,474,2002,0.01
108,2,12,474,2003,0.01
108,2,12,474,2004,0.01
108,2,12,474,2005,0.01
108,2,12,474,2006,0.01
108,2,12,474,2007,0.01
108,2,12,474,2008,0.01
108,2,12,474,2009,0.01
108,2,12,474,2010,0.02
108,2,12,474,2011,0.02
108,2,12,474,2012,0.02
108,2,12,474,2013,0.02
108,2,12,474,2014,0.01
108,2,12,474,2015,0.01
108,2,12,474,2016,0.02
108,2,12,474,2017,0.02
108,2,13,474,1990,0.01
108,2,13,474,1991,0.01
108,2,13,474,1992,0.01
108,2,13,474,1993,0.01
108,2,13,474,1994,0.01
108,2,13,474,1995,0.01
108,2,13,474,1996,0.01
108,2,13,474,1997,0.01
108,2,13,474,1998,0.01
108,2,13,474,1999,0.01
108,2,13,474,2000,0.01
108,2,13,474,2001,0.02
108,2,13,474,2002,0.02
108,2,13,474,2003,0.02
108,2,13,474,2004,0.02
108,2,13,474,2005,0.02
108,2,13,474,2006,0.02
108,2,13,474,2007,0.03
108,2,13,474,2008,0.03
108,2,13,474,2009,0.03
108,2,13,474,2010,0.03
108,2,13,474,2011,0.03
108,2,13,474,2012,0.03
108,2,13,474,2013,0.03
108,2,13,474,2014,0.03
108,2,13,474,2015,0.03
108,2,13,474,2016,0.03
108,2,13,474,2017,0.03
108,2,14,474,1990,0.01
108,2,14,474,1991,0.01
108,2,14,474,1992,0.01
108,2,14,474,1993,0.01
108,2,14,474,1994,0.01
108,2,14,474,1995,0.01
108,2,14,474,1996,0.01
108,2,14,474,1997,0.02
108,2,14,474,1998,0.02
108,2,14,474,1999,0.02
108,2,14,474,2000,0.02
108,2,14,474,2001,0.02
108,2,14,474,2002,0.02
108,2,14,474,2003,0.03
108,2,14,474,2004,0.03
108,2,14,474,2005,0.03
108,2,14,474,2006,0.03
108,2,14,474,2007,0.04
108,2,14,474,2008,0.04
108,2,14,474,2009,0.04
108,2,14,474,2010,0.04
108,2,14,474,2011,0.05
108,2,14,474,2012,0.05
108,2,14,474,2013,0.05
108,2,14,474,2014,0.05
108,2,14,474,2015,0.05
108,2,14,474,2016,0.05
108,2,14,474,2017,0.05
108,2,15,474,1990,0.02
108,2,15,474,1991,0.02
108,2,15,474,1992,0.02
108,2,15,474,1993,0.02
108,2,15,474,1994,0.02
108,2,15,474,1995,0.03
108,2,15,474,1996,0.03
108,2,15,474,1997,0.03
108,2,15,474,1998,0.03
108,2,15,474,1999,0.04
108,2,15,474,2000,0.04
108,2,15,474,2001,0.05
108,2,15,474,2002,0.05
108,2,15,474,2003,0.05
108,2,15,474,2004,0.05
108,2,15,474,2005,0.06
108,2,15,474,2006,0.06
108,2,15,474,2007,0.06
108,2,15,474,2008,0.07
108,2,15,474,2009,0.08
108,2,15,474,2010,0.08
108,2,15,474,2011,0.08
108,2,15,474,2012,0.09
108,2,15,474,2013,0.1
108,2,15,474,2014,0.1
108,2,15,474,2015,0.1
108,2,15,474,2016,0.11
108,2,15,474,2017,0.11
108,2,16,474,1990,0.03
108,2,16,474,1991,0.03
108,2,16,474,1992,0.03
108,2,16,474,1993,0.03
108,2,16,474,1994,0.04
108,2,16,474,1995,0.04
108,2,16,474,1996,0.04
108,2,16,474,1997,0.04
108,2,16,474,1998,0.05
108,2,16,474,1999,0.05
108,2,16,474,2000,0.05
108,2,16,474,2001,0.06
108,2,16,474,2002,0.06
108,2,16,474,2003,0.06
108,2,16,474,2004,0.06
108,2,16,474,2005,0.07
108,2,16,474,2006,0.07
108,2,16,474,2007,0.08
108,2,16,474,2008,0.09
108,2,16,474,2009,0.09
108,2,16,474,2010,0.1
108,2,16,474,2011,0.11
108,2,16,474,2012,0.11
108,2,16,474,2013,0.13
108,2,16,474,2014,0.14
108,2,16,474,2015,0.14
108,2,16,474,2016,0.15
108,2,16,474,2017,0.16
108,2,17,474,1990,0.04
108,2,17,474,1991,0.04
108,2,17,474,1992,0.04
108,2,17,474,1993,0.04
108,2,17,474,1994,0.05
108,2,17,474,1995,0.05
108,2,17,474,1996,0.05
108,2,17,474,1997,0.06
108,2,17,474,1998,0.06
108,2,17,474,1999,0.07
108,2,17,474,2000,0.07
108,2,17,474,2001,0.07
108,2,17,474,2002,0.07
108,2,17,474,2003,0.07
108,2,17,474,2004,0.07
108,2,17,474,2005,0.07
108,2,17,474,2006,0.07
108,2,17,474,2007,0.08
108,2,17,474,2008,0.09
108,2,17,474,2009,0.09
108,2,17,474,2010,0.1
108,2,17,474,2011,0.11
108,2,17,474,2012,0.11
108,2,17,474,2013,0.12
108,2,17,474,2014,0.12
108,2,17,474,2015,0.13
108,2,17,474,2016,0.14
108,2,17,474,2017,0.15
108,2,18,474,1990,0.06
108,2,18,474,1991,0.06
108,2,18,474,1992,0.06
108,2,18,474,1993,0.06
108,2,18,474,1994,0.06
108,2,18,474,1995,0.08
108,2,18,474,1996,0.08
108,2,18,474,1997,0.09
108,2,18,474,1998,0.1
108,2,18,474,1999,0.1
108,2,18,474,2000,0.1
108,2,18,474,2001,0.1
108,2,18,474,2002,0.11
108,2,18,474,2003,0.11
108,2,18,474,2004,0.11
108,2,18,474,2005,0.11
108,2,18,474,2006,0.11
108,2,18,474,2007,0.12
108,2,18,474,2008,0.12
108,2,18,474,2009,0.11
108,2,18,474,2010,0.11
108,2,18,474,2011,0.12
108,2,18,474,2012,0.13
108,2,18,474,2013,0.13
108,2,18,474,2014,0.14
108,2,18,474,2015,0.15
108,2,18,474,2016,0.17
108,2,18,474,2017,0.18
108,2,19,474,1990,0.08
108,2,19,474,1991,0.08
108,2,19,474,1992,0.07
108,2,19,474,1993,0.08
108,2,19,474,1994,0.08
108,2,19,474,1995,0.09
108,2,19,474,1996,0.1
108,2,19,474,1997,0.1
108,2,19,474,1998,0.11
108,2,19,474,1999,0.11
108,2,19,474,2000,0.12
108,2,19,474,2001,0.12
108,2,19,474,2002,0.12
108,2,19,474,2003,0.12
108,2,19,474,2004,0.12
108,2,19,474,2005,0.13
108,2,19,474,2006,0.13
108,2,19,474,2007,0.13
108,2,19,474,2008,0.14
108,2,19,474,2009,0.14
108,2,19,474,2010,0.14
108,2,19,474,2011,0.14
108,2,19,474,2012,0.15
108,2,19,474,2013,0.16
108,2,19,474,2014,0.17
108,2,19,474,2015,0.17
108,2,19,474,2016,0.18
108,2,19,474,2017,0.19
108,2,20,474,1990,0.1
108,2,20,474,1991,0.09
108,2,20,474,1992,0.08
108,2,20,474,1993,0.09
108,2,20,474,1994,0.09
108,2,20,474,1995,0.1
108,2,20,474,1996,0.1
108,2,20,474,1997,0.1
108,2,20,474,1998,0.11
108,2,20,474,1999,0.11
108,2,20,474,2000,0.12
108,2,20,474,2001,0.12
108,2,20,474,2002,0.13
108,2,20,474,2003,0.14
108,2,20,474,2004,0.15
108,2,20,474,2005,0.15
108,2,20,474,2006,0.15
108,2,20,474,2007,0.16
108,2,20,474,2008,0.17
108,2,20,474,2009,0.17
108,2,20,474,2010,0.18
108,2,20,474,2011,0.19
108,2,20,474,2012,0.19
108,2,20,474,2013,0.19
108,2,20,474,2014,0.19
108,2,20,474,2015,0.19
108,2,20,474,2016,0.2
108,2,20,474,2017,0.2
108,2,22,474,1990,0.58
108,2,22,474,1991,0.57
108,2,22,474,1992,0.58
108,2,22,474,1993,0.61
108,2,22,474,1994,0.64
108,2,22,474,1995,0.69
108,2,22,474,1996,0.72
108,2,22,474,1997,0.75
108,2,22,474,1998,0.81
108,2,22,474,1999,0.85
108,2,22,474,2000,0.86
108,2,22,474,2001,0.89
108,2,22,474,2002,0.94
108,2,22,474,2003,0.97
108,2,22,474,2004,0.99
108,2,22,474,2005,1.02
108,2,22,474,2006,1.05
108,2,22,474,2007,1.08
108,2,22,474,2008,1.14
108,2,22,474,2009,1.18
108,2,22,474,2010,1.24
108,2,22,474,2011,1.3
108,2,22,474,2012,1.35
108,2,22,474,2013,1.39
108,2,22,474,2014,1.43
108,2,22,474,2015,1.47
108,2,22,474,2016,1.53
108,2,22,474,2017,1.61
108,2,30,474,1990,0.09
108,2,30,474,1991,0.1
108,2,30,474,1992,0.1
108,2,30,474,1993,0.1
108,2,30,474,1994,0.11
108,2,30,474,1995,0.11
108,2,30,474,1996,0.12
108,2,30,474,1997,0.12
108,2,30,474,1998,0.12
108,2,30,474,1999,0.12
108,2,30,474,2000,0.12
108,2,30,474,2001,0.12
108,2,30,474,2002,0.13
108,2,30,474,2003,0.13
108,2,30,474,2004,0.14
108,2,30,474,2005,0.15
108,2,30,474,2006,0.16
108,2,30,474,2007,0.16
108,2,30,474,2008,0.17
108,2,30,474,2009,0.18
108,2,30,474,2010,0.19
108,2,30,474,2011,0.19
108,2,30,474,2012,0.2
108,2,30,474,2013,0.2
108,2,30,474,2014,0.2
108,2,30,474,2015,0.2
108,2,30,474,2016,0.2
108,2,30,474,2017,0.21
108,2,31,474,1990,0.08
108,2,31,474,1991,0.08
108,2,31,474,1992,0.08
108,2,31,474,1993,0.09
108,2,31,474,1994,0.09
108,2,31,474,1995,0.1
108,2,31,474,1996,0.1
108,2,31,474,1997,0.1
108,2,31,474,1998,0.1
108,2,31,474,1999,0.11
108,2,31,474,2000,0.11
108,2,31,474,2001,0.11
108,2,31,474,2002,0.11
108,2,31,474,2003,0.11
108,2,31,474,2004,0.11
108,2,31,474,2005,0.11
108,2,31,474,2006,0.11
108,2,31,474,2007,0.11
108,2,31,474,2008,0.12
108,2,31,474,2009,0.12
108,2,31,474,2010,0.13
108,2,31,474,2011,0.13
108,2,31,474,2012,0.14
108,2,31,474,2013,0.14
108,2,31,474,2014,0.15
108,2,31,474,2015,0.15
108,2,31,474,2016,0.15
108,2,31,474,2017,0.16
108,2,32,474,1990,0.04
108,2,32,474,1991,0.04
108,2,32,474,1992,0.04
108,2,32,474,1993,0.05
108,2,32,474,1994,0.05
108,2,32,474,1995,0.05
108,2,32,474,1996,0.05
108,2,32,474,1997,0.05
108,2,32,474,1998,0.05
108,2,32,474,1999,0.06
108,2,32,474,2000,0.06
108,2,32,474,2001,0.06
108,2,32,474,2002,0.06
108,2,32,474,2003,0.07
108,2,32,474,2004,0.07
108,2,32,474,2005,0.07
108,2,32,474,2006,0.07
108,2,32,474,2007,0.06
108,2,32,474,2008,0.07
108,2,32,474,2009,0.07
108,2,32,474,2010,0.08
108,2,32,474,2011,0.09
108,2,32,474,2012,0.08
108,2,32,474,2013,0.08
108,2,32,474,2014,0.08
108,2,32,474,2015,0.08
108,2,32,474,2016,0.09
108,2,32,474,2017,0.09
108,2,235,474,1990,0.01
108,2,235,474,1991,0.01
108,2,235,474,1992,0.01
108,2,235,474,1993,0.01
108,2,235,474,1994,0.01
108,2,235,474,1995,0.01
108,2,235,474,1996,0.01
108,2,235,474,1997,0.01
108,2,235,474,1998,0.02
108,2,235,474,1999,0.02
108,2,235,474,2000,0.02
108,2,235,474,2001,0.02
108,2,235,474,2002,0.02
108,2,235,474,2003,0.02
108,2,235,474,2004,0.02
108,2,235,474,2005,0.02
108,2,235,474,2006,0.02
108,2,235,474,2007,0.02
108,2,235,474,2008,0.02
108,2,235,474,2009,0.02
108,2,235,474,2010,0.03
108,2,235,474,2011,0.03
108,2,235,474,2012,0.03
108,2,235,474,2013,0.03
108,2,235,474,2014,0.03
108,2,235,474,2015,0.03
108,2,235,474,2016,0.03
108,2,235,474,2017,0.03
109,2,8,474,1990,0.05
109,2,8,474,1991,0.05
109,2,8,474,1992,0.05
109,2,8,474,1993,0.04
109,2,8,474,1994,0.04
109,2,8,474,1995,0.04
109,2,8,474,1996,0.04
109,2,8,474,1997,0.04
109,2,8,474,1998,0.04
109,2,8,474,1999,0.04
109,2,8,474,2000,0.04
109,2,8,474,2001,0.04
109,2,8,474,2002,0.04
109,2,8,474,2003,0.04
109,2,8,474,2004,0.05
109,2,8,474,2005,0.05
109,2,8,474,2006,0.05
109,2,8,474,2007,0.05
109,2,8,474,2008,0.05
109,2,8,474,2009,0.04
109,2,8,474,2010,0.04
109,2,8,474,2011,0.04
109,2,8,474,2012,0.04
109,2,8,474,2013,0.04
109,2,8,474,2014,0.04
109,2,8,474,2015,0.04
109,2,8,474,2016,0.04
109,2,8,474,2017,0.04
109,2,9,474,1990,0.05
109,2,9,474,1991,0.06
109,2,9,474,1992,0.06
109,2,9,474,1993,0.06
109,2,9,474,1994,0.06
109,2,9,474,1995,0.05
109,2,9,474,1996,0.05
109,2,9,474,1997,0.05
109,2,9,474,1998,0.05
109,2,9,474,1999,0.04
109,2,9,474,2000,0.04
109,2,9,474,2001,0.04
109,2,9,474,2002,0.04
109,2,9,474,2003,0.04
109,2,9,474,2004,0.04
109,2,9,474,2005,0.04
109,2,9,474,2006,0.04
109,2,9,474,2007,0.04
109,2,9,474,2008,0.04
109,2,9,474,2009,0.04
109,2,9,474,2010,0.04
109,2,9,474,2011,0.04
109,2,9,474,2012,0.04
109,2,9,474,2013,0.04
109,2,9,474,2014,0.04
109,2,9,474,2015,0.04
109,2,9,474,2016,0.04
109,2,9,474,2017,0.04
109,2,10,474,1990,0.07
109,2,10,474,1991,0.08
109,2,10,474,1992,0.08
109,2,10,474,1993,0.07
109,2,10,474,1994,0.07
109,2,10,474,1995,0.07
109,2,10,474,1996,0.06
109,2,10,474,1997,0.06
109,2,10,474,1998,0.07
109,2,10,474,1999,0.06
109,2,10,474,2000,0.06
109,2,10,474,2001,0.05
109,2,10,474,2002,0.05
109,2,10,474,2003,0.05
109,2,10,474,2004,0.04
109,2,10,474,2005,0.04
109,2,10,474,2006,0.04
109,2,10,474,2007,0.03
109,2,10,474,2008,0.03
109,2,10,474,2009,0.03
109,2,10,474,2010,0.04
109,2,10,474,2011,0.04
109,2,10,474,2012,0.04
109,2,10,474,2013,0.04
109,2,10,474,2014,0.04
109,2,10,474,2015,0.04
109,2,10,474,2016,0.04
109,2,10,474,2017,0.04
109,2,11,474,1990,0.4
109,2,11,474,1991,0.41
109,2,11,474,1992,0.43
109,2,11,474,1993,0.46
109,2,11,474,1994,0.48
109,2,11,474,1995,0.53
109,2,11,474,1996,0.5
109,2,11,474,1997,0.49
109,2,11,474,1998,0.52
109,2,11,474,1999,0.52
109,2,11,474,2000,0.49
109,2,11,474,2001,0.49
109,2,11,474,2002,0.46
109,2,11,474,2003,0.45
109,2,11,474,2004,0.42
109,2,11,474,2005,0.4
109,2,11,474,2006,0.37
109,2,11,474,2007,0.34
109,2,11,474,2008,0.3
109,2,11,474,2009,0.27
109,2,11,474,2010,0.24
109,2,11,474,2011,0.21
109,2,11,474,2012,0.22
109,2,11,474,2013,0.22
109,2,11,474,2014,0.23
109,2,11,474,2015,0.26
109,2,11,474,2016,0.28
109,2,11,474,2017,0.28
109,2,12,474,1990,0.52
109,2,12,474,1991,0.53
109,2,12,474,1992,0.55
109,2,12,474,1993,0.54
109,2,12,474,1994,0.51
109,2,12,474,1995,0.54
109,2,12,474,1996,0.56
109,2,12,474,1997,0.58
109,2,12,474,1998,0.64
109,2,12,474,1999,0.66
109,2,12,474,2000,0.69
109,2,12,474,2001,0.76
109,2,12,474,2002,0.75
109,2,12,474,2003,0.74
109,2,12,474,2004,0.69
109,2,12,474,2005,0.7
109,2,12,474,2006,0.66
109,2,12,474,2007,0.62
109,2,12,474,2008,0.62
109,2,12,474,2009,0.58
109,2,12,474,2010,0.55
109,2,12,474,2011,0.51
109,2,12,474,2012,0.5
109,2,12,474,2013,0.44
109,2,12,474,2014,0.42
109,2,12,474,2015,0.42
109,2,12,474,2016,0.4
109,2,12,474,2017,0.38
109,2,13,474,1990,1.07
109,2,13,474,1991,1.07
109,2,13,474,1992,1.11
109,2,13,474,1993,1.12
109,2,13,474,1994,1.12
109,2,13,474,1995,1.16
109,2,13,474,1996,1.07
109,2,13,474,1997,1.03
109,2,13,474,1998,1.13
109,2,13,474,1999,1.13
109,2,13,474,2000,1.15
109,2,13,474,2001,1.24
109,2,13,474,2002,1.25
109,2,13,474,2003,1.35
109,2,13,474,2004,1.42
109,2,13,474,2005,1.5
109,2,13,474,2006,1.48
109,2,13,474,2007,1.53
109,2,13,474,2008,1.56
109,2,13,474,2009,1.48
109,2,13,474,2010,1.45
109,2,13,474,2011,1.33
109,2,13,474,2012,1.29
109,2,13,474,2013,1.33
109,2,13,474,2014,1.33
109,2,13,474,2015,1.3
109,2,13,474,2016,1.23
109,2,13,474,2017,1.15
109,2,14,474,1990,1.47
109,2,14,474,1991,1.52
109,2,14,474,1992,1.61
109,2,14,474,1993,1.61
109,2,14,474,1994,1.59
109,2,14,474,1995,1.76
109,2,14,474,1996,1.81
109,2,14,474,1997,1.84
109,2,14,474,1998,2.01
109,2,14,474,1999,1.96
109,2,14,474,2000,1.87
109,2,14,474,2001,1.99
109,2,14,474,2002,1.91
109,2,14,474,2003,1.98
109,2,14,474,2004,1.98
109,2,14,474,2005,2.01
109,2,14,474,2006,1.99
109,2,14,474,2007,2.21
109,2,14,474,2008,2.49
109,2,14,474,2009,2.64
109,2,14,474,2010,2.75
109,2,14,474,2011,2.65
109,2,14,474,2012,2.72
109,2,14,474,2013,2.67
109,2,14,474,2014,2.64
109,2,14,474,2015,2.7
109,2,14,474,2016,2.69
109,2,14,474,2017,2.66
109,2,15,474,1990,2.77
109,2,15,474,1991,2.87
109,2,15,474,1992,2.89
109,2,15,474,1993,2.91
109,2,15,474,1994,3
109,2,15,474,1995,3.27
109,2,15,474,1996,3.22
109,2,15,474,1997,3.25
109,2,15,474,1998,3.66
109,2,15,474,1999,3.76
109,2,15,474,2000,3.76
109,2,15,474,2001,3.93
109,2,15,474,2002,3.79
109,2,15,474,2003,4.1
109,2,15,474,2004,4.2
109,2,15,474,2005,4.31
109,2,15,474,2006,4.28
109,2,15,474,2007,4.41
109,2,15,474,2008,4.63
109,2,15,474,2009,4.46
109,2,15,474,2010,4.45
109,2,15,474,2011,4.43
109,2,15,474,2012,5.03
109,2,15,474,2013,5.43
109,2,15,474,2014,5.56
109,2,15,474,2015,6.04
109,2,15,474,2016,6.42
109,2,15,474,2017,6.51
109,2,16,474,1990,4.18
109,2,16,474,1991,4.28
109,2,16,474,1992,4.33
109,2,16,474,1993,4.4
109,2,16,474,1994,4.42
109,2,16,474,1995,4.91
109,2,16,474,1996,5.11
109,2,16,474,1997,5.39
109,2,16,474,1998,5.89
109,2,16,474,1999,6.11
109,2,16,474,2000,6.37
109,2,16,474,2001,6.89
109,2,16,474,2002,6.87
109,2,16,474,2003,7.32
109,2,16,474,2004,7.48
109,2,16,474,2005,7.62
109,2,16,474,2006,7.52
109,2,16,474,2007,7.81
109,2,16,474,2008,8.43
109,2,16,474,2009,8.18
109,2,16,474,2010,8.09
109,2,16,474,2011,7.97
109,2,16,474,2012,8.33
109,2,16,474,2013,8.3
109,2,16,474,2014,8.27
109,2,16,474,2015,8.7
109,2,16,474,2016,9.12
109,2,16,474,2017,9.76
109,2,17,474,1990,6.02
109,2,17,474,1991,6.32
109,2,17,474,1992,6.43
109,2,17,474,1993,6.54
109,2,17,474,1994,6.52
109,2,17,474,1995,6.93
109,2,17,474,1996,6.51
109,2,17,474,1997,6.7
109,2,17,474,1998,7.19
109,2,17,474,1999,7.61
109,2,17,474,2000,7.63
109,2,17,474,2001,8.56
109,2,17,474,2002,8.32
109,2,17,474,2003,9.07
109,2,17,474,2004,9.48
109,2,17,474,2005,9.98
109,2,17,474,2006,10.06
109,2,17,474,2007,10.73
109,2,17,474,2008,11.74
109,2,17,474,2009,11.88
109,2,17,474,2010,12.45
109,2,17,474,2011,12.21
109,2,17,474,2012,12.76
109,2,17,474,2013,13.29
109,2,17,474,2014,13.59
109,2,17,474,2015,14.23
109,2,17,474,2016,14.33
109,2,17,474,2017,14.11
109,2,18,474,1990,8.84
109,2,18,474,1991,9.01
109,2,18,474,1992,9.12
109,2,18,474,1993,9.32
109,2,18,474,1994,8.94
109,2,18,474,1995,9.46
109,2,18,474,1996,9.36
109,2,18,474,1997,9.16
109,2,18,474,1998,9.98
109,2,18,474,1999,10.68
109,2,18,474,2000,10.72
109,2,18,474,2001,11.6
109,2,18,474,2002,11.71
109,2,18,474,2003,12.64
109,2,18,474,2004,12.92
109,2,18,474,2005,13.4
109,2,18,474,2006,14.01
109,2,18,474,2007,14.53
109,2,18,474,2008,15.25
109,2,18,474,2009,15.59
109,2,18,474,2010,16.34
109,2,18,474,2011,15.95
109,2,18,474,2012,16.92
109,2,18,474,2013,18.32
109,2,18,474,2014,19.18
109,2,18,474,2015,20.4
109,2,18,474,2016,20.09
109,2,18,474,2017,19.79
109,2,19,474,1990,12.28
109,2,19,474,1991,12.27
109,2,19,474,1992,12.78
109,2,19,474,1993,12.73
109,2,19,474,1994,12.2
109,2,19,474,1995,12.43
109,2,19,474,1996,12.18
109,2,19,474,1997,11.93
109,2,19,474,1998,12.82
109,2,19,474,1999,14.01
109,2,19,474,2000,13.95
109,2,19,474,2001,14.86
109,2,19,474,2002,14.18
109,2,19,474,2003,15.78
109,2,19,474,2004,16.6
109,2,19,474,2005,17.16
109,2,19,474,2006,17.52
109,2,19,474,2007,18.44
109,2,19,474,2008,19.56
109,2,19,474,2009,20.57
109,2,19,474,2010,22.06
109,2,19,474,2011,21.96
109,2,19,474,2012,22.76
109,2,19,474,2013,24.18
109,2,19,474,2014,25.19
109,2,19,474,2015,27.04
109,2,19,474,2016,26.86
109,2,19,474,2017,27.09
109,2,20,474,1990,17.21
109,2,20,474,1991,17.22
109,2,20,474,1992,18
109,2,20,474,1993,17.86
109,2,20,474,1994,16.97
109,2,20,474,1995,17.72
109,2,20,474,1996,17.7
109,2,20,474,1997,16.96
109,2,20,474,1998,17.15
109,2,20,474,1999,18.31
109,2,20,474,2000,17.92
109,2,20,474,2001,18.77
109,2,20,474,2002,18.1
109,2,20,474,2003,19.5
109,2,20,474,2004,20.53
109,2,20,474,2005,21.55
109,2,20,474,2006,21.14
109,2,20,474,2007,22.25
109,2,20,474,2008,23.2
109,2,20,474,2009,23.91
109,2,20,474,2010,24.75
109,2,20,474,2011,24.22
109,2,20,474,2012,24.88
109,2,20,474,2013,26.01
109,2,20,474,2014,26.2
109,2,20,474,2015,27.7
109,2,20,474,2016,29.17
109,2,20,474,2017,29.6
109,2,22,474,1990,86.69
109,2,22,474,1991,90.32
109,2,22,474,1992,95.49
109,2,22,474,1993,97.11
109,2,22,474,1994,95.79
109,2,22,474,1995,101.35
109,2,22,474,1996,100
109,2,22,474,1997,98.4
109,2,22,474,1998,105.35
109,2,22,474,1999,110.69
109,2,22,474,2000,110.69
109,2,22,474,2001,118.62
109,2,22,474,2002,117.38
109,2,22,474,2003,127.45
109,2,22,474,2004,133.48
109,2,22,474,2005,139.51
109,2,22,474,2006,139.66
109,2,22,474,2007,146.46
109,2,22,474,2008,154.91
109,2,22,474,2009,157.28
109,2,22,474,2010,163.12
109,2,22,474,2011,161.69
109,2,22,474,2012,167.41
109,2,22,474,2013,174.76
109,2,22,474,2014,180.24
109,2,22,474,2015,189.16
109,2,22,474,2016,192.75
109,2,22,474,2017,194.05
109,2,30,474,1990,16.4
109,2,30,474,1991,17.18
109,2,30,474,1992,18.57
109,2,30,474,1993,19.05
109,2,30,474,1994,18.72
109,2,30,474,1995,19.74
109,2,30,474,1996,19.25
109,2,30,474,1997,18.36
109,2,30,474,1998,19.43
109,2,30,474,1999,20.21
109,2,30,474,2000,20.79
109,2,30,474,2001,21.72
109,2,30,474,2002,21.63
109,2,30,474,2003,22.94
109,2,30,474,2004,23.7
109,2,30,474,2005,24.66
109,2,30,474,2006,24.35
109,2,30,474,2007,25.62
109,2,30,474,2008,26.61
109,2,30,474,2009,26.85
109,2,30,474,2010,27.95
109,2,30,474,2011,28.03
109,2,30,474,2012,28.52
109,2,30,474,2013,29.88
109,2,30,474,2014,31.42
109,2,30,474,2015,32.38
109,2,30,474,2016,32.65
109,2,30,474,2017,33.55
109,2,31,474,1990,10.51
109,2,31,474,1991,12.1
109,2,31,474,1992,13.45
109,2,31,474,1993,13.88
109,2,31,474,1994,13.87
109,2,31,474,1995,14.33
109,2,31,474,1996,13.82
109,2,31,474,1997,13.74
109,2,31,474,1998,15.01
109,2,31,474,1999,15.21
109,2,31,474,2000,14.6
109,2,31,474,2001,15.59
109,2,31,474,2002,15.7
109,2,31,474,2003,16.85
109,2,31,474,2004,17.81
109,2,31,474,2005,19.19
109,2,31,474,2006,19.57
109,2,31,474,2007,20
109,2,31,474,2008,21.06
109,2,31,474,2009,21.15
109,2,31,474,2010,21.46
109,2,31,474,2011,21.42
109,2,31,474,2012,22.1
109,2,31,474,2013,22.69
109,2,31,474,2014,23.43
109,2,31,474,2015,24.49
109,2,31,474,2016,25.37
109,2,31,474,2017,24.96
109,2,32,474,1990,4.2
109,2,32,474,1991,4.53
109,2,32,474,1992,5.02
109,2,32,474,1993,5.35
109,2,32,474,1994,6.03
109,2,32,474,1995,7.01
109,2,32,474,1996,7.36
109,2,32,474,1997,7.37
109,2,32,474,1998,8.08
109,2,32,474,1999,8.35
109,2,32,474,2000,8.28
109,2,32,474,2001,9.32
109,2,32,474,2002,9.68
109,2,32,474,2003,11.24
109,2,32,474,2004,12.41
109,2,32,474,2005,13.06
109,2,32,474,2006,12.91
109,2,32,474,2007,13.59
109,2,32,474,2008,14.57
109,2,32,474,2009,14.64
109,2,32,474,2010,15.09
109,2,32,474,2011,15.11
109,2,32,474,2012,15.4
109,2,32,474,2013,15.61
109,2,32,474,2014,16.01
109,2,32,474,2015,16.34
109,2,32,474,2016,16.75
109,2,32,474,2017,16.78
109,2,235,474,1990,0.65
109,2,235,474,1991,0.84
109,2,235,474,1992,1.03
109,2,235,474,1993,1.18
109,2,235,474,1994,1.25
109,2,235,474,1995,1.41
109,2,235,474,1996,1.41
109,2,235,474,1997,1.44
109,2,235,474,1998,1.67
109,2,235,474,1999,2.02
109,2,235,474,2000,2.34
109,2,235,474,2001,2.76
109,2,235,474,2002,2.89
109,2,235,474,2003,3.36
109,2,235,474,2004,3.7
109,2,235,474,2005,3.84
109,2,235,474,2006,3.68
109,2,235,474,2007,4.24
109,2,235,474,2008,4.78
109,2,235,474,2009,4.97
109,2,235,474,2010,5.37
109,2,235,474,2011,5.56
109,2,235,474,2012,5.86
109,2,235,474,2013,6.27
109,2,235,474,2014,6.66
109,2,235,474,2015,7.02
109,2,235,474,2016,7.27
109,2,235,474,2017,7.32
110,2,8,474,1990,0
110,2,8,474,1991,0
110,2,8,474,1992,0
110,2,8,474,1993,0
110,2,8,474,1994,0
110,2,8,474,1995,0
110,2,8,474,1996,0
110,2,8,474,1997,0
110,2,8,474,1998,0
110,2,8,474,1999,0
110,2,8,474,2000,0
110,2,8,474,2001,0
110,2,8,474,2002,0
110,2,8,474,2003,0
110,2,8,474,2004,0
110,2,8,474,2005,0
110,2,8,474,2006,0
110,2,8,474,2007,0
110,2,8,474,2008,0
110,2,8,474,2009,0
110,2,8,474,2010,0
110,2,8,474,2011,0
110,2,8,474,2012,0
110,2,8,474,2013,0
110,2,8,474,2014,0
110,2,8,474,2015,0
110,2,8,474,2016,0
110,2,8,474,2017,0
110,2,9,474,1990,0
110,2,9,474,1991,0
110,2,9,474,1992,0
110,2,9,474,1993,0
110,2,9,474,1994,0
110,2,9,474,1995,0
110,2,9,474,1996,0
110,2,9,474,1997,0
110,2,9,474,1998,0
110,2,9,474,1999,0
110,2,9,474,2000,0
110,2,9,474,2001,0
110,2,9,474,2002,0
110,2,9,474,2003,0
110,2,9,474,2004,0
110,2,9,474,2005,0
110,2,9,474,2006,0
110,2,9,474,2007,0
110,2,9,474,2008,0
110,2,9,474,2009,0
110,2,9,474,2010,0
110,2,9,474,2011,0
110,2,9,474,2012,0
110,2,9,474,2013,0
110,2,9,474,2014,0
110,2,9,474,2015,0
110,2,9,474,2016,0
110,2,9,474,2017,0
110,2,10,474,1990,0
110,2,10,474,1991,0
110,2,10,474,1992,0
110,2,10,474,1993,0
110,2,10,474,1994,0
110,2,10,474,1995,0
110,2,10,474,1996,0
110,2,10,474,1997,0
110,2,10,474,1998,0
110,2,10,474,1999,0
110,2,10,474,2000,0
110,2,10,474,2001,0
110,2,10,474,2002,0
110,2,10,474,2003,0
110,2,10,474,2004,0
110,2,10,474,2005,0
110,2,10,474,2006,0
110,2,10,474,2007,0
110,2,10,474,2008,0
110,2,10,474,2009,0
110,2,10,474,2010,0
110,2,10,474,2011,0
110,2,10,474,2012,0
110,2,10,474,2013,0
110,2,10,474,2014,0
110,2,10,474,2015,0
110,2,10,474,2016,0
110,2,10,474,2017,0
110,2,11,474,1990,0
110,2,11,474,1991,0
110,2,11,474,1992,0
110,2,11,474,1993,0
110,2,11,474,1994,0
110,2,11,474,1995,0
110,2,11,474,1996,0
110,2,11,474,1997,0
110,2,11,474,1998,0.01
110,2,11,474,1999,0.01
110,2,11,474,2000,0.01
110,2,11,474,2001,0.01
110,2,11,474,2002,0.01
110,2,11,474,2003,0
110,2,11,474,2004,0
110,2,11,474,2005,0
110,2,11,474,2006,0
110,2,11,474,2007,0
110,2,11,474,2008,0
110,2,11,474,2009,0
110,2,11,474,2010,0
110,2,11,474,2011,0
110,2,11,474,2012,0
110,2,11,474,2013,0
110,2,11,474,2014,0.01
110,2,11,474,2015,0.01
110,2,11,474,2016,0.01
110,2,11,474,2017,0.01
110,2,12,474,1990,0
110,2,12,474,1991,0
110,2,12,474,1992,0
110,2,12,474,1993,0
110,2,12,474,1994,0
110,2,12,474,1995,0
110,2,12,474,1996,0
110,2,12,474,1997,0
110,2,12,474,1998,0
110,2,12,474,1999,0
110,2,12,474,2000,0
110,2,12,474,2001,0
110,2,12,474,2002,0
110,2,12,474,2003,0
110,2,12,474,2004,0
110,2,12,474,2005,0
110,2,12,474,2006,0
110,2,12,474,2007,0
110,2,12,474,2008,0
110,2,12,474,2009,0
110,2,12,474,2010,0
110,2,12,474,2011,0
110,2,12,474,2012,0
110,2,12,474,2013,0
110,2,12,474,2014,0
110,2,12,474,2015,0
110,2,12,474,2016,0
110,2,12,474,2017,0
110,2,13,474,1990,0.01
110,2,13,474,1991,0.01
110,2,13,474,1992,0.01
110,2,13,474,1993,0.01
110,2,13,474,1994,0.01
110,2,13,474,1995,0.01
110,2,13,474,1996,0.01
110,2,13,474,1997,0.01
110,2,13,474,1998,0.01
110,2,13,474,1999,0.01
110,2,13,474,2000,0.01
110,2,13,474,2001,0.01
110,2,13,474,2002,0.01
110,2,13,474,2003,0.01
110,2,13,474,2004,0.01
110,2,13,474,2005,0.01
110,2,13,474,2006,0.01
110,2,13,474,2007,0.01
110,2,13,474,2008,0.01
110,2,13,474,2009,0.01
110,2,13,474,2010,0.01
110,2,13,474,2011,0.01
110,2,13,474,2012,0.01
110,2,13,474,2013,0.01
110,2,13,474,2014,0.01
110,2,13,474,2015,0.01
110,2,13,474,2016,0.01
110,2,13,474,2017,0.01
110,2,14,474,1990,0.01
110,2,14,474,1991,0.01
110,2,14,474,1992,0.01
110,2,14,474,1993,0.01
110,2,14,474,1994,0.01
110,2,14,474,1995,0.01
110,2,14,474,1996,0.01
110,2,14,474,1997,0.01
110,2,14,474,1998,0.01
110,2,14,474,1999,0.01
110,2,14,474,2000,0.01
110,2,14,474,2001,0.01
110,2,14,474,2002,0.01
110,2,14,474,2003,0.01
110,2,14,474,2004,0.01
110,2,14,474,2005,0.01
110,2,14,474,2006,0.01
110,2,14,474,2007,0.01
110,2,14,474,2008,0.01
110,2,14,474,2009,0.02
110,2,14,474,2010,0.02
110,2,14,474,2011,0.02
110,2,14,474,2012,0.02
110,2,14,474,2013,0.02
110,2,14,474,2014,0.02
110,2,14,474,2015,0.02
110,2,14,474,2016,0.02
110,2,14,474,2017,0.02
110,2,15,474,1990,0.02
110,2,15,474,1991,0.02
110,2,15,474,1992,0.02
110,2,15,474,1993,0.02
110,2,15,474,1994,0.02
110,2,15,474,1995,0.02
110,2,15,474,1996,0.02
110,2,15,474,1997,0.02
110,2,15,474,1998,0.02
110,2,15,474,1999,0.02
110,2,15,474,2000,0.02
110,2,15,474,2001,0.02
110,2,15,474,2002,0.02
110,2,15,474,2003,0.02
110,2,15,474,2004,0.02
110,2,15,474,2005,0.02
110,2,15,474,2006,0.02
110,2,15,474,2007,0.02
110,2,15,474,2008,0.02
110,2,15,474,2009,0.02
110,2,15,474,2010,0.02
110,2,15,474,2011,0.02
110,2,15,474,2012,0.03
110,2,15,474,2013,0.03
110,2,15,474,2014,0.03
110,2,15,474,2015,0.03
110,2,15,474,2016,0.03
110,2,15,474,2017,0.03
110,2,16,474,1990,0.04
110,2,16,474,1991,0.03
110,2,16,474,1992,0.03
110,2,16,474,1993,0.03
110,2,16,474,1994,0.03
110,2,16,474,1995,0.03
110,2,16,474,1996,0.03
110,2,16,474,1997,0.03
110,2,16,474,1998,0.03
110,2,16,474,1999,0.03
110,2,16,474,2000,0.03
110,2,16,474,2001,0.03
110,2,16,474,2002,0.03
110,2,16,474,2003,0.03
110,2,16,474,2004,0.03
110,2,16,474,2005,0.03
110,2,16,474,2006,0.03
110,2,16,474,2007,0.03
110,2,16,474,2008,0.03
110,2,16,474,2009,0.03
110,2,16,474,2010,0.03
110,2,16,474,2011,0.04
110,2,16,474,2012,0.04
110,2,16,474,2013,0.04
110,2,16,474,2014,0.04
110,2,16,474,2015,0.04
110,2,16,474,2016,0.05
110,2,16,474,2017,0.05
110,2,17,474,1990,0.07
110,2,17,474,1991,0.07
110,2,17,474,1992,0.07
110,2,17,474,1993,0.07
110,2,17,474,1994,0.06
110,2,17,474,1995,0.06
110,2,17,474,1996,0.06
110,2,17,474,1997,0.06
110,2,17,474,1998,0.06
110,2,17,474,1999,0.06
110,2,17,474,2000,0.06
110,2,17,474,2001,0.05
110,2,17,474,2002,0.05
110,2,17,474,2003,0.05
110,2,17,474,2004,0.06
110,2,17,474,2005,0.05
110,2,17,474,2006,0.05
110,2,17,474,2007,0.06
110,2,17,474,2008,0.06
110,2,17,474,2009,0.06
110,2,17,474,2010,0.06
110,2,17,474,2011,0.06
110,2,17,474,2012,0.07
110,2,17,474,2013,0.07
110,2,17,474,2014,0.07
110,2,17,474,2015,0.08
110,2,17,474,2016,0.08
110,2,17,474,2017,0.08
110,2,18,474,1990,0.09
110,2,18,474,1991,0.1
110,2,18,474,1992,0.1
110,2,18,474,1993,0.1
110,2,18,474,1994,0.1
110,2,18,474,1995,0.1
110,2,18,474,1996,0.1
110,2,18,474,1997,0.1
110,2,18,474,1998,0.09
110,2,18,474,1999,0.09
110,2,18,474,2000,0.09
110,2,18,474,2001,0.08
110,2,18,474,2002,0.08
110,2,18,474,2003,0.09
110,2,18,474,2004,0.09
110,2,18,474,2005,0.09
110,2,18,474,2006,0.09
110,2,18,474,2007,0.09
110,2,18,474,2008,0.09
110,2,18,474,2009,0.09
110,2,18,474,2010,0.09
110,2,18,474,2011,0.1
110,2,18,474,2012,0.1
110,2,18,474,2013,0.1
110,2,18,474,2014,0.1
110,2,18,474,2015,0.1
110,2,18,474,2016,0.11
110,2,18,474,2017,0.11
110,2,19,474,1990,0.13
110,2,19,474,1991,0.12
110,2,19,474,1992,0.13
110,2,19,474,1993,0.12
110,2,19,474,1994,0.12
110,2,19,474,1995,0.13
110,2,19,474,1996,0.13
110,2,19,474,1997,0.13
110,2,19,474,1998,0.13
110,2,19,474,1999,0.13
110,2,19,474,2000,0.13
110,2,19,474,2001,0.13
110,2,19,474,2002,0.13
110,2,19,474,2003,0.13
110,2,19,474,2004,0.12
110,2,19,474,2005,0.12
110,2,19,474,2006,0.13
110,2,19,474,2007,0.13
110,2,19,474,2008,0.13
110,2,19,474,2009,0.14
110,2,19,474,2010,0.14
110,2,19,474,2011,0.15
110,2,19,474,2012,0.15
110,2,19,474,2013,0.15
110,2,19,474,2014,0.15
110,2,19,474,2015,0.15
110,2,19,474,2016,0.15
110,2,19,474,2017,0.15
110,2,20,474,1990,0.18
110,2,20,474,1991,0.18
110,2,20,474,1992,0.19
110,2,20,474,1993,0.18
110,2,20,474,1994,0.18
110,2,20,474,1995,0.18
110,2,20,474,1996,0.18
110,2,20,474,1997,0.17
110,2,20,474,1998,0.17
110,2,20,474,1999,0.18
110,2,20,474,2000,0.18
110,2,20,474,2001,0.18
110,2,20,474,2002,0.18
110,2,20,474,2003,0.19
110,2,20,474,2004,0.19
110,2,20,474,2005,0.19
110,2,20,474,2006,0.19
110,2,20,474,2007,0.19
110,2,20,474,2008,0.2
110,2,20,474,2009,0.21
110,2,20,474,2010,0.22
110,2,20,474,2011,0.22
110,2,20,474,2012,0.23
110,2,20,474,2013,0.24
110,2,20,474,2014,0.24
110,2,20,474,2015,0.25
110,2,20,474,2016,0.25
110,2,20,474,2017,0.25
110,2,22,474,1990,1
110,2,22,474,1991,1.02
110,2,22,474,1992,1.03
110,2,22,474,1993,1.03
110,2,22,474,1994,1.03
110,2,22,474,1995,1.05
110,2,22,474,1996,1.04
110,2,22,474,1997,1.04
110,2,22,474,1998,1.06
110,2,22,474,1999,1.07
110,2,22,474,2000,1.05
110,2,22,474,2001,1.05
110,2,22,474,2002,1.06
110,2,22,474,2003,1.07
110,2,22,474,2004,1.07
110,2,22,474,2005,1.08
110,2,22,474,2006,1.1
110,2,22,474,2007,1.13
110,2,22,474,2008,1.16
110,2,22,474,2009,1.19
110,2,22,474,2010,1.24
110,2,22,474,2011,1.28
110,2,22,474,2012,1.31
110,2,22,474,2013,1.35
110,2,22,474,2014,1.38
110,2,22,474,2015,1.42
110,2,22,474,2016,1.43
110,2,22,474,2017,1.45
110,2,30,474,1990,0.22
110,2,30,474,1991,0.22
110,2,30,474,1992,0.22
110,2,30,474,1993,0.22
110,2,30,474,1994,0.22
110,2,30,474,1995,0.22
110,2,30,474,1996,0.22
110,2,30,474,1997,0.22
110,2,30,474,1998,0.23
110,2,30,474,1999,0.23
110,2,30,474,2000,0.22
110,2,30,474,2001,0.22
110,2,30,474,2002,0.21
110,2,30,474,2003,0.21
110,2,30,474,2004,0.21
110,2,30,474,2005,0.22
110,2,30,474,2006,0.23
110,2,30,474,2007,0.24
110,2,30,474,2008,0.25
110,2,30,474,2009,0.26
110,2,30,474,2010,0.27
110,2,30,474,2011,0.28
110,2,30,474,2012,0.28
110,2,30,474,2013,0.29
110,2,30,474,2014,0.29
110,2,30,474,2015,0.3
110,2,30,474,2016,0.3
110,2,30,474,2017,0.31
110,2,31,474,1990,0.15
110,2,31,474,1991,0.15
110,2,31,474,1992,0.16
110,2,31,474,1993,0.16
110,2,31,474,1994,0.16
110,2,31,474,1995,0.17
110,2,31,474,1996,0.17
110,2,31,474,1997,0.17
110,2,31,474,1998,0.17
110,2,31,474,1999,0.18
110,2,31,474,2000,0.17
110,2,31,474,2001,0.18
110,2,31,474,2002,0.18
110,2,31,474,2003,0.18
110,2,31,474,2004,0.17
110,2,31,474,2005,0.17
110,2,31,474,2006,0.17
110,2,31,474,2007,0.17
110,2,31,474,2008,0.18
110,2,31,474,2009,0.19
110,2,31,474,2010,0.2
110,2,31,474,2011,0.21
110,2,31,474,2012,0.22
110,2,31,474,2013,0.22
110,2,31,474,2014,0.23
110,2,31,474,2015,0.23
110,2,31,474,2016,0.23
110,2,31,474,2017,0.24
110,2,32,474,1990,0.07
110,2,32,474,1991,0.07
110,2,32,474,1992,0.07
110,2,32,474,1993,0.07
110,2,32,474,1994,0.08
110,2,32,474,1995,0.08
110,2,32,474,1996,0.09
110,2,32,474,1997,0.09
110,2,32,474,1998,0.1
110,2,32,474,1999,0.1
110,2,32,474,2000,0.1
110,2,32,474,2001,0.1
110,2,32,474,2002,0.11
110,2,32,474,2003,0.11
110,2,32,474,2004,0.11
110,2,32,474,2005,0.11
110,2,32,474,2006,0.11
110,2,32,474,2007,0.11
110,2,32,474,2008,0.12
110,2,32,474,2009,0.12
110,2,32,474,2010,0.12
110,2,32,474,2011,0.12
110,2,32,474,2012,0.12
110,2,32,474,2013,0.13
110,2,32,474,2014,0.13
110,2,32,474,2015,0.14
110,2,32,474,2016,0.15
110,2,32,474,2017,0.15
110,2,235,474,1990,0.02
110,2,235,474,1991,0.02
110,2,235,474,1992,0.02
110,2,235,474,1993,0.02
110,2,235,474,1994,0.02
110,2,235,474,1995,0.02
110,2,235,474,1996,0.02
110,2,235,474,1997,0.02
110,2,235,474,1998,0.03
110,2,235,474,1999,0.03
110,2,235,474,2000,0.03
110,2,235,474,2001,0.03
110,2,235,474,2002,0.03
110,2,235,474,2003,0.04
110,2,235,474,2004,0.04
110,2,235,474,2005,0.04
110,2,235,474,2006,0.04
110,2,235,474,2007,0.04
110,2,235,474,2008,0.04
110,2,235,474,2009,0.04
110,2,235,474,2010,0.04
110,2,235,474,2011,0.04
110,2,235,474,2012,0.04
110,2,235,474,2013,0.04
110,2,235,474,2014,0.04
110,2,235,474,2015,0.04
110,2,235,474,2016,0.05
110,2,235,474,2017,0.05
111,2,8,474,1990,0.04
111,2,8,474,1991,0.04
111,2,8,474,1992,0.05
111,2,8,474,1993,0.04
111,2,8,474,1994,0.05
111,2,8,474,1995,0.05
111,2,8,474,1996,0.05
111,2,8,474,1997,0.05
111,2,8,474,1998,0.05
111,2,8,474,1999,0.05
111,2,8,474,2000,0.05
111,2,8,474,2001,0.05
111,2,8,474,2002,0.05
111,2,8,474,2003,0.05
111,2,8,474,2004,0.05
111,2,8,474,2005,0.06
111,2,8,474,2006,0.05
111,2,8,474,2007,0.06
111,2,8,474,2008,0.06
111,2,8,474,2009,0.06
111,2,8,474,2010,0.06
111,2,8,474,2011,0.06
111,2,8,474,2012,0.06
111,2,8,474,2013,0.06
111,2,8,474,2014,0.06
111,2,8,474,2015,0.06
111,2,8,474,2016,0.06
111,2,8,474,2017,0.06
111,2,9,474,1990,0.09
111,2,9,474,1991,0.08
111,2,9,474,1992,0.08
111,2,9,474,1993,0.07
111,2,9,474,1994,0.07
111,2,9,474,1995,0.07
111,2,9,474,1996,0.07
111,2,9,474,1997,0.07
111,2,9,474,1998,0.07
111,2,9,474,1999,0.07
111,2,9,474,2000,0.05
111,2,9,474,2001,0.05
111,2,9,474,2002,0.05
111,2,9,474,2003,0.05
111,2,9,474,2004,0.05
111,2,9,474,2005,0.05
111,2,9,474,2006,0.05
111,2,9,474,2007,0.05
111,2,9,474,2008,0.05
111,2,9,474,2009,0.06
111,2,9,474,2010,0.06
111,2,9,474,2011,0.06
111,2,9,474,2012,0.07
111,2,9,474,2013,0.07
111,2,9,474,2014,0.07
111,2,9,474,2015,0.07
111,2,9,474,2016,0.07
111,2,9,474,2017,0.07
111,2,10,474,1990,0.05
111,2,10,474,1991,0.05
111,2,10,474,1992,0.06
111,2,10,474,1993,0.05
111,2,10,474,1994,0.06
111,2,10,474,1995,0.06
111,2,10,474,1996,0.05
111,2,10,474,1997,0.06
111,2,10,474,1998,0.06
111,2,10,474,1999,0.05
111,2,10,474,2000,0.05
111,2,10,474,2001,0.04
111,2,10,474,2002,0.04
111,2,10,474,2003,0.04
111,2,10,474,2004,0.05
111,2,10,474,2005,0.05
111,2,10,474,2006,0.04
111,2,10,474,2007,0.05
111,2,10,474,2008,0.05
111,2,10,474,2009,0.05
111,2,10,474,2010,0.05
111,2,10,474,2011,0.05
111,2,10,474,2012,0.05
111,2,10,474,2013,0.06
111,2,10,474,2014,0.06
111,2,10,474,2015,0.06
111,2,10,474,2016,0.06
111,2,10,474,2017,0.06
111,2,11,474,1990,0.09
111,2,11,474,1991,0.09
111,2,11,474,1992,0.1
111,2,11,474,1993,0.1
111,2,11,474,1994,0.11
111,2,11,474,1995,0.11
111,2,11,474,1996,0.12
111,2,11,474,1997,0.12
111,2,11,474,1998,0.12
111,2,11,474,1999,0.11
111,2,11,474,2000,0.1
111,2,11,474,2001,0.08
111,2,11,474,2002,0.08
111,2,11,474,2003,0.07
111,2,11,474,2004,0.08
111,2,11,474,2005,0.08
111,2,11,474,2006,0.09
111,2,11,474,2007,0.09
111,2,11,474,2008,0.1
111,2,11,474,2009,0.1
111,2,11,474,2010,0.1
111,2,11,474,2011,0.1
111,2,11,474,2012,0.12
111,2,11,474,2013,0.12
111,2,11,474,2014,0.13
111,2,11,474,2015,0.14
111,2,11,474,2016,0.15
111,2,11,474,2017,0.15
111,2,12,474,1990,0.2
111,2,12,474,1991,0.2
111,2,12,474,1992,0.21
111,2,12,474,1993,0.21
111,2,12,474,1994,0.23
111,2,12,474,1995,0.24
111,2,12,474,1996,0.23
111,2,12,474,1997,0.24
111,2,12,474,1998,0.24
111,2,12,474,1999,0.24
111,2,12,474,2000,0.21
111,2,12,474,2001,0.19
111,2,12,474,2002,0.18
111,2,12,474,2003,0.18
111,2,12,474,2004,0.18
111,2,12,474,2005,0.19
111,2,12,474,2006,0.2
111,2,12,474,2007,0.22
111,2,12,474,2008,0.23
111,2,12,474,2009,0.23
111,2,12,474,2010,0.23
111,2,12,474,2011,0.23
111,2,12,474,2012,0.25
111,2,12,474,2013,0.27
111,2,12,474,2014,0.29
111,2,12,474,2015,0.3
111,2,12,474,2016,0.3
111,2,12,474,2017,0.3
111,2,13,474,1990,0.22
111,2,13,474,1991,0.24
111,2,13,474,1992,0.25
111,2,13,474,1993,0.25
111,2,13,474,1994,0.27
111,2,13,474,1995,0.28
111,2,13,474,1996,0.29
111,2,13,474,1997,0.3
111,2,13,474,1998,0.3
111,2,13,474,1999,0.31
111,2,13,474,2000,0.28
111,2,13,474,2001,0.28
111,2,13,474,2002,0.27
111,2,13,474,2003,0.28
111,2,13,474,2004,0.3
111,2,13,474,2005,0.32
111,2,13,474,2006,0.33
111,2,13,474,2007,0.35
111,2,13,474,2008,0.36
111,2,13,474,2009,0.36
111,2,13,474,2010,0.36
111,2,13,474,2011,0.36
111,2,13,474,2012,0.39
111,2,13,474,2013,0.41
111,2,13,474,2014,0.44
111,2,13,474,2015,0.46
111,2,13,474,2016,0.47
111,2,13,474,2017,0.47
111,2,14,474,1990,0.36
111,2,14,474,1991,0.38
111,2,14,474,1992,0.4
111,2,14,474,1993,0.4
111,2,14,474,1994,0.43
111,2,14,474,1995,0.44
111,2,14,474,1996,0.45
111,2,14,474,1997,0.47
111,2,14,474,1998,0.48
111,2,14,474,1999,0.48
111,2,14,474,2000,0.45
111,2,14,474,2001,0.43
111,2,14,474,2002,0.42
111,2,14,474,2003,0.43
111,2,14,474,2004,0.45
111,2,14,474,2005,0.48
111,2,14,474,2006,0.51
111,2,14,474,2007,0.55
111,2,14,474,2008,0.56
111,2,14,474,2009,0.57
111,2,14,474,2010,0.58
111,2,14,474,2011,0.59
111,2,14,474,2012,0.64
111,2,14,474,2013,0.68
111,2,14,474,2014,0.72
111,2,14,474,2015,0.75
111,2,14,474,2016,0.77
111,2,14,474,2017,0.77
111,2,15,474,1990,0.94
111,2,15,474,1991,0.93
111,2,15,474,1992,0.91
111,2,15,474,1993,0.88
111,2,15,474,1994,0.9
111,2,15,474,1995,0.94
111,2,15,474,1996,1.01
111,2,15,474,1997,1.04
111,2,15,474,1998,1.06
111,2,15,474,1999,1.06
111,2,15,474,2000,0.94
111,2,15,474,2001,0.89
111,2,15,474,2002,0.87
111,2,15,474,2003,0.87
111,2,15,474,2004,0.9
111,2,15,474,2005,0.97
111,2,15,474,2006,1.04
111,2,15,474,2007,1.12
111,2,15,474,2008,1.17
111,2,15,474,2009,1.2
111,2,15,474,2010,1.22
111,2,15,474,2011,1.27
111,2,15,474,2012,1.41
111,2,15,474,2013,1.49
111,2,15,474,2014,1.58
111,2,15,474,2015,1.67
111,2,15,474,2016,1.72
111,2,15,474,2017,1.72
111,2,16,474,1990,1.06
111,2,16,474,1991,1.05
111,2,16,474,1992,1.07
111,2,16,474,1993,1.04
111,2,16,474,1994,1.09
111,2,16,474,1995,1.12
111,2,16,474,1996,1.15
111,2,16,474,1997,1.18
111,2,16,474,1998,1.2
111,2,16,474,1999,1.19
111,2,16,474,2000,1.09
111,2,16,474,2001,1.07
111,2,16,474,2002,1.06
111,2,16,474,2003,1.09
111,2,16,474,2004,1.16
111,2,16,474,2005,1.23
111,2,16,474,2006,1.31
111,2,16,474,2007,1.42
111,2,16,474,2008,1.47
111,2,16,474,2009,1.49
111,2,16,474,2010,1.55
111,2,16,474,2011,1.59
111,2,16,474,2012,1.76
111,2,16,474,2013,1.85
111,2,16,474,2014,1.97
111,2,16,474,2015,2.07
111,2,16,474,2016,2.15
111,2,16,474,2017,2.17
111,2,17,474,1990,1.08
111,2,17,474,1991,1.13
111,2,17,474,1992,1.2
111,2,17,474,1993,1.19
111,2,17,474,1994,1.26
111,2,17,474,1995,1.33
111,2,17,474,1996,1.38
111,2,17,474,1997,1.43
111,2,17,474,1998,1.4
111,2,17,474,1999,1.43
111,2,17,474,2000,1.33
111,2,17,474,2001,1.27
111,2,17,474,2002,1.27
111,2,17,474,2003,1.3
111,2,17,474,2004,1.36
111,2,17,474,2005,1.43
111,2,17,474,2006,1.54
111,2,17,474,2007,1.64
111,2,17,474,2008,1.72
111,2,17,474,2009,1.77
111,2,17,474,2010,1.77
111,2,17,474,2011,1.82
111,2,17,474,2012,2.01
111,2,17,474,2013,2.11
111,2,17,474,2014,2.23
111,2,17,474,2015,2.39
111,2,17,474,2016,2.46
111,2,17,474,2017,2.49
111,2,18,474,1990,1.37
111,2,18,474,1991,1.48
111,2,18,474,1992,1.56
111,2,18,474,1993,1.59
111,2,18,474,1994,1.71
111,2,18,474,1995,1.77
111,2,18,474,1996,1.83
111,2,18,474,1997,1.94
111,2,18,474,1998,1.95
111,2,18,474,1999,1.99
111,2,18,474,2000,1.88
111,2,18,474,2001,1.81
111,2,18,474,2002,1.82
111,2,18,474,2003,1.86
111,2,18,474,2004,1.94
111,2,18,474,2005,2.04
111,2,18,474,2006,2.12
111,2,18,474,2007,2.22
111,2,18,474,2008,2.28
111,2,18,474,2009,2.28
111,2,18,474,2010,2.28
111,2,18,474,2011,2.36
111,2,18,474,2012,2.53
111,2,18,474,2013,2.71
111,2,18,474,2014,2.89
111,2,18,474,2015,3.01
111,2,18,474,2016,3.12
111,2,18,474,2017,3.17
111,2,19,474,1990,1.72
111,2,19,474,1991,1.76
111,2,19,474,1992,1.82
111,2,19,474,1993,1.78
111,2,19,474,1994,1.94
111,2,19,474,1995,2.05
111,2,19,474,1996,2.18
111,2,19,474,1997,2.27
111,2,19,474,1998,2.32
111,2,19,474,1999,2.4
111,2,19,474,2000,2.32
111,2,19,474,2001,2.33
111,2,19,474,2002,2.42
111,2,19,474,2003,2.52
111,2,19,474,2004,2.66
111,2,19,474,2005,2.81
111,2,19,474,2006,2.9
111,2,19,474,2007,3.07
111,2,19,474,2008,3.12
111,2,19,474,2009,3.13
111,2,19,474,2010,3.11
111,2,19,474,2011,3.17
111,2,19,474,2012,3.38
111,2,19,474,2013,3.56
111,2,19,474,2014,3.76
111,2,19,474,2015,3.93
111,2,19,474,2016,4.15
111,2,19,474,2017,4.22
111,2,20,474,1990,1.96
111,2,20,474,1991,2.05
111,2,20,474,1992,2.19
111,2,20,474,1993,2.19
111,2,20,474,1994,2.25
111,2,20,474,1995,2.33
111,2,20,474,1996,2.42
111,2,20,474,1997,2.53
111,2,20,474,1998,2.53
111,2,20,474,1999,2.59
111,2,20,474,2000,2.62
111,2,20,474,2001,2.78
111,2,20,474,2002,2.87
111,2,20,474,2003,3.08
111,2,20,474,2004,3.32
111,2,20,474,2005,3.54
111,2,20,474,2006,3.69
111,2,20,474,2007,3.94
111,2,20,474,2008,4.01
111,2,20,474,2009,4.02
111,2,20,474,2010,4.01
111,2,20,474,2011,4.02
111,2,20,474,2012,4.25
111,2,20,474,2013,4.45
111,2,20,474,2014,4.64
111,2,20,474,2015,4.86
111,2,20,474,2016,5.03
111,2,20,474,2017,5.08
111,2,22,474,1990,13.89
111,2,22,474,1991,14.29
111,2,22,474,1992,14.75
111,2,22,474,1993,14.64
111,2,22,474,1994,15.65
111,2,22,474,1995,16.47
111,2,22,474,1996,17.13
111,2,22,474,1997,17.92
111,2,22,474,1998,18.68
111,2,22,474,1999,19.28
111,2,22,474,2000,18.53
111,2,22,474,2001,18.98
111,2,22,474,2002,19.34
111,2,22,474,2003,20.09
111,2,22,474,2004,21.22
111,2,22,474,2005,22.44
111,2,22,474,2006,23.56
111,2,22,474,2007,24.95
111,2,22,474,2008,25.63
111,2,22,474,2009,25.93
111,2,22,474,2010,26.11
111,2,22,474,2011,26.75
111,2,22,474,2012,28.63
111,2,22,474,2013,30.04
111,2,22,474,2014,31.52
111,2,22,474,2015,32.95
111,2,22,474,2016,34.06
111,2,22,474,2017,34.48
111,2,30,474,1990,1.99
111,2,30,474,1991,2.05
111,2,30,474,1992,2.08
111,2,30,474,1993,2.02
111,2,30,474,1994,2.12
111,2,30,474,1995,2.29
111,2,30,474,1996,2.43
111,2,30,474,1997,2.61
111,2,30,474,1998,2.79
111,2,30,474,1999,2.85
111,2,30,474,2000,2.8
111,2,30,474,2001,2.96
111,2,30,474,2002,3.02
111,2,30,474,2003,3.12
111,2,30,474,2004,3.35
111,2,30,474,2005,3.59
111,2,30,474,2006,3.84
111,2,30,474,2007,4.03
111,2,30,474,2008,4.18
111,2,30,474,2009,4.24
111,2,30,474,2010,4.29
111,2,30,474,2011,4.38
111,2,30,474,2012,4.66
111,2,30,474,2013,4.89
111,2,30,474,2014,5.07
111,2,30,474,2015,5.27
111,2,30,474,2016,5.36
111,2,30,474,2017,5.43
111,2,31,474,1990,1.5
111,2,31,474,1991,1.56
111,2,31,474,1992,1.6
111,2,31,474,1993,1.61
111,2,31,474,1994,1.78
111,2,31,474,1995,1.9
111,2,31,474,1996,1.95
111,2,31,474,1997,2.03
111,2,31,474,1998,2.23
111,2,31,474,1999,2.42
111,2,31,474,2000,2.38
111,2,31,474,2001,2.6
111,2,31,474,2002,2.74
111,2,31,474,2003,2.89
111,2,31,474,2004,2.99
111,2,31,474,2005,3.09
111,2,31,474,2006,3.16
111,2,31,474,2007,3.26
111,2,31,474,2008,3.28
111,2,31,474,2009,3.35
111,2,31,474,2010,3.41
111,2,31,474,2011,3.58
111,2,31,474,2012,3.77
111,2,31,474,2013,3.99
111,2,31,474,2014,4.18
111,2,31,474,2015,4.37
111,2,31,474,2016,4.52
111,2,31,474,2017,4.65
111,2,32,474,1990,0.94
111,2,32,474,1991,0.93
111,2,32,474,1992,0.93
111,2,32,474,1993,0.96
111,2,32,474,1994,1.1
111,2,32,474,1995,1.18
111,2,32,474,1996,1.21
111,2,32,474,1997,1.27
111,2,32,474,1998,1.48
111,2,32,474,1999,1.62
111,2,32,474,2000,1.55
111,2,32,474,2001,1.68
111,2,32,474,2002,1.7
111,2,32,474,2003,1.74
111,2,32,474,2004,1.83
111,2,32,474,2005,1.95
111,2,32,474,2006,2.06
111,2,32,474,2007,2.22
111,2,32,474,2008,2.33
111,2,32,474,2009,2.34
111,2,32,474,2010,2.33
111,2,32,474,2011,2.36
111,2,32,474,2012,2.48
111,2,32,474,2013,2.5
111,2,32,474,2014,2.59
111,2,32,474,2015,2.69
111,2,32,474,2016,2.82
111,2,32,474,2017,2.83
111,2,235,474,1990,0.27
111,2,235,474,1991,0.26
111,2,235,474,1992,0.26
111,2,235,474,1993,0.26
111,2,235,474,1994,0.29
111,2,235,474,1995,0.3
111,2,235,474,1996,0.3
111,2,235,474,1997,0.32
111,2,235,474,1998,0.38
111,2,235,474,1999,0.42
111,2,235,474,2000,0.42
111,2,235,474,2001,0.47
111,2,235,474,2002,0.49
111,2,235,474,2003,0.51
111,2,235,474,2004,0.55
111,2,235,474,2005,0.58
111,2,235,474,2006,0.62
111,2,235,474,2007,0.65
111,2,235,474,2008,0.67
111,2,235,474,2009,0.7
111,2,235,474,2010,0.72
111,2,235,474,2011,0.74
111,2,235,474,2012,0.81
111,2,235,474,2013,0.83
111,2,235,474,2014,0.84
111,2,235,474,2015,0.84
111,2,235,474,2016,0.84
111,2,235,474,2017,0.84
112,2,8,474,1990,0
112,2,8,474,1991,0
112,2,8,474,1992,0
112,2,8,474,1993,0
112,2,8,474,1994,0
112,2,8,474,1995,0
112,2,8,474,1996,0
112,2,8,474,1997,0
112,2,8,474,1998,0
112,2,8,474,1999,0
112,2,8,474,2000,0
112,2,8,474,2001,0
112,2,8,474,2002,0
112,2,8,474,2003,0
112,2,8,474,2004,0
112,2,8,474,2005,0
112,2,8,474,2006,0
112,2,8,474,2007,0
112,2,8,474,2008,0
112,2,8,474,2009,0
112,2,8,474,2010,0
112,2,8,474,2011,0
112,2,8,474,2012,0
112,2,8,474,2013,0
112,2,8,474,2014,0
112,2,8,474,2015,0
112,2,8,474,2016,0
112,2,8,474,2017,0
112,2,9,474,1990,0
112,2,9,474,1991,0
112,2,9,474,1992,0
112,2,9,474,1993,0
112,2,9,474,1994,0
112,2,9,474,1995,0
112,2,9,474,1996,0
112,2,9,474,1997,0
112,2,9,474,1998,0
112,2,9,474,1999,0
112,2,9,474,2000,0
112,2,9,474,2001,0
112,2,9,474,2002,0
112,2,9,474,2003,0
112,2,9,474,2004,0
112,2,9,474,2005,0
112,2,9,474,2006,0
112,2,9,474,2007,0
112,2,9,474,2008,0
112,2,9,474,2009,0
112,2,9,474,2010,0
112,2,9,474,2011,0
112,2,9,474,2012,0
112,2,9,474,2013,0
112,2,9,474,2014,0
112,2,9,474,2015,0
112,2,9,474,2016,0
112,2,9,474,2017,0
112,2,10,474,1990,0
112,2,10,474,1991,0
112,2,10,474,1992,0
112,2,10,474,1993,0
112,2,10,474,1994,0
112,2,10,474,1995,0
112,2,10,474,1996,0
112,2,10,474,1997,0
112,2,10,474,1998,0
112,2,10,474,1999,0
112,2,10,474,2000,0
112,2,10,474,2001,0
112,2,10,474,2002,0
112,2,10,474,2003,0
112,2,10,474,2004,0
112,2,10,474,2005,0
112,2,10,474,2006,0
112,2,10,474,2007,0
112,2,10,474,2008,0
112,2,10,474,2009,0
112,2,10,474,2010,0
112,2,10,474,2011,0
112,2,10,474,2012,0
112,2,10,474,2013,0
112,2,10,474,2014,0
112,2,10,474,2015,0
112,2,10,474,2016,0
112,2,10,474,2017,0
112,2,11,474,1990,0
112,2,11,474,1991,0
112,2,11,474,1992,0
112,2,11,474,1993,0
112,2,11,474,1994,0
112,2,11,474,1995,0
112,2,11,474,1996,0
112,2,11,474,1997,0
112,2,11,474,1998,0
112,2,11,474,1999,0
112,2,11,474,2000,0
112,2,11,474,2001,0
112,2,11,474,2002,0
112,2,11,474,2003,0
112,2,11,474,2004,0
112,2,11,474,2005,0
112,2,11,474,2006,0
112,2,11,474,2007,0
112,2,11,474,2008,0
112,2,11,474,2009,0
112,2,11,474,2010,0
112,2,11,474,2011,0
112,2,11,474,2012,0
112,2,11,474,2013,0
112,2,11,474,2014,0
112,2,11,474,2015,0
112,2,11,474,2016,0
112,2,11,474,2017,0
112,2,12,474,1990,0
112,2,12,474,1991,0
112,2,12,474,1992,0
112,2,12,474,1993,0
112,2,12,474,1994,0
112,2,12,474,1995,0
112,2,12,474,1996,0
112,2,12,474,1997,0
112,2,12,474,1998,0
112,2,12,474,1999,0
112,2,12,474,2000,0
112,2,12,474,2001,0
112,2,12,474,2002,0
112,2,12,474,2003,0
112,2,12,474,2004,0
112,2,12,474,2005,0
112,2,12,474,2006,0
112,2,12,474,2007,0
112,2,12,474,2008,0
112,2,12,474,2009,0
112,2,12,474,2010,0
112,2,12,474,2011,0
112,2,12,474,2012,0
112,2,12,474,2013,0
112,2,12,474,2014,0
112,2,12,474,2015,0
112,2,12,474,2016,0.01
112,2,12,474,2017,0.01
112,2,13,474,1990,0.01
112,2,13,474,1991,0.01
112,2,13,474,1992,0.01
112,2,13,474,1993,0.01
112,2,13,474,1994,0.01
112,2,13,474,1995,0.01
112,2,13,474,1996,0.01
112,2,13,474,1997,0.01
112,2,13,474,1998,0.01
112,2,13,474,1999,0.01
112,2,13,474,2000,0.01
112,2,13,474,2001,0.01
112,2,13,474,2002,0.01
112,2,13,474,2003,0.01
112,2,13,474,2004,0.01
112,2,13,474,2005,0.01
112,2,13,474,2006,0.01
112,2,13,474,2007,0.01
112,2,13,474,2008,0.01
112,2,13,474,2009,0.01
112,2,13,474,2010,0.01
112,2,13,474,2011,0.01
112,2,13,474,2012,0.01
112,2,13,474,2013,0.01
112,2,13,474,2014,0.01
112,2,13,474,2015,0.01
112,2,13,474,2016,0.01
112,2,13,474,2017,0.01
112,2,14,474,1990,0.01
112,2,14,474,1991,0.01
112,2,14,474,1992,0.01
112,2,14,474,1993,0.01
112,2,14,474,1994,0.01
112,2,14,474,1995,0.01
112,2,14,474,1996,0.01
112,2,14,474,1997,0.01
112,2,14,474,1998,0.01
112,2,14,474,1999,0.01
112,2,14,474,2000,0.01
112,2,14,474,2001,0.01
112,2,14,474,2002,0.01
112,2,14,474,2003,0.01
112,2,14,474,2004,0.01
112,2,14,474,2005,0.01
112,2,14,474,2006,0.01
112,2,14,474,2007,0.01
112,2,14,474,2008,0.01
112,2,14,474,2009,0.01
112,2,14,474,2010,0.01
112,2,14,474,2011,0.01
112,2,14,474,2012,0.01
112,2,14,474,2013,0.01
112,2,14,474,2014,0.01
112,2,14,474,2015,0.02
112,2,14,474,2016,0.02
112,2,14,474,2017,0.02
112,2,15,474,1990,0.01
112,2,15,474,1991,0.01
112,2,15,474,1992,0.02
112,2,15,474,1993,0.02
112,2,15,474,1994,0.02
112,2,15,474,1995,0.02
112,2,15,474,1996,0.02
112,2,15,474,1997,0.02
112,2,15,474,1998,0.02
112,2,15,474,1999,0.02
112,2,15,474,2000,0.02
112,2,15,474,2001,0.02
112,2,15,474,2002,0.02
112,2,15,474,2003,0.02
112,2,15,474,2004,0.03
112,2,15,474,2005,0.03
112,2,15,474,2006,0.03
112,2,15,474,2007,0.03
112,2,15,474,2008,0.03
112,2,15,474,2009,0.03
112,2,15,474,2010,0.03
112,2,15,474,2011,0.03
112,2,15,474,2012,0.03
112,2,15,474,2013,0.04
112,2,15,474,2014,0.04
112,2,15,474,2015,0.04
112,2,15,474,2016,0.05
112,2,15,474,2017,0.04
112,2,16,474,1990,0.02
112,2,16,474,1991,0.02
112,2,16,474,1992,0.02
112,2,16,474,1993,0.02
112,2,16,474,1994,0.02
112,2,16,474,1995,0.02
112,2,16,474,1996,0.02
112,2,16,474,1997,0.02
112,2,16,474,1998,0.03
112,2,16,474,1999,0.03
112,2,16,474,2000,0.03
112,2,16,474,2001,0.03
112,2,16,474,2002,0.03
112,2,16,474,2003,0.04
112,2,16,474,2004,0.04
112,2,16,474,2005,0.04
112,2,16,474,2006,0.04
112,2,16,474,2007,0.04
112,2,16,474,2008,0.04
112,2,16,474,2009,0.04
112,2,16,474,2010,0.04
112,2,16,474,2011,0.05
112,2,16,474,2012,0.05
112,2,16,474,2013,0.05
112,2,16,474,2014,0.05
112,2,16,474,2015,0.05
112,2,16,474,2016,0.06
112,2,16,474,2017,0.06
112,2,17,474,1990,0.05
112,2,17,474,1991,0.05
112,2,17,474,1992,0.04
112,2,17,474,1993,0.04
112,2,17,474,1994,0.04
112,2,17,474,1995,0.03
112,2,17,474,1996,0.03
112,2,17,474,1997,0.03
112,2,17,474,1998,0.03
112,2,17,474,1999,0.03
112,2,17,474,2000,0.03
112,2,17,474,2001,0.04
112,2,17,474,2002,0.04
112,2,17,474,2003,0.04
112,2,17,474,2004,0.04
112,2,17,474,2005,0.04
112,2,17,474,2006,0.05
112,2,17,474,2007,0.05
112,2,17,474,2008,0.05
112,2,17,474,2009,0.05
112,2,17,474,2010,0.05
112,2,17,474,2011,0.05
112,2,17,474,2012,0.05
112,2,17,474,2013,0.06
112,2,17,474,2014,0.06
112,2,17,474,2015,0.06
112,2,17,474,2016,0.07
112,2,17,474,2017,0.07
112,2,18,474,1990,0.06
112,2,18,474,1991,0.06
112,2,18,474,1992,0.06
112,2,18,474,1993,0.07
112,2,18,474,1994,0.06
112,2,18,474,1995,0.06
112,2,18,474,1996,0.06
112,2,18,474,1997,0.06
112,2,18,474,1998,0.05
112,2,18,474,1999,0.05
112,2,18,474,2000,0.04
112,2,18,474,2001,0.04
112,2,18,474,2002,0.04
112,2,18,474,2003,0.04
112,2,18,474,2004,0.05
112,2,18,474,2005,0.05
112,2,18,474,2006,0.06
112,2,18,474,2007,0.07
112,2,18,474,2008,0.07
112,2,18,474,2009,0.08
112,2,18,474,2010,0.08
112,2,18,474,2011,0.09
112,2,18,474,2012,0.09
112,2,18,474,2013,0.09
112,2,18,474,2014,0.09
112,2,18,474,2015,0.1
112,2,18,474,2016,0.11
112,2,18,474,2017,0.1
112,2,19,474,1990,0.08
112,2,19,474,1991,0.07
112,2,19,474,1992,0.07
112,2,19,474,1993,0.07
112,2,19,474,1994,0.07
112,2,19,474,1995,0.07
112,2,19,474,1996,0.07
112,2,19,474,1997,0.07
112,2,19,474,1998,0.07
112,2,19,474,1999,0.07
112,2,19,474,2000,0.07
112,2,19,474,2001,0.07
112,2,19,474,2002,0.07
112,2,19,474,2003,0.07
112,2,19,474,2004,0.07
112,2,19,474,2005,0.07
112,2,19,474,2006,0.08
112,2,19,474,2007,0.08
112,2,19,474,2008,0.09
112,2,19,474,2009,0.1
112,2,19,474,2010,0.11
112,2,19,474,2011,0.13
112,2,19,474,2012,0.14
112,2,19,474,2013,0.15
112,2,19,474,2014,0.16
112,2,19,474,2015,0.17
112,2,19,474,2016,0.19
112,2,19,474,2017,0.18
112,2,20,474,1990,0.11
112,2,20,474,1991,0.11
112,2,20,474,1992,0.1
112,2,20,474,1993,0.1
112,2,20,474,1994,0.09
112,2,20,474,1995,0.09
112,2,20,474,1996,0.08
112,2,20,474,1997,0.08
112,2,20,474,1998,0.08
112,2,20,474,1999,0.08
112,2,20,474,2000,0.08
112,2,20,474,2001,0.09
112,2,20,474,2002,0.09
112,2,20,474,2003,0.1
112,2,20,474,2004,0.11
112,2,20,474,2005,0.13
112,2,20,474,2006,0.14
112,2,20,474,2007,0.16
112,2,20,474,2008,0.17
112,2,20,474,2009,0.18
112,2,20,474,2010,0.19
112,2,20,474,2011,0.2
112,2,20,474,2012,0.21
112,2,20,474,2013,0.22
112,2,20,474,2014,0.24
112,2,20,474,2015,0.27
112,2,20,474,2016,0.32
112,2,20,474,2017,0.31
112,2,22,474,1990,0.61
112,2,22,474,1991,0.59
112,2,22,474,1992,0.58
112,2,22,474,1993,0.58
112,2,22,474,1994,0.55
112,2,22,474,1995,0.55
112,2,22,474,1996,0.52
112,2,22,474,1997,0.52
112,2,22,474,1998,0.52
112,2,22,474,1999,0.5
112,2,22,474,2000,0.52
112,2,22,474,2001,0.53
112,2,22,474,2002,0.56
112,2,22,474,2003,0.58
112,2,22,474,2004,0.6
112,2,22,474,2005,0.64
112,2,22,474,2006,0.69
112,2,22,474,2007,0.76
112,2,22,474,2008,0.84
112,2,22,474,2009,0.92
112,2,22,474,2010,1
112,2,22,474,2011,1.09
112,2,22,474,2012,1.18
112,2,22,474,2013,1.26
112,2,22,474,2014,1.37
112,2,22,474,2015,1.49
112,2,22,474,2016,1.72
112,2,22,474,2017,1.66
112,2,30,474,1990,0.11
112,2,30,474,1991,0.11
112,2,30,474,1992,0.1
112,2,30,474,1993,0.1
112,2,30,474,1994,0.1
112,2,30,474,1995,0.09
112,2,30,474,1996,0.09
112,2,30,474,1997,0.09
112,2,30,474,1998,0.09
112,2,30,474,1999,0.08
112,2,30,474,2000,0.08
112,2,30,474,2001,0.08
112,2,30,474,2002,0.08
112,2,30,474,2003,0.09
112,2,30,474,2004,0.09
112,2,30,474,2005,0.1
112,2,30,474,2006,0.12
112,2,30,474,2007,0.14
112,2,30,474,2008,0.17
112,2,30,474,2009,0.2
112,2,30,474,2010,0.24
112,2,30,474,2011,0.27
112,2,30,474,2012,0.29
112,2,30,474,2013,0.3
112,2,30,474,2014,0.32
112,2,30,474,2015,0.33
112,2,30,474,2016,0.36
112,2,30,474,2017,0.34
112,2,31,474,1990,0.09
112,2,31,474,1991,0.09
112,2,31,474,1992,0.09
112,2,31,474,1993,0.09
112,2,31,474,1994,0.09
112,2,31,474,1995,0.08
112,2,31,474,1996,0.08
112,2,31,474,1997,0.08
112,2,31,474,1998,0.07
112,2,31,474,1999,0.07
112,2,31,474,2000,0.07
112,2,31,474,2001,0.07
112,2,31,474,2002,0.07
112,2,31,474,2003,0.07
112,2,31,474,2004,0.07
112,2,31,474,2005,0.08
112,2,31,474,2006,0.08
112,2,31,474,2007,0.09
112,2,31,474,2008,0.1
112,2,31,474,2009,0.12
112,2,31,474,2010,0.13
112,2,31,474,2011,0.16
112,2,31,474,2012,0.18
112,2,31,474,2013,0.21
112,2,31,474,2014,0.25
112,2,31,474,2015,0.28
112,2,31,474,2016,0.35
112,2,31,474,2017,0.34
112,2,32,474,1990,0.04
112,2,32,474,1991,0.04
112,2,32,474,1992,0.04
112,2,32,474,1993,0.04
112,2,32,474,1994,0.04
112,2,32,474,1995,0.05
112,2,32,474,1996,0.05
112,2,32,474,1997,0.05
112,2,32,474,1998,0.05
112,2,32,474,1999,0.05
112,2,32,474,2000,0.05
112,2,32,474,2001,0.05
112,2,32,474,2002,0.05
112,2,32,474,2003,0.05
112,2,32,474,2004,0.05
112,2,32,474,2005,0.05
112,2,32,474,2006,0.05
112,2,32,474,2007,0.06
112,2,32,474,2008,0.06
112,2,32,474,2009,0.06
112,2,32,474,2010,0.06
112,2,32,474,2011,0.07
112,2,32,474,2012,0.07
112,2,32,474,2013,0.08
112,2,32,474,2014,0.09
112,2,32,474,2015,0.11
112,2,32,474,2016,0.13
112,2,32,474,2017,0.14
112,2,235,474,1990,0.01
112,2,235,474,1991,0.01
112,2,235,474,1992,0.01
112,2,235,474,1993,0.01
112,2,235,474,1994,0.01
112,2,235,474,1995,0.01
112,2,235,474,1996,0.01
112,2,235,474,1997,0.01
112,2,235,474,1998,0.01
112,2,235,474,1999,0.01
112,2,235,474,2000,0.02
112,2,235,474,2001,0.02
112,2,235,474,2002,0.02
112,2,235,474,2003,0.02
112,2,235,474,2004,0.02
112,2,235,474,2005,0.02
112,2,235,474,2006,0.02
112,2,235,474,2007,0.02
112,2,235,474,2008,0.02
112,2,235,474,2009,0.03
112,2,235,474,2010,0.03
112,2,235,474,2011,0.03
112,2,235,474,2012,0.03
112,2,235,474,2013,0.03
112,2,235,474,2014,0.03
112,2,235,474,2015,0.03
112,2,235,474,2016,0.04
112,2,235,474,2017,0.03
113,2,8,474,1990,0
113,2,8,474,1991,0
113,2,8,474,1992,0
113,2,8,474,1993,0
113,2,8,474,1994,0
113,2,8,474,1995,0
113,2,8,474,1996,0
113,2,8,474,1997,0
113,2,8,474,1998,0
113,2,8,474,1999,0
113,2,8,474,2000,0
113,2,8,474,2001,0
113,2,8,474,2002,0
113,2,8,474,2003,0
113,2,8,474,2004,0
113,2,8,474,2005,0
113,2,8,474,2006,0
113,2,8,474,2007,0
113,2,8,474,2008,0
113,2,8,474,2009,0
113,2,8,474,2010,0
113,2,8,474,2011,0
113,2,8,474,2012,0
113,2,8,474,2013,0
113,2,8,474,2014,0
113,2,8,474,2015,0
113,2,8,474,2016,0
113,2,8,474,2017,0
113,2,9,474,1990,0
113,2,9,474,1991,0
113,2,9,474,1992,0
113,2,9,474,1993,0
113,2,9,474,1994,0
113,2,9,474,1995,0
113,2,9,474,1996,0
113,2,9,474,1997,0
113,2,9,474,1998,0
113,2,9,474,1999,0
113,2,9,474,2000,0
113,2,9,474,2001,0
113,2,9,474,2002,0
113,2,9,474,2003,0
113,2,9,474,2004,0
113,2,9,474,2005,0
113,2,9,474,2006,0
113,2,9,474,2007,0
113,2,9,474,2008,0
113,2,9,474,2009,0
113,2,9,474,2010,0
113,2,9,474,2011,0
113,2,9,474,2012,0
113,2,9,474,2013,0
113,2,9,474,2014,0
113,2,9,474,2015,0
113,2,9,474,2016,0
113,2,9,474,2017,0
113,2,10,474,1990,0
113,2,10,474,1991,0
113,2,10,474,1992,0
113,2,10,474,1993,0
113,2,10,474,1994,0
113,2,10,474,1995,0
113,2,10,474,1996,0
113,2,10,474,1997,0.01
113,2,10,474,1998,0.01
113,2,10,474,1999,0.01
113,2,10,474,2000,0.01
113,2,10,474,2001,0
113,2,10,474,2002,0
113,2,10,474,2003,0
113,2,10,474,2004,0
113,2,10,474,2005,0
113,2,10,474,2006,0
113,2,10,474,2007,0
113,2,10,474,2008,0
113,2,10,474,2009,0
113,2,10,474,2010,0
113,2,10,474,2011,0
113,2,10,474,2012,0
113,2,10,474,2013,0
113,2,10,474,2014,0
113,2,10,474,2015,0
113,2,10,474,2016,0
113,2,10,474,2017,0
113,2,11,474,1990,0.02
113,2,11,474,1991,0.02
113,2,11,474,1992,0.02
113,2,11,474,1993,0.02
113,2,11,474,1994,0.02
113,2,11,474,1995,0.02
113,2,11,474,1996,0.02
113,2,11,474,1997,0.02
113,2,11,474,1998,0.02
113,2,11,474,1999,0.02
113,2,11,474,2000,0.02
113,2,11,474,2001,0.02
113,2,11,474,2002,0.02
113,2,11,474,2003,0.02
113,2,11,474,2004,0.02
113,2,11,474,2005,0.02
113,2,11,474,2006,0.02
113,2,11,474,2007,0.02
113,2,11,474,2008,0.02
113,2,11,474,2009,0.02
113,2,11,474,2010,0.02
113,2,11,474,2011,0.02
113,2,11,474,2012,0.02
113,2,11,474,2013,0.02
113,2,11,474,2014,0.02
113,2,11,474,2015,0.02
113,2,11,474,2016,0.02
113,2,11,474,2017,0.02
113,2,12,474,1990,0.02
113,2,12,474,1991,0.02
113,2,12,474,1992,0.02
113,2,12,474,1993,0.02
113,2,12,474,1994,0.02
113,2,12,474,1995,0.02
113,2,12,474,1996,0.02
113,2,12,474,1997,0.02
113,2,12,474,1998,0.03
113,2,12,474,1999,0.03
113,2,12,474,2000,0.03
113,2,12,474,2001,0.03
113,2,12,474,2002,0.02
113,2,12,474,2003,0.02
113,2,12,474,2004,0.02
113,2,12,474,2005,0.02
113,2,12,474,2006,0.02
113,2,12,474,2007,0.02
113,2,12,474,2008,0.02
113,2,12,474,2009,0.02
113,2,12,474,2010,0.02
113,2,12,474,2011,0.03
113,2,12,474,2012,0.02
113,2,12,474,2013,0.03
113,2,12,474,2014,0.03
113,2,12,474,2015,0.02
113,2,12,474,2016,0.02
113,2,12,474,2017,0.02
113,2,13,474,1990,0.03
113,2,13,474,1991,0.03
113,2,13,474,1992,0.03
113,2,13,474,1993,0.03
113,2,13,474,1994,0.03
113,2,13,474,1995,0.03
113,2,13,474,1996,0.03
113,2,13,474,1997,0.03
113,2,13,474,1998,0.04
113,2,13,474,1999,0.04
113,2,13,474,2000,0.05
113,2,13,474,2001,0.04
113,2,13,474,2002,0.04
113,2,13,474,2003,0.04
113,2,13,474,2004,0.04
113,2,13,474,2005,0.05
113,2,13,474,2006,0.05
113,2,13,474,2007,0.05
113,2,13,474,2008,0.05
113,2,13,474,2009,0.04
113,2,13,474,2010,0.05
113,2,13,474,2011,0.05
113,2,13,474,2012,0.05
113,2,13,474,2013,0.05
113,2,13,474,2014,0.05
113,2,13,474,2015,0.05
113,2,13,474,2016,0.05
113,2,13,474,2017,0.05
113,2,14,474,1990,0.04
113,2,14,474,1991,0.04
113,2,14,474,1992,0.04
113,2,14,474,1993,0.04
113,2,14,474,1994,0.04
113,2,14,474,1995,0.04
113,2,14,474,1996,0.04
113,2,14,474,1997,0.05
113,2,14,474,1998,0.05
113,2,14,474,1999,0.05
113,2,14,474,2000,0.06
113,2,14,474,2001,0.06
113,2,14,474,2002,0.06
113,2,14,474,2003,0.06
113,2,14,474,2004,0.07
113,2,14,474,2005,0.07
113,2,14,474,2006,0.07
113,2,14,474,2007,0.07
113,2,14,474,2008,0.07
113,2,14,474,2009,0.07
113,2,14,474,2010,0.08
113,2,14,474,2011,0.08
113,2,14,474,2012,0.08
113,2,14,474,2013,0.08
113,2,14,474,2014,0.08
113,2,14,474,2015,0.08
113,2,14,474,2016,0.08
113,2,14,474,2017,0.08
113,2,15,474,1990,0.07
113,2,15,474,1991,0.07
113,2,15,474,1992,0.07
113,2,15,474,1993,0.07
113,2,15,474,1994,0.07
113,2,15,474,1995,0.08
113,2,15,474,1996,0.08
113,2,15,474,1997,0.08
113,2,15,474,1998,0.1
113,2,15,474,1999,0.11
113,2,15,474,2000,0.12
113,2,15,474,2001,0.11
113,2,15,474,2002,0.12
113,2,15,474,2003,0.12
113,2,15,474,2004,0.11
113,2,15,474,2005,0.12
113,2,15,474,2006,0.12
113,2,15,474,2007,0.13
113,2,15,474,2008,0.13
113,2,15,474,2009,0.14
113,2,15,474,2010,0.15
113,2,15,474,2011,0.16
113,2,15,474,2012,0.17
113,2,15,474,2013,0.17
113,2,15,474,2014,0.17
113,2,15,474,2015,0.17
113,2,15,474,2016,0.16
113,2,15,474,2017,0.16
113,2,16,474,1990,0.11
113,2,16,474,1991,0.11
113,2,16,474,1992,0.1
113,2,16,474,1993,0.11
113,2,16,474,1994,0.1
113,2,16,474,1995,0.11
113,2,16,474,1996,0.11
113,2,16,474,1997,0.12
113,2,16,474,1998,0.13
113,2,16,474,1999,0.13
113,2,16,474,2000,0.15
113,2,16,474,2001,0.15
113,2,16,474,2002,0.14
113,2,16,474,2003,0.14
113,2,16,474,2004,0.15
113,2,16,474,2005,0.17
113,2,16,474,2006,0.17
113,2,16,474,2007,0.18
113,2,16,474,2008,0.19
113,2,16,474,2009,0.19
113,2,16,474,2010,0.2
113,2,16,474,2011,0.21
113,2,16,474,2012,0.23
113,2,16,474,2013,0.23
113,2,16,474,2014,0.24
113,2,16,474,2015,0.24
113,2,16,474,2016,0.25
113,2,16,474,2017,0.25
113,2,17,474,1990,0.15
113,2,17,474,1991,0.14
113,2,17,474,1992,0.13
113,2,17,474,1993,0.14
113,2,17,474,1994,0.14
113,2,17,474,1995,0.14
113,2,17,474,1996,0.15
113,2,17,474,1997,0.14
113,2,17,474,1998,0.15
113,2,17,474,1999,0.16
113,2,17,474,2000,0.19
113,2,17,474,2001,0.18
113,2,17,474,2002,0.18
113,2,17,474,2003,0.17
113,2,17,474,2004,0.16
113,2,17,474,2005,0.17
113,2,17,474,2006,0.17
113,2,17,474,2007,0.17
113,2,17,474,2008,0.17
113,2,17,474,2009,0.17
113,2,17,474,2010,0.19
113,2,17,474,2011,0.21
113,2,17,474,2012,0.23
113,2,17,474,2013,0.24
113,2,17,474,2014,0.25
113,2,17,474,2015,0.26
113,2,17,474,2016,0.27
113,2,17,474,2017,0.28
113,2,18,474,1990,0.17
113,2,18,474,1991,0.18
113,2,18,474,1992,0.17
113,2,18,474,1993,0.18
113,2,18,474,1994,0.17
113,2,18,474,1995,0.18
113,2,18,474,1996,0.18
113,2,18,474,1997,0.18
113,2,18,474,1998,0.2
113,2,18,474,1999,0.22
113,2,18,474,2000,0.24
113,2,18,474,2001,0.22
113,2,18,474,2002,0.21
113,2,18,474,2003,0.2
113,2,18,474,2004,0.19
113,2,18,474,2005,0.2
113,2,18,474,2006,0.2
113,2,18,474,2007,0.21
113,2,18,474,2008,0.21
113,2,18,474,2009,0.21
113,2,18,474,2010,0.23
113,2,18,474,2011,0.25
113,2,18,474,2012,0.25
113,2,18,474,2013,0.25
113,2,18,474,2014,0.26
113,2,18,474,2015,0.28
113,2,18,474,2016,0.29
113,2,18,474,2017,0.31
113,2,19,474,1990,0.18
113,2,19,474,1991,0.18
113,2,19,474,1992,0.18
113,2,19,474,1993,0.19
113,2,19,474,1994,0.19
113,2,19,474,1995,0.21
113,2,19,474,1996,0.22
113,2,19,474,1997,0.22
113,2,19,474,1998,0.24
113,2,19,474,1999,0.26
113,2,19,474,2000,0.29
113,2,19,474,2001,0.27
113,2,19,474,2002,0.25
113,2,19,474,2003,0.24
113,2,19,474,2004,0.24
113,2,19,474,2005,0.25
113,2,19,474,2006,0.25
113,2,19,474,2007,0.24
113,2,19,474,2008,0.24
113,2,19,474,2009,0.24
113,2,19,474,2010,0.25
113,2,19,474,2011,0.27
113,2,19,474,2012,0.28
113,2,19,474,2013,0.28
113,2,19,474,2014,0.28
113,2,19,474,2015,0.29
113,2,19,474,2016,0.3
113,2,19,474,2017,0.29
113,2,20,474,1990,0.2
113,2,20,474,1991,0.2
113,2,20,474,1992,0.19
113,2,20,474,1993,0.19
113,2,20,474,1994,0.19
113,2,20,474,1995,0.19
113,2,20,474,1996,0.2
113,2,20,474,1997,0.2
113,2,20,474,1998,0.23
113,2,20,474,1999,0.26
113,2,20,474,2000,0.3
113,2,20,474,2001,0.3
113,2,20,474,2002,0.29
113,2,20,474,2003,0.27
113,2,20,474,2004,0.26
113,2,20,474,2005,0.26
113,2,20,474,2006,0.25
113,2,20,474,2007,0.26
113,2,20,474,2008,0.26
113,2,20,474,2009,0.26
113,2,20,474,2010,0.29
113,2,20,474,2011,0.31
113,2,20,474,2012,0.32
113,2,20,474,2013,0.32
113,2,20,474,2014,0.32
113,2,20,474,2015,0.32
113,2,20,474,2016,0.32
113,2,20,474,2017,0.33
113,2,22,474,1990,1.36
113,2,22,474,1991,1.37
113,2,22,474,1992,1.32
113,2,22,474,1993,1.36
113,2,22,474,1994,1.37
113,2,22,474,1995,1.44
113,2,22,474,1996,1.48
113,2,22,474,1997,1.47
113,2,22,474,1998,1.59
113,2,22,474,1999,1.72
113,2,22,474,2000,1.95
113,2,22,474,2001,1.85
113,2,22,474,2002,1.78
113,2,22,474,2003,1.72
113,2,22,474,2004,1.71
113,2,22,474,2005,1.8
113,2,22,474,2006,1.81
113,2,22,474,2007,1.85
113,2,22,474,2008,1.88
113,2,22,474,2009,1.87
113,2,22,474,2010,2.04
113,2,22,474,2011,2.18
113,2,22,474,2012,2.27
113,2,22,474,2013,2.28
113,2,22,474,2014,2.33
113,2,22,474,2015,2.37
113,2,22,474,2016,2.42
113,2,22,474,2017,2.45
113,2,30,474,1990,0.18
113,2,30,474,1991,0.17
113,2,30,474,1992,0.16
113,2,30,474,1993,0.17
113,2,30,474,1994,0.17
113,2,30,474,1995,0.19
113,2,30,474,1996,0.19
113,2,30,474,1997,0.18
113,2,30,474,1998,0.19
113,2,30,474,1999,0.2
113,2,30,474,2000,0.23
113,2,30,474,2001,0.21
113,2,30,474,2002,0.21
113,2,30,474,2003,0.21
113,2,30,474,2004,0.22
113,2,30,474,2005,0.24
113,2,30,474,2006,0.25
113,2,30,474,2007,0.25
113,2,30,474,2008,0.26
113,2,30,474,2009,0.25
113,2,30,474,2010,0.27
113,2,30,474,2011,0.27
113,2,30,474,2012,0.28
113,2,30,474,2013,0.27
113,2,30,474,2014,0.28
113,2,30,474,2015,0.28
113,2,30,474,2016,0.29
113,2,30,474,2017,0.29
113,2,31,474,1990,0.13
113,2,31,474,1991,0.12
113,2,31,474,1992,0.12
113,2,31,474,1993,0.12
113,2,31,474,1994,0.13
113,2,31,474,1995,0.14
113,2,31,474,1996,0.13
113,2,31,474,1997,0.12
113,2,31,474,1998,0.12
113,2,31,474,1999,0.13
113,2,31,474,2000,0.15
113,2,31,474,2001,0.14
113,2,31,474,2002,0.13
113,2,31,474,2003,0.13
113,2,31,474,2004,0.12
113,2,31,474,2005,0.13
113,2,31,474,2006,0.13
113,2,31,474,2007,0.14
113,2,31,474,2008,0.15
113,2,31,474,2009,0.15
113,2,31,474,2010,0.17
113,2,31,474,2011,0.2
113,2,31,474,2012,0.21
113,2,31,474,2013,0.21
113,2,31,474,2014,0.2
113,2,31,474,2015,0.2
113,2,31,474,2016,0.2
113,2,31,474,2017,0.2
113,2,32,474,1990,0.06
113,2,32,474,1991,0.06
113,2,32,474,1992,0.06
113,2,32,474,1993,0.06
113,2,32,474,1994,0.07
113,2,32,474,1995,0.07
113,2,32,474,1996,0.06
113,2,32,474,1997,0.06
113,2,32,474,1998,0.06
113,2,32,474,1999,0.07
113,2,32,474,2000,0.08
113,2,32,474,2001,0.08
113,2,32,474,2002,0.07
113,2,32,474,2003,0.07
113,2,32,474,2004,0.07
113,2,32,474,2005,0.07
113,2,32,474,2006,0.07
113,2,32,474,2007,0.07
113,2,32,474,2008,0.07
113,2,32,474,2009,0.07
113,2,32,474,2010,0.08
113,2,32,474,2011,0.08
113,2,32,474,2012,0.09
113,2,32,474,2013,0.1
113,2,32,474,2014,0.11
113,2,32,474,2015,0.12
113,2,32,474,2016,0.13
113,2,32,474,2017,0.13
113,2,235,474,1990,0.02
113,2,235,474,1991,0.02
113,2,235,474,1992,0.02
113,2,235,474,1993,0.02
113,2,235,474,1994,0.02
113,2,235,474,1995,0.02
113,2,235,474,1996,0.02
113,2,235,474,1997,0.02
113,2,235,474,1998,0.02
113,2,235,474,1999,0.02
113,2,235,474,2000,0.03
113,2,235,474,2001,0.03
113,2,235,474,2002,0.03
113,2,235,474,2003,0.03
113,2,235,474,2004,0.03
113,2,235,474,2005,0.03
113,2,235,474,2006,0.03
113,2,235,474,2007,0.03
113,2,235,474,2008,0.03
113,2,235,474,2009,0.03
113,2,235,474,2010,0.03
113,2,235,474,2011,0.03
113,2,235,474,2012,0.03
113,2,235,474,2013,0.03
113,2,235,474,2014,0.03
113,2,235,474,2015,0.03
113,2,235,474,2016,0.03
113,2,235,474,2017,0.04
114,2,8,474,1990,0.04
114,2,8,474,1991,0.04
114,2,8,474,1992,0.04
114,2,8,474,1993,0.04
114,2,8,474,1994,0.04
114,2,8,474,1995,0.04
114,2,8,474,1996,0.04
114,2,8,474,1997,0.04
114,2,8,474,1998,0.05
114,2,8,474,1999,0.05
114,2,8,474,2000,0.05
114,2,8,474,2001,0.05
114,2,8,474,2002,0.05
114,2,8,474,2003,0.05
114,2,8,474,2004,0.05
114,2,8,474,2005,0.05
114,2,8,474,2006,0.05
114,2,8,474,2007,0.05
114,2,8,474,2008,0.05
114,2,8,474,2009,0.05
114,2,8,474,2010,0.05
114,2,8,474,2011,0.05
114,2,8,474,2012,0.05
114,2,8,474,2013,0.05
114,2,8,474,2014,0.05
114,2,8,474,2015,0.05
114,2,8,474,2016,0.05
114,2,8,474,2017,0.05
114,2,9,474,1990,0.06
114,2,9,474,1991,0.06
114,2,9,474,1992,0.06
114,2,9,474,1993,0.06
114,2,9,474,1994,0.06
114,2,9,474,1995,0.06
114,2,9,474,1996,0.06
114,2,9,474,1997,0.06
114,2,9,474,1998,0.06
114,2,9,474,1999,0.06
114,2,9,474,2000,0.06
114,2,9,474,2001,0.06
114,2,9,474,2002,0.06
114,2,9,474,2003,0.06
114,2,9,474,2004,0.07
114,2,9,474,2005,0.07
114,2,9,474,2006,0.07
114,2,9,474,2007,0.07
114,2,9,474,2008,0.07
114,2,9,474,2009,0.07
114,2,9,474,2010,0.07
114,2,9,474,2011,0.07
114,2,9,474,2012,0.07
114,2,9,474,2013,0.07
114,2,9,474,2014,0.07
114,2,9,474,2015,0.07
114,2,9,474,2016,0.07
114,2,9,474,2017,0.07
114,2,10,474,1990,0.07
114,2,10,474,1991,0.07
114,2,10,474,1992,0.07
114,2,10,474,1993,0.07
114,2,10,474,1994,0.07
114,2,10,474,1995,0.07
114,2,10,474,1996,0.07
114,2,10,474,1997,0.07
114,2,10,474,1998,0.07
114,2,10,474,1999,0.07
114,2,10,474,2000,0.07
114,2,10,474,2001,0.07
114,2,10,474,2002,0.07
114,2,10,474,2003,0.08
114,2,10,474,2004,0.08
114,2,10,474,2005,0.08
114,2,10,474,2006,0.08
114,2,10,474,2007,0.09
114,2,10,474,2008,0.09
114,2,10,474,2009,0.09
114,2,10,474,2010,0.1
114,2,10,474,2011,0.1
114,2,10,474,2012,0.1
114,2,10,474,2013,0.1
114,2,10,474,2014,0.1
114,2,10,474,2015,0.1
114,2,10,474,2016,0.1
114,2,10,474,2017,0.1
114,2,11,474,1990,0.29
114,2,11,474,1991,0.29
114,2,11,474,1992,0.29
114,2,11,474,1993,0.3
114,2,11,474,1994,0.3
114,2,11,474,1995,0.29
114,2,11,474,1996,0.29
114,2,11,474,1997,0.29
114,2,11,474,1998,0.28
114,2,11,474,1999,0.28
114,2,11,474,2000,0.28
114,2,11,474,2001,0.28
114,2,11,474,2002,0.29
114,2,11,474,2003,0.3
114,2,11,474,2004,0.3
114,2,11,474,2005,0.31
114,2,11,474,2006,0.32
114,2,11,474,2007,0.34
114,2,11,474,2008,0.35
114,2,11,474,2009,0.37
114,2,11,474,2010,0.38
114,2,11,474,2011,0.4
114,2,11,474,2012,0.41
114,2,11,474,2013,0.42
114,2,11,474,2014,0.43
114,2,11,474,2015,0.44
114,2,11,474,2016,0.45
114,2,11,474,2017,0.46
114,2,12,474,1990,0.45
114,2,12,474,1991,0.45
114,2,12,474,1992,0.45
114,2,12,474,1993,0.46
114,2,12,474,1994,0.47
114,2,12,474,1995,0.47
114,2,12,474,1996,0.47
114,2,12,474,1997,0.47
114,2,12,474,1998,0.47
114,2,12,474,1999,0.47
114,2,12,474,2000,0.47
114,2,12,474,2001,0.47
114,2,12,474,2002,0.47
114,2,12,474,2003,0.48
114,2,12,474,2004,0.48
114,2,12,474,2005,0.49
114,2,12,474,2006,0.5
114,2,12,474,2007,0.51
114,2,12,474,2008,0.53
114,2,12,474,2009,0.55
114,2,12,474,2010,0.57
114,2,12,474,2011,0.59
114,2,12,474,2012,0.61
114,2,12,474,2013,0.63
114,2,12,474,2014,0.65
114,2,12,474,2015,0.67
114,2,12,474,2016,0.69
114,2,12,474,2017,0.71
114,2,13,474,1990,0.66
114,2,13,474,1991,0.7
114,2,13,474,1992,0.72
114,2,13,474,1993,0.76
114,2,13,474,1994,0.8
114,2,13,474,1995,0.83
114,2,13,474,1996,0.82
114,2,13,474,1997,0.82
114,2,13,474,1998,0.82
114,2,13,474,1999,0.84
114,2,13,474,2000,0.85
114,2,13,474,2001,0.86
114,2,13,474,2002,0.87
114,2,13,474,2003,0.88
114,2,13,474,2004,0.89
114,2,13,474,2005,0.9
114,2,13,474,2006,0.92
114,2,13,474,2007,0.94
114,2,13,474,2008,0.95
114,2,13,474,2009,0.97
114,2,13,474,2010,0.99
114,2,13,474,2011,1
114,2,13,474,2012,1.03
114,2,13,474,2013,1.06
114,2,13,474,2014,1.1
114,2,13,474,2015,1.14
114,2,13,474,2016,1.18
114,2,13,474,2017,1.23
114,2,14,474,1990,0.89
114,2,14,474,1991,0.9
114,2,14,474,1992,0.92
114,2,14,474,1993,0.94
114,2,14,474,1994,0.96
114,2,14,474,1995,0.97
114,2,14,474,1996,1.02
114,2,14,474,1997,1.05
114,2,14,474,1998,1.09
114,2,14,474,1999,1.13
114,2,14,474,2000,1.18
114,2,14,474,2001,1.19
114,2,14,474,2002,1.21
114,2,14,474,2003,1.24
114,2,14,474,2004,1.27
114,2,14,474,2005,1.31
114,2,14,474,2006,1.34
114,2,14,474,2007,1.37
114,2,14,474,2008,1.41
114,2,14,474,2009,1.44
114,2,14,474,2010,1.46
114,2,14,474,2011,1.47
114,2,14,474,2012,1.5
114,2,14,474,2013,1.53
114,2,14,474,2014,1.56
114,2,14,474,2015,1.59
114,2,14,474,2016,1.64
114,2,14,474,2017,1.69
114,2,15,474,1990,1.88
114,2,15,474,1991,1.87
114,2,15,474,1992,1.92
114,2,15,474,1993,1.93
114,2,15,474,1994,1.98
114,2,15,474,1995,2
114,2,15,474,1996,2
114,2,15,474,1997,2.03
114,2,15,474,1998,2.05
114,2,15,474,1999,2.09
114,2,15,474,2000,2.13
114,2,15,474,2001,2.29
114,2,15,474,2002,2.38
114,2,15,474,2003,2.51
114,2,15,474,2004,2.63
114,2,15,474,2005,2.77
114,2,15,474,2006,2.83
114,2,15,474,2007,2.9
114,2,15,474,2008,2.97
114,2,15,474,2009,3.06
114,2,15,474,2010,3.12
114,2,15,474,2011,3.18
114,2,15,474,2012,3.26
114,2,15,474,2013,3.33
114,2,15,474,2014,3.4
114,2,15,474,2015,3.48
114,2,15,474,2016,3.56
114,2,15,474,2017,3.63
114,2,16,474,1990,2.59
114,2,16,474,1991,2.66
114,2,16,474,1992,2.7
114,2,16,474,1993,2.83
114,2,16,474,1994,2.88
114,2,16,474,1995,2.86
114,2,16,474,1996,2.82
114,2,16,474,1997,2.86
114,2,16,474,1998,2.84
114,2,16,474,1999,2.91
114,2,16,474,2000,2.95
114,2,16,474,2001,3.01
114,2,16,474,2002,3.09
114,2,16,474,2003,3.16
114,2,16,474,2004,3.23
114,2,16,474,2005,3.31
114,2,16,474,2006,3.56
114,2,16,474,2007,3.73
114,2,16,474,2008,3.95
114,2,16,474,2009,4.15
114,2,16,474,2010,4.33
114,2,16,474,2011,4.35
114,2,16,474,2012,4.43
114,2,16,474,2013,4.52
114,2,16,474,2014,4.62
114,2,16,474,2015,4.74
114,2,16,474,2016,4.85
114,2,16,474,2017,4.96
114,2,17,474,1990,3.07
114,2,17,474,1991,3.16
114,2,17,474,1992,3.21
114,2,17,474,1993,3.27
114,2,17,474,1994,3.38
114,2,17,474,1995,3.46
114,2,17,474,1996,3.54
114,2,17,474,1997,3.57
114,2,17,474,1998,3.7
114,2,17,474,1999,3.73
114,2,17,474,2000,3.72
114,2,17,474,2001,3.71
114,2,17,474,2002,3.78
114,2,17,474,2003,3.77
114,2,17,474,2004,3.85
114,2,17,474,2005,3.92
114,2,17,474,2006,3.99
114,2,17,474,2007,4.11
114,2,17,474,2008,4.2
114,2,17,474,2009,4.29
114,2,17,474,2010,4.34
114,2,17,474,2011,4.6
114,2,17,474,2012,4.81
114,2,17,474,2013,5.07
114,2,17,474,2014,5.31
114,2,17,474,2015,5.58
114,2,17,474,2016,5.67
114,2,17,474,2017,5.8
114,2,18,474,1990,4.13
114,2,18,474,1991,4.2
114,2,18,474,1992,4.26
114,2,18,474,1993,4.39
114,2,18,474,1994,4.54
114,2,18,474,1995,4.63
114,2,18,474,1996,4.73
114,2,18,474,1997,4.78
114,2,18,474,1998,4.82
114,2,18,474,1999,4.97
114,2,18,474,2000,5.12
114,2,18,474,2001,5.29
114,2,18,474,2002,5.36
114,2,18,474,2003,5.59
114,2,18,474,2004,5.63
114,2,18,474,2005,5.64
114,2,18,474,2006,5.64
114,2,18,474,2007,5.8
114,2,18,474,2008,5.8
114,2,18,474,2009,5.93
114,2,18,474,2010,5.95
114,2,18,474,2011,5.95
114,2,18,474,2012,6.12
114,2,18,474,2013,6.22
114,2,18,474,2014,6.32
114,2,18,474,2015,6.45
114,2,18,474,2016,6.94
114,2,18,474,2017,7.28
114,2,19,474,1990,4.34
114,2,19,474,1991,4.41
114,2,19,474,1992,4.48
114,2,19,474,1993,4.62
114,2,19,474,1994,4.76
114,2,19,474,1995,4.84
114,2,19,474,1996,4.91
114,2,19,474,1997,5
114,2,19,474,1998,5.13
114,2,19,474,1999,5.31
114,2,19,474,2000,5.47
114,2,19,474,2001,5.66
114,2,19,474,2002,5.78
114,2,19,474,2003,5.88
114,2,19,474,2004,6.09
114,2,19,474,2005,6.33
114,2,19,474,2006,6.6
114,2,19,474,2007,6.75
114,2,19,474,2008,7.07
114,2,19,474,2009,7.15
114,2,19,474,2010,7.05
114,2,19,474,2011,6.91
114,2,19,474,2012,7.1
114,2,19,474,2013,7.1
114,2,19,474,2014,7.24
114,2,19,474,2015,7.36
114,2,19,474,2016,7.48
114,2,19,474,2017,7.74
114,2,20,474,1990,3.75
114,2,20,474,1991,3.84
114,2,20,474,1992,4.08
114,2,20,474,1993,4.19
114,2,20,474,1994,4.3
114,2,20,474,1995,4.36
114,2,20,474,1996,4.42
114,2,20,474,1997,4.51
114,2,20,474,1998,4.64
114,2,20,474,1999,4.8
114,2,20,474,2000,4.94
114,2,20,474,2001,5.09
114,2,20,474,2002,5.23
114,2,20,474,2003,5.42
114,2,20,474,2004,5.63
114,2,20,474,2005,5.87
114,2,20,474,2006,6.14
114,2,20,474,2007,6.34
114,2,20,474,2008,6.51
114,2,20,474,2009,6.8
114,2,20,474,2010,6.95
114,2,20,474,2011,7.09
114,2,20,474,2012,7.26
114,2,20,474,2013,7.6
114,2,20,474,2014,7.67
114,2,20,474,2015,7.73
114,2,20,474,2016,7.77
114,2,20,474,2017,8.04
114,2,22,474,1990,26.01
114,2,22,474,1991,26.57
114,2,22,474,1992,27.17
114,2,22,474,1993,27.95
114,2,22,474,1994,28.76
114,2,22,474,1995,29.21
114,2,22,474,1996,29.65
114,2,22,474,1997,30.2
114,2,22,474,1998,30.82
114,2,22,474,1999,31.71
114,2,22,474,2000,32.48
114,2,22,474,2001,33.42
114,2,22,474,2002,34.3
114,2,22,474,2003,35.33
114,2,22,474,2004,36.35
114,2,22,474,2005,37.44
114,2,22,474,2006,38.72
114,2,22,474,2007,40.04
114,2,22,474,2008,41.36
114,2,22,474,2009,42.7
114,2,22,474,2010,43.27
114,2,22,474,2011,43.8
114,2,22,474,2012,45.18
114,2,22,474,2013,46.45
114,2,22,474,2014,47.74
114,2,22,474,2015,49.15
114,2,22,474,2016,50.76
114,2,22,474,2017,52.47
114,2,30,474,1990,2.4
114,2,30,474,1991,2.44
114,2,30,474,1992,2.44
114,2,30,474,1993,2.52
114,2,30,474,1994,2.6
114,2,30,474,1995,2.66
114,2,30,474,1996,2.74
114,2,30,474,1997,2.93
114,2,30,474,1998,3.01
114,2,30,474,1999,3.12
114,2,30,474,2000,3.22
114,2,30,474,2001,3.34
114,2,30,474,2002,3.48
114,2,30,474,2003,3.63
114,2,30,474,2004,3.77
114,2,30,474,2005,3.91
114,2,30,474,2006,4.06
114,2,30,474,2007,4.25
114,2,30,474,2008,4.45
114,2,30,474,2009,4.68
114,2,30,474,2010,4.77
114,2,30,474,2011,4.86
114,2,30,474,2012,5.06
114,2,30,474,2013,5.22
114,2,30,474,2014,5.49
114,2,30,474,2015,5.8
114,2,30,474,2016,6.11
114,2,30,474,2017,6.3
114,2,31,474,1990,1.06
114,2,31,474,1991,1.11
114,2,31,474,1992,1.14
114,2,31,474,1993,1.17
114,2,31,474,1994,1.21
114,2,31,474,1995,1.23
114,2,31,474,1996,1.26
114,2,31,474,1997,1.26
114,2,31,474,1998,1.31
114,2,31,474,1999,1.37
114,2,31,474,2000,1.43
114,2,31,474,2001,1.5
114,2,31,474,2002,1.62
114,2,31,474,2003,1.69
114,2,31,474,2004,1.75
114,2,31,474,2005,1.82
114,2,31,474,2006,1.9
114,2,31,474,2007,2.02
114,2,31,474,2008,2.14
114,2,31,474,2009,2.25
114,2,31,474,2010,2.28
114,2,31,474,2011,2.3
114,2,31,474,2012,2.43
114,2,31,474,2013,2.57
114,2,31,474,2014,2.71
114,2,31,474,2015,2.86
114,2,31,474,2016,3.03
114,2,31,474,2017,3.18
114,2,32,474,1990,0.29
114,2,32,474,1991,0.31
114,2,32,474,1992,0.32
114,2,32,474,1993,0.34
114,2,32,474,1994,0.36
114,2,32,474,1995,0.37
114,2,32,474,1996,0.39
114,2,32,474,1997,0.4
114,2,32,474,1998,0.42
114,2,32,474,1999,0.43
114,2,32,474,2000,0.45
114,2,32,474,2001,0.47
114,2,32,474,2002,0.48
114,2,32,474,2003,0.5
114,2,32,474,2004,0.53
114,2,32,474,2005,0.56
114,2,32,474,2006,0.59
114,2,32,474,2007,0.65
114,2,32,474,2008,0.68
114,2,32,474,2009,0.72
114,2,32,474,2010,0.72
114,2,32,474,2011,0.73
114,2,32,474,2012,0.79
114,2,32,474,2013,0.83
114,2,32,474,2014,0.87
114,2,32,474,2015,0.92
114,2,32,474,2016,0.97
114,2,32,474,2017,1.04
114,2,235,474,1990,0.05
114,2,235,474,1991,0.06
114,2,235,474,1992,0.06
114,2,235,474,1993,0.06
114,2,235,474,1994,0.06
114,2,235,474,1995,0.07
114,2,235,474,1996,0.07
114,2,235,474,1997,0.07
114,2,235,474,1998,0.08
114,2,235,474,1999,0.08
114,2,235,474,2000,0.08
114,2,235,474,2001,0.09
114,2,235,474,2002,0.09
114,2,235,474,2003,0.1
114,2,235,474,2004,0.1
114,2,235,474,2005,0.11
114,2,235,474,2006,0.11
114,2,235,474,2007,0.11
114,2,235,474,2008,0.12
114,2,235,474,2009,0.13
114,2,235,474,2010,0.13
114,2,235,474,2011,0.13
114,2,235,474,2012,0.14
114,2,235,474,2013,0.15
114,2,235,474,2014,0.16
114,2,235,474,2015,0.16
114,2,235,474,2016,0.17
114,2,235,474,2017,0.19
115,2,8,474,1990,0.01
115,2,8,474,1991,0.01
115,2,8,474,1992,0.01
115,2,8,474,1993,0.01
115,2,8,474,1994,0.01
115,2,8,474,1995,0.01
115,2,8,474,1996,0.01
115,2,8,474,1997,0.01
115,2,8,474,1998,0.01
115,2,8,474,1999,0.01
115,2,8,474,2000,0.01
115,2,8,474,2001,0.01
115,2,8,474,2002,0.01
115,2,8,474,2003,0.01
115,2,8,474,2004,0.01
115,2,8,474,2005,0.01
115,2,8,474,2006,0.01
115,2,8,474,2007,0.01
115,2,8,474,2008,0.01
115,2,8,474,2009,0.01
115,2,8,474,2010,0.01
115,2,8,474,2011,0.01
115,2,8,474,2012,0.01
115,2,8,474,2013,0.01
115,2,8,474,2014,0.01
115,2,8,474,2015,0.01
115,2,8,474,2016,0.01
115,2,8,474,2017,0.01
115,2,9,474,1990,0.01
115,2,9,474,1991,0.01
115,2,9,474,1992,0.01
115,2,9,474,1993,0.01
115,2,9,474,1994,0.01
115,2,9,474,1995,0.01
115,2,9,474,1996,0.01
115,2,9,474,1997,0.01
115,2,9,474,1998,0.01
115,2,9,474,1999,0.01
115,2,9,474,2000,0.01
115,2,9,474,2001,0.01
115,2,9,474,2002,0.01
115,2,9,474,2003,0.01
115,2,9,474,2004,0.01
115,2,9,474,2005,0.01
115,2,9,474,2006,0.01
115,2,9,474,2007,0.01
115,2,9,474,2008,0.01
115,2,9,474,2009,0.01
115,2,9,474,2010,0.01
115,2,9,474,2011,0.01
115,2,9,474,2012,0.01
115,2,9,474,2013,0.01
115,2,9,474,2014,0.01
115,2,9,474,2015,0.01
115,2,9,474,2016,0.01
115,2,9,474,2017,0.01
115,2,10,474,1990,0.02
115,2,10,474,1991,0.02
115,2,10,474,1992,0.02
115,2,10,474,1993,0.02
115,2,10,474,1994,0.02
115,2,10,474,1995,0.02
115,2,10,474,1996,0.01
115,2,10,474,1997,0.01
115,2,10,474,1998,0.01
115,2,10,474,1999,0.01
115,2,10,474,2000,0.01
115,2,10,474,2001,0.01
115,2,10,474,2002,0.01
115,2,10,474,2003,0.01
115,2,10,474,2004,0
115,2,10,474,2005,0.01
115,2,10,474,2006,0.01
115,2,10,474,2007,0.01
115,2,10,474,2008,0.01
115,2,10,474,2009,0.02
115,2,10,474,2010,0.02
115,2,10,474,2011,0.02
115,2,10,474,2012,0.02
115,2,10,474,2013,0.02
115,2,10,474,2014,0.02
115,2,10,474,2015,0.02
115,2,10,474,2016,0.02
115,2,10,474,2017,0.02
115,2,11,474,1990,0.04
115,2,11,474,1991,0.04
115,2,11,474,1992,0.04
115,2,11,474,1993,0.04
115,2,11,474,1994,0.04
115,2,11,474,1995,0.04
115,2,11,474,1996,0.04
115,2,11,474,1997,0.04
115,2,11,474,1998,0.04
115,2,11,474,1999,0.04
115,2,11,474,2000,0.04
115,2,11,474,2001,0.04
115,2,11,474,2002,0.03
115,2,11,474,2003,0.03
115,2,11,474,2004,0.03
115,2,11,474,2005,0.04
115,2,11,474,2006,0.03
115,2,11,474,2007,0.04
115,2,11,474,2008,0.04
115,2,11,474,2009,0.05
115,2,11,474,2010,0.05
115,2,11,474,2011,0.05
115,2,11,474,2012,0.05
115,2,11,474,2013,0.06
115,2,11,474,2014,0.06
115,2,11,474,2015,0.06
115,2,11,474,2016,0.06
115,2,11,474,2017,0.06
115,2,12,474,1990,0.04
115,2,12,474,1991,0.04
115,2,12,474,1992,0.04
115,2,12,474,1993,0.05
115,2,12,474,1994,0.05
115,2,12,474,1995,0.06
115,2,12,474,1996,0.05
115,2,12,474,1997,0.05
115,2,12,474,1998,0.05
115,2,12,474,1999,0.05
115,2,12,474,2000,0.05
115,2,12,474,2001,0.05
115,2,12,474,2002,0.05
115,2,12,474,2003,0.05
115,2,12,474,2004,0.05
115,2,12,474,2005,0.05
115,2,12,474,2006,0.05
115,2,12,474,2007,0.05
115,2,12,474,2008,0.05
115,2,12,474,2009,0.06
115,2,12,474,2010,0.05
115,2,12,474,2011,0.06
115,2,12,474,2012,0.06
115,2,12,474,2013,0.06
115,2,12,474,2014,0.07
115,2,12,474,2015,0.07
115,2,12,474,2016,0.07
115,2,12,474,2017,0.07
115,2,13,474,1990,0.16
115,2,13,474,1991,0.16
115,2,13,474,1992,0.16
115,2,13,474,1993,0.17
115,2,13,474,1994,0.17
115,2,13,474,1995,0.18
115,2,13,474,1996,0.19
115,2,13,474,1997,0.2
115,2,13,474,1998,0.22
115,2,13,474,1999,0.23
115,2,13,474,2000,0.25
115,2,13,474,2001,0.26
115,2,13,474,2002,0.24
115,2,13,474,2003,0.21
115,2,13,474,2004,0.21
115,2,13,474,2005,0.21
115,2,13,474,2006,0.22
115,2,13,474,2007,0.24
115,2,13,474,2008,0.25
115,2,13,474,2009,0.26
115,2,13,474,2010,0.27
115,2,13,474,2011,0.27
115,2,13,474,2012,0.29
115,2,13,474,2013,0.3
115,2,13,474,2014,0.3
115,2,13,474,2015,0.3
115,2,13,474,2016,0.29
115,2,13,474,2017,0.28
115,2,14,474,1990,0.33
115,2,14,474,1991,0.33
115,2,14,474,1992,0.35
115,2,14,474,1993,0.34
115,2,14,474,1994,0.34
115,2,14,474,1995,0.33
115,2,14,474,1996,0.36
115,2,14,474,1997,0.39
115,2,14,474,1998,0.41
115,2,14,474,1999,0.45
115,2,14,474,2000,0.48
115,2,14,474,2001,0.5
115,2,14,474,2002,0.48
115,2,14,474,2003,0.43
115,2,14,474,2004,0.43
115,2,14,474,2005,0.45
115,2,14,474,2006,0.47
115,2,14,474,2007,0.49
115,2,14,474,2008,0.51
115,2,14,474,2009,0.51
115,2,14,474,2010,0.53
115,2,14,474,2011,0.53
115,2,14,474,2012,0.55
115,2,14,474,2013,0.57
115,2,14,474,2014,0.58
115,2,14,474,2015,0.58
115,2,14,474,2016,0.58
115,2,14,474,2017,0.58
115,2,15,474,1990,0.61
115,2,15,474,1991,0.57
115,2,15,474,1992,0.58
115,2,15,474,1993,0.6
115,2,15,474,1994,0.59
115,2,15,474,1995,0.57
115,2,15,474,1996,0.64
115,2,15,474,1997,0.69
115,2,15,474,1998,0.74
115,2,15,474,1999,0.78
115,2,15,474,2000,0.82
115,2,15,474,2001,0.87
115,2,15,474,2002,0.82
115,2,15,474,2003,0.75
115,2,15,474,2004,0.76
115,2,15,474,2005,0.77
115,2,15,474,2006,0.79
115,2,15,474,2007,0.8
115,2,15,474,2008,0.85
115,2,15,474,2009,0.9
115,2,15,474,2010,0.99
115,2,15,474,2011,1.02
115,2,15,474,2012,1.07
115,2,15,474,2013,1.11
115,2,15,474,2014,1.12
115,2,15,474,2015,1.12
115,2,15,474,2016,1.12
115,2,15,474,2017,1.12
115,2,16,474,1990,0.8
115,2,16,474,1991,0.78
115,2,16,474,1992,0.79
115,2,16,474,1993,0.78
115,2,16,474,1994,0.78
115,2,16,474,1995,0.77
115,2,16,474,1996,0.8
115,2,16,474,1997,0.83
115,2,16,474,1998,0.86
115,2,16,474,1999,0.9
115,2,16,474,2000,0.94
115,2,16,474,2001,0.97
115,2,16,474,2002,0.89
115,2,16,474,2003,0.82
115,2,16,474,2004,0.85
115,2,16,474,2005,0.84
115,2,16,474,2006,0.87
115,2,16,474,2007,0.91
115,2,16,474,2008,0.97
115,2,16,474,2009,1.01
115,2,16,474,2010,1.1
115,2,16,474,2011,1.13
115,2,16,474,2012,1.19
115,2,16,474,2013,1.28
115,2,16,474,2014,1.36
115,2,16,474,2015,1.43
115,2,16,474,2016,1.49
115,2,16,474,2017,1.5
115,2,17,474,1990,1.18
115,2,17,474,1991,1.14
115,2,17,474,1992,1.16
115,2,17,474,1993,1.13
115,2,17,474,1994,1.13
115,2,17,474,1995,1.14
115,2,17,474,1996,1.11
115,2,17,474,1997,1.08
115,2,17,474,1998,1.06
115,2,17,474,1999,1.05
115,2,17,474,2000,1.06
115,2,17,474,2001,1.06
115,2,17,474,2002,0.99
115,2,17,474,2003,0.93
115,2,17,474,2004,0.95
115,2,17,474,2005,1
115,2,17,474,2006,1.03
115,2,17,474,2007,1.07
115,2,17,474,2008,1.13
115,2,17,474,2009,1.18
115,2,17,474,2010,1.22
115,2,17,474,2011,1.24
115,2,17,474,2012,1.31
115,2,17,474,2013,1.36
115,2,17,474,2014,1.4
115,2,17,474,2015,1.44
115,2,17,474,2016,1.47
115,2,17,474,2017,1.51
115,2,18,474,1990,1.72
115,2,18,474,1991,1.67
115,2,18,474,1992,1.7
115,2,18,474,1993,1.68
115,2,18,474,1994,1.68
115,2,18,474,1995,1.7
115,2,18,474,1996,1.64
115,2,18,474,1997,1.61
115,2,18,474,1998,1.57
115,2,18,474,1999,1.56
115,2,18,474,2000,1.56
115,2,18,474,2001,1.53
115,2,18,474,2002,1.34
115,2,18,474,2003,1.24
115,2,18,474,2004,1.25
115,2,18,474,2005,1.29
115,2,18,474,2006,1.3
115,2,18,474,2007,1.33
115,2,18,474,2008,1.39
115,2,18,474,2009,1.47
115,2,18,474,2010,1.5
115,2,18,474,2011,1.55
115,2,18,474,2012,1.65
115,2,18,474,2013,1.72
115,2,18,474,2014,1.78
115,2,18,474,2015,1.81
115,2,18,474,2016,1.91
115,2,18,474,2017,1.92
115,2,19,474,1990,2.54
115,2,19,474,1991,2.45
115,2,19,474,1992,2.47
115,2,19,474,1993,2.51
115,2,19,474,1994,2.49
115,2,19,474,1995,2.48
115,2,19,474,1996,2.56
115,2,19,474,1997,2.55
115,2,19,474,1998,2.54
115,2,19,474,1999,2.56
115,2,19,474,2000,2.62
115,2,19,474,2001,2.53
115,2,19,474,2002,2.15
115,2,19,474,2003,2.05
115,2,19,474,2004,2.1
115,2,19,474,2005,2.02
115,2,19,474,2006,1.92
115,2,19,474,2007,1.97
115,2,19,474,2008,2.06
115,2,19,474,2009,2.15
115,2,19,474,2010,2.19
115,2,19,474,2011,2.19
115,2,19,474,2012,2.24
115,2,19,474,2013,2.28
115,2,19,474,2014,2.32
115,2,19,474,2015,2.35
115,2,19,474,2016,2.44
115,2,19,474,2017,2.51
115,2,20,474,1990,3.33
115,2,20,474,1991,3.18
115,2,20,474,1992,3.19
115,2,20,474,1993,3.19
115,2,20,474,1994,3.15
115,2,20,474,1995,3.04
115,2,20,474,1996,3.06
115,2,20,474,1997,3.09
115,2,20,474,1998,3.12
115,2,20,474,1999,3.13
115,2,20,474,2000,3.11
115,2,20,474,2001,3.35
115,2,20,474,2002,2.98
115,2,20,474,2003,2.72
115,2,20,474,2004,2.74
115,2,20,474,2005,2.67
115,2,20,474,2006,2.69
115,2,20,474,2007,2.69
115,2,20,474,2008,2.78
115,2,20,474,2009,2.85
115,2,20,474,2010,2.86
115,2,20,474,2011,2.81
115,2,20,474,2012,2.88
115,2,20,474,2013,2.9
115,2,20,474,2014,2.92
115,2,20,474,2015,2.92
115,2,20,474,2016,2.98
115,2,20,474,2017,2.98
115,2,22,474,1990,18.03
115,2,22,474,1991,17.54
115,2,22,474,1992,17.96
115,2,22,474,1993,17.92
115,2,22,474,1994,17.9
115,2,22,474,1995,17.59
115,2,22,474,1996,18.14
115,2,22,474,1997,18.49
115,2,22,474,1998,18.85
115,2,22,474,1999,19.24
115,2,22,474,2000,19.76
115,2,22,474,2001,20.11
115,2,22,474,2002,18.19
115,2,22,474,2003,16.76
115,2,22,474,2004,17.03
115,2,22,474,2005,17.18
115,2,22,474,2006,17.65
115,2,22,474,2007,17.74
115,2,22,474,2008,18.43
115,2,22,474,2009,18.94
115,2,22,474,2010,19.9
115,2,22,474,2011,20.02
115,2,22,474,2012,20.75
115,2,22,474,2013,21.39
115,2,22,474,2014,21.81
115,2,22,474,2015,22.07
115,2,22,474,2016,22.69
115,2,22,474,2017,22.77
115,2,30,474,1990,2.97
115,2,30,474,1991,2.7
115,2,30,474,1992,2.8
115,2,30,474,1993,2.8
115,2,30,474,1994,2.87
115,2,30,474,1995,2.94
115,2,30,474,1996,3.02
115,2,30,474,1997,3.06
115,2,30,474,1998,3.1
115,2,30,474,1999,3.12
115,2,30,474,2000,3.18
115,2,30,474,2001,3.14
115,2,30,474,2002,2.77
115,2,30,474,2003,2.6
115,2,30,474,2004,2.63
115,2,30,474,2005,2.72
115,2,30,474,2006,2.78
115,2,30,474,2007,2.85
115,2,30,474,2008,2.97
115,2,30,474,2009,3.07
115,2,30,474,2010,3.22
115,2,30,474,2011,3.2
115,2,30,474,2012,3.28
115,2,30,474,2013,3.36
115,2,30,474,2014,3.4
115,2,30,474,2015,3.39
115,2,30,474,2016,3.43
115,2,30,474,2017,3.38
115,2,31,474,1990,2.76
115,2,31,474,1991,2.83
115,2,31,474,1992,2.99
115,2,31,474,1993,2.97
115,2,31,474,1994,2.96
115,2,31,474,1995,2.84
115,2,31,474,1996,2.99
115,2,31,474,1997,3.09
115,2,31,474,1998,3.25
115,2,31,474,1999,3.42
115,2,31,474,2000,3.63
115,2,31,474,2001,3.74
115,2,31,474,2002,3.45
115,2,31,474,2003,3.02
115,2,31,474,2004,3.09
115,2,31,474,2005,3.16
115,2,31,474,2006,3.34
115,2,31,474,2007,3.24
115,2,31,474,2008,3.3
115,2,31,474,2009,3.28
115,2,31,474,2010,3.54
115,2,31,474,2011,3.58
115,2,31,474,2012,3.65
115,2,31,474,2013,3.74
115,2,31,474,2014,3.78
115,2,31,474,2015,3.79
115,2,31,474,2016,3.88
115,2,31,474,2017,3.88
115,2,32,474,1990,1.16
115,2,32,474,1991,1.23
115,2,32,474,1992,1.25
115,2,32,474,1993,1.23
115,2,32,474,1994,1.21
115,2,32,474,1995,1.13
115,2,32,474,1996,1.24
115,2,32,474,1997,1.33
115,2,32,474,1998,1.37
115,2,32,474,1999,1.4
115,2,32,474,2000,1.42
115,2,32,474,2001,1.44
115,2,32,474,2002,1.4
115,2,32,474,2003,1.33
115,2,32,474,2004,1.38
115,2,32,474,2005,1.42
115,2,32,474,2006,1.55
115,2,32,474,2007,1.46
115,2,32,474,2008,1.49
115,2,32,474,2009,1.48
115,2,32,474,2010,1.61
115,2,32,474,2011,1.6
115,2,32,474,2012,1.69
115,2,32,474,2013,1.78
115,2,32,474,2014,1.82
115,2,32,474,2015,1.86
115,2,32,474,2016,1.97
115,2,32,474,2017,1.97
115,2,235,474,1990,0.34
115,2,235,474,1991,0.37
115,2,235,474,1992,0.38
115,2,235,474,1993,0.39
115,2,235,474,1994,0.38
115,2,235,474,1995,0.34
115,2,235,474,1996,0.4
115,2,235,474,1997,0.44
115,2,235,474,1998,0.48
115,2,235,474,1999,0.51
115,2,235,474,2000,0.56
115,2,235,474,2001,0.59
115,2,235,474,2002,0.57
115,2,235,474,2003,0.54
115,2,235,474,2004,0.54
115,2,235,474,2005,0.52
115,2,235,474,2006,0.56
115,2,235,474,2007,0.56
115,2,235,474,2008,0.6
115,2,235,474,2009,0.62
115,2,235,474,2010,0.73
115,2,235,474,2011,0.75
115,2,235,474,2012,0.79
115,2,235,474,2013,0.84
115,2,235,474,2014,0.88
115,2,235,474,2015,0.91
115,2,235,474,2016,0.96
115,2,235,474,2017,0.98
116,2,8,474,1990,0
116,2,8,474,1991,0
116,2,8,474,1992,0
116,2,8,474,1993,0
116,2,8,474,1994,0
116,2,8,474,1995,0
116,2,8,474,1996,0
116,2,8,474,1997,0
116,2,8,474,1998,0
116,2,8,474,1999,0
116,2,8,474,2000,0
116,2,8,474,2001,0
116,2,8,474,2002,0
116,2,8,474,2003,0
116,2,8,474,2004,0
116,2,8,474,2005,0
116,2,8,474,2006,0
116,2,8,474,2007,0
116,2,8,474,2008,0
116,2,8,474,2009,0
116,2,8,474,2010,0
116,2,8,474,2011,0
116,2,8,474,2012,0
116,2,8,474,2013,0
116,2,8,474,2014,0
116,2,8,474,2015,0
116,2,8,474,2016,0
116,2,8,474,2017,0
116,2,9,474,1990,0
116,2,9,474,1991,0
116,2,9,474,1992,0
116,2,9,474,1993,0
116,2,9,474,1994,0
116,2,9,474,1995,0
116,2,9,474,1996,0
116,2,9,474,1997,0
116,2,9,474,1998,0
116,2,9,474,1999,0
116,2,9,474,2000,0
116,2,9,474,2001,0
116,2,9,474,2002,0
116,2,9,474,2003,0
116,2,9,474,2004,0
116,2,9,474,2005,0
116,2,9,474,2006,0
116,2,9,474,2007,0
116,2,9,474,2008,0
116,2,9,474,2009,0
116,2,9,474,2010,0
116,2,9,474,2011,0
116,2,9,474,2012,0
116,2,9,474,2013,0
116,2,9,474,2014,0
116,2,9,474,2015,0
116,2,9,474,2016,0
116,2,9,474,2017,0
116,2,10,474,1990,0
116,2,10,474,1991,0
116,2,10,474,1992,0
116,2,10,474,1993,0
116,2,10,474,1994,0
116,2,10,474,1995,0
116,2,10,474,1996,0
116,2,10,474,1997,0
116,2,10,474,1998,0
116,2,10,474,1999,0
116,2,10,474,2000,0
116,2,10,474,2001,0
116,2,10,474,2002,0
116,2,10,474,2003,0
116,2,10,474,2004,0
116,2,10,474,2005,0
116,2,10,474,2006,0
116,2,10,474,2007,0
116,2,10,474,2008,0
116,2,10,474,2009,0
116,2,10,474,2010,0
116,2,10,474,2011,0
116,2,10,474,2012,0
116,2,10,474,2013,0
116,2,10,474,2014,0
116,2,10,474,2015,0
116,2,10,474,2016,0
116,2,10,474,2017,0
116,2,11,474,1990,0.01
116,2,11,474,1991,0.01
116,2,11,474,1992,0.01
116,2,11,474,1993,0.01
116,2,11,474,1994,0.01
116,2,11,474,1995,0.01
116,2,11,474,1996,0.01
116,2,11,474,1997,0.01
116,2,11,474,1998,0.01
116,2,11,474,1999,0.01
116,2,11,474,2000,0.01
116,2,11,474,2001,0.01
116,2,11,474,2002,0.01
116,2,11,474,2003,0.01
116,2,11,474,2004,0.01
116,2,11,474,2005,0.01
116,2,11,474,2006,0.01
116,2,11,474,2007,0.01
116,2,11,474,2008,0.01
116,2,11,474,2009,0.01
116,2,11,474,2010,0.01
116,2,11,474,2011,0.01
116,2,11,474,2012,0.01
116,2,11,474,2013,0.01
116,2,11,474,2014,0.01
116,2,11,474,2015,0.01
116,2,11,474,2016,0.01
116,2,11,474,2017,0.01
116,2,12,474,1990,0.01
116,2,12,474,1991,0.01
116,2,12,474,1992,0.01
116,2,12,474,1993,0.01
116,2,12,474,1994,0.01
116,2,12,474,1995,0.01
116,2,12,474,1996,0.01
116,2,12,474,1997,0.01
116,2,12,474,1998,0.01
116,2,12,474,1999,0.01
116,2,12,474,2000,0.01
116,2,12,474,2001,0.01
116,2,12,474,2002,0.01
116,2,12,474,2003,0.01
116,2,12,474,2004,0.01
116,2,12,474,2005,0.01
116,2,12,474,2006,0.01
116,2,12,474,2007,0.01
116,2,12,474,2008,0.01
116,2,12,474,2009,0.01
116,2,12,474,2010,0.01
116,2,12,474,2011,0.01
116,2,12,474,2012,0.01
116,2,12,474,2013,0.01
116,2,12,474,2014,0.01
116,2,12,474,2015,0.01
116,2,12,474,2016,0.01
116,2,12,474,2017,0.01
116,2,13,474,1990,0.02
116,2,13,474,1991,0.02
116,2,13,474,1992,0.02
116,2,13,474,1993,0.02
116,2,13,474,1994,0.02
116,2,13,474,1995,0.02
116,2,13,474,1996,0.02
116,2,13,474,1997,0.02
116,2,13,474,1998,0.02
116,2,13,474,1999,0.02
116,2,13,474,2000,0.02
116,2,13,474,2001,0.02
116,2,13,474,2002,0.02
116,2,13,474,2003,0.02
116,2,13,474,2004,0.02
116,2,13,474,2005,0.02
116,2,13,474,2006,0.02
116,2,13,474,2007,0.02
116,2,13,474,2008,0.03
116,2,13,474,2009,0.03
116,2,13,474,2010,0.03
116,2,13,474,2011,0.03
116,2,13,474,2012,0.03
116,2,13,474,2013,0.03
116,2,13,474,2014,0.03
116,2,13,474,2015,0.03
116,2,13,474,2016,0.03
116,2,13,474,2017,0.03
116,2,14,474,1990,0.02
116,2,14,474,1991,0.02
116,2,14,474,1992,0.02
116,2,14,474,1993,0.02
116,2,14,474,1994,0.02
116,2,14,474,1995,0.02
116,2,14,474,1996,0.02
116,2,14,474,1997,0.02
116,2,14,474,1998,0.03
116,2,14,474,1999,0.03
116,2,14,474,2000,0.03
116,2,14,474,2001,0.03
116,2,14,474,2002,0.03
116,2,14,474,2003,0.03
116,2,14,474,2004,0.03
116,2,14,474,2005,0.03
116,2,14,474,2006,0.03
116,2,14,474,2007,0.03
116,2,14,474,2008,0.03
116,2,14,474,2009,0.04
116,2,14,474,2010,0.04
116,2,14,474,2011,0.04
116,2,14,474,2012,0.04
116,2,14,474,2013,0.04
116,2,14,474,2014,0.04
116,2,14,474,2015,0.05
116,2,14,474,2016,0.05
116,2,14,474,2017,0.05
116,2,15,474,1990,0.05
116,2,15,474,1991,0.05
116,2,15,474,1992,0.05
116,2,15,474,1993,0.05
116,2,15,474,1994,0.04
116,2,15,474,1995,0.04
116,2,15,474,1996,0.05
116,2,15,474,1997,0.05
116,2,15,474,1998,0.05
116,2,15,474,1999,0.05
116,2,15,474,2000,0.05
116,2,15,474,2001,0.05
116,2,15,474,2002,0.06
116,2,15,474,2003,0.05
116,2,15,474,2004,0.05
116,2,15,474,2005,0.06
116,2,15,474,2006,0.06
116,2,15,474,2007,0.07
116,2,15,474,2008,0.07
116,2,15,474,2009,0.08
116,2,15,474,2010,0.08
116,2,15,474,2011,0.09
116,2,15,474,2012,0.1
116,2,15,474,2013,0.1
116,2,15,474,2014,0.1
116,2,15,474,2015,0.11
116,2,15,474,2016,0.11
116,2,15,474,2017,0.11
116,2,16,474,1990,0.05
116,2,16,474,1991,0.05
116,2,16,474,1992,0.06
116,2,16,474,1993,0.06
116,2,16,474,1994,0.06
116,2,16,474,1995,0.07
116,2,16,474,1996,0.07
116,2,16,474,1997,0.06
116,2,16,474,1998,0.07
116,2,16,474,1999,0.07
116,2,16,474,2000,0.07
116,2,16,474,2001,0.07
116,2,16,474,2002,0.07
116,2,16,474,2003,0.07
116,2,16,474,2004,0.07
116,2,16,474,2005,0.07
116,2,16,474,2006,0.07
116,2,16,474,2007,0.08
116,2,16,474,2008,0.08
116,2,16,474,2009,0.08
116,2,16,474,2010,0.09
116,2,16,474,2011,0.1
116,2,16,474,2012,0.1
116,2,16,474,2013,0.11
116,2,16,474,2014,0.12
116,2,16,474,2015,0.13
116,2,16,474,2016,0.13
116,2,16,474,2017,0.14
116,2,17,474,1990,0.09
116,2,17,474,1991,0.08
116,2,17,474,1992,0.09
116,2,17,474,1993,0.09
116,2,17,474,1994,0.11
116,2,17,474,1995,0.11
116,2,17,474,1996,0.11
116,2,17,474,1997,0.1
116,2,17,474,1998,0.09
116,2,17,474,1999,0.09
116,2,17,474,2000,0.09
116,2,17,474,2001,0.09
116,2,17,474,2002,0.1
116,2,17,474,2003,0.1
116,2,17,474,2004,0.1
116,2,17,474,2005,0.1
116,2,17,474,2006,0.11
116,2,17,474,2007,0.11
116,2,17,474,2008,0.12
116,2,17,474,2009,0.12
116,2,17,474,2010,0.13
116,2,17,474,2011,0.14
116,2,17,474,2012,0.14
116,2,17,474,2013,0.14
116,2,17,474,2014,0.15
116,2,17,474,2015,0.16
116,2,17,474,2016,0.17
116,2,17,474,2017,0.17
116,2,18,474,1990,0.13
116,2,18,474,1991,0.13
116,2,18,474,1992,0.13
116,2,18,474,1993,0.13
116,2,18,474,1994,0.14
116,2,18,474,1995,0.14
116,2,18,474,1996,0.14
116,2,18,474,1997,0.13
116,2,18,474,1998,0.12
116,2,18,474,1999,0.12
116,2,18,474,2000,0.12
116,2,18,474,2001,0.13
116,2,18,474,2002,0.13
116,2,18,474,2003,0.13
116,2,18,474,2004,0.14
116,2,18,474,2005,0.14
116,2,18,474,2006,0.14
116,2,18,474,2007,0.15
116,2,18,474,2008,0.15
116,2,18,474,2009,0.15
116,2,18,474,2010,0.16
116,2,18,474,2011,0.17
116,2,18,474,2012,0.18
116,2,18,474,2013,0.19
116,2,18,474,2014,0.2
116,2,18,474,2015,0.2
116,2,18,474,2016,0.21
116,2,18,474,2017,0.21
116,2,19,474,1990,0.18
116,2,19,474,1991,0.18
116,2,19,474,1992,0.19
116,2,19,474,1993,0.19
116,2,19,474,1994,0.2
116,2,19,474,1995,0.21
116,2,19,474,1996,0.21
116,2,19,474,1997,0.2
116,2,19,474,1998,0.2
116,2,19,474,1999,0.2
116,2,19,474,2000,0.2
116,2,19,474,2001,0.2
116,2,19,474,2002,0.2
116,2,19,474,2003,0.2
116,2,19,474,2004,0.19
116,2,19,474,2005,0.2
116,2,19,474,2006,0.2
116,2,19,474,2007,0.21
116,2,19,474,2008,0.22
116,2,19,474,2009,0.22
116,2,19,474,2010,0.24
116,2,19,474,2011,0.25
116,2,19,474,2012,0.27
116,2,19,474,2013,0.27
116,2,19,474,2014,0.28
116,2,19,474,2015,0.29
116,2,19,474,2016,0.29
116,2,19,474,2017,0.3
116,2,20,474,1990,0.18
116,2,20,474,1991,0.18
116,2,20,474,1992,0.19
116,2,20,474,1993,0.19
116,2,20,474,1994,0.2
116,2,20,474,1995,0.21
116,2,20,474,1996,0.21
116,2,20,474,1997,0.21
116,2,20,474,1998,0.21
116,2,20,474,1999,0.21
116,2,20,474,2000,0.21
116,2,20,474,2001,0.22
116,2,20,474,2002,0.21
116,2,20,474,2003,0.21
116,2,20,474,2004,0.21
116,2,20,474,2005,0.21
116,2,20,474,2006,0.21
116,2,20,474,2007,0.22
116,2,20,474,2008,0.23
116,2,20,474,2009,0.24
116,2,20,474,2010,0.25
116,2,20,474,2011,0.26
116,2,20,474,2012,0.28
116,2,20,474,2013,0.29
116,2,20,474,2014,0.3
116,2,20,474,2015,0.31
116,2,20,474,2016,0.32
116,2,20,474,2017,0.32
116,2,22,474,1990,1.16
116,2,22,474,1991,1.17
116,2,22,474,1992,1.18
116,2,22,474,1993,1.19
116,2,22,474,1994,1.24
116,2,22,474,1995,1.3
116,2,22,474,1996,1.32
116,2,22,474,1997,1.28
116,2,22,474,1998,1.29
116,2,22,474,1999,1.33
116,2,22,474,2000,1.33
116,2,22,474,2001,1.37
116,2,22,474,2002,1.43
116,2,22,474,2003,1.46
116,2,22,474,2004,1.47
116,2,22,474,2005,1.51
116,2,22,474,2006,1.57
116,2,22,474,2007,1.65
116,2,22,474,2008,1.74
116,2,22,474,2009,1.79
116,2,22,474,2010,1.89
116,2,22,474,2011,1.99
116,2,22,474,2012,2.07
116,2,22,474,2013,2.13
116,2,22,474,2014,2.21
116,2,22,474,2015,2.27
116,2,22,474,2016,2.34
116,2,22,474,2017,2.4
116,2,30,474,1990,0.19
116,2,30,474,1991,0.19
116,2,30,474,1992,0.19
116,2,30,474,1993,0.19
116,2,30,474,1994,0.19
116,2,30,474,1995,0.2
116,2,30,474,1996,0.21
116,2,30,474,1997,0.2
116,2,30,474,1998,0.21
116,2,30,474,1999,0.22
116,2,30,474,2000,0.22
116,2,30,474,2001,0.23
116,2,30,474,2002,0.25
116,2,30,474,2003,0.26
116,2,30,474,2004,0.26
116,2,30,474,2005,0.27
116,2,30,474,2006,0.28
116,2,30,474,2007,0.29
116,2,30,474,2008,0.3
116,2,30,474,2009,0.3
116,2,30,474,2010,0.31
116,2,30,474,2011,0.32
116,2,30,474,2012,0.33
116,2,30,474,2013,0.33
116,2,30,474,2014,0.35
116,2,30,474,2015,0.36
116,2,30,474,2016,0.37
116,2,30,474,2017,0.38
116,2,31,474,1990,0.15
116,2,31,474,1991,0.15
116,2,31,474,1992,0.15
116,2,31,474,1993,0.14
116,2,31,474,1994,0.15
116,2,31,474,1995,0.15
116,2,31,474,1996,0.16
116,2,31,474,1997,0.15
116,2,31,474,1998,0.16
116,2,31,474,1999,0.17
116,2,31,474,2000,0.18
116,2,31,474,2001,0.18
116,2,31,474,2002,0.2
116,2,31,474,2003,0.2
116,2,31,474,2004,0.21
116,2,31,474,2005,0.22
116,2,31,474,2006,0.24
116,2,31,474,2007,0.25
116,2,31,474,2008,0.26
116,2,31,474,2009,0.27
116,2,31,474,2010,0.29
116,2,31,474,2011,0.3
116,2,31,474,2012,0.31
116,2,31,474,2013,0.31
116,2,31,474,2014,0.33
116,2,31,474,2015,0.33
116,2,31,474,2016,0.33
116,2,31,474,2017,0.34
116,2,32,474,1990,0.06
116,2,32,474,1991,0.07
116,2,32,474,1992,0.07
116,2,32,474,1993,0.07
116,2,32,474,1994,0.08
116,2,32,474,1995,0.08
116,2,32,474,1996,0.08
116,2,32,474,1997,0.08
116,2,32,474,1998,0.09
116,2,32,474,1999,0.09
116,2,32,474,2000,0.1
116,2,32,474,2001,0.11
116,2,32,474,2002,0.12
116,2,32,474,2003,0.12
116,2,32,474,2004,0.13
116,2,32,474,2005,0.14
116,2,32,474,2006,0.15
116,2,32,474,2007,0.16
116,2,32,474,2008,0.18
116,2,32,474,2009,0.18
116,2,32,474,2010,0.2
116,2,32,474,2011,0.21
116,2,32,474,2012,0.21
116,2,32,474,2013,0.22
116,2,32,474,2014,0.23
116,2,32,474,2015,0.23
116,2,32,474,2016,0.24
116,2,32,474,2017,0.24
116,2,235,474,1990,0.02
116,2,235,474,1991,0.02
116,2,235,474,1992,0.02
116,2,235,474,1993,0.02
116,2,235,474,1994,0.02
116,2,235,474,1995,0.02
116,2,235,474,1996,0.02
116,2,235,474,1997,0.02
116,2,235,474,1998,0.02
116,2,235,474,1999,0.03
116,2,235,474,2000,0.03
116,2,235,474,2001,0.03
116,2,235,474,2002,0.03
116,2,235,474,2003,0.03
116,2,235,474,2004,0.03
116,2,235,474,2005,0.04
116,2,235,474,2006,0.04
116,2,235,474,2007,0.04
116,2,235,474,2008,0.05
116,2,235,474,2009,0.05
116,2,235,474,2010,0.06
116,2,235,474,2011,0.06
116,2,235,474,2012,0.07
116,2,235,474,2013,0.07
116,2,235,474,2014,0.07
116,2,235,474,2015,0.08
116,2,235,474,2016,0.08
116,2,235,474,2017,0.08
117,2,8,474,1990,0
117,2,8,474,1991,0
117,2,8,474,1992,0
117,2,8,474,1993,0
117,2,8,474,1994,0
117,2,8,474,1995,0
117,2,8,474,1996,0
117,2,8,474,1997,0
117,2,8,474,1998,0
117,2,8,474,1999,0
117,2,8,474,2000,0
117,2,8,474,2001,0
117,2,8,474,2002,0
117,2,8,474,2003,0
117,2,8,474,2004,0
117,2,8,474,2005,0
117,2,8,474,2006,0
117,2,8,474,2007,0
117,2,8,474,2008,0
117,2,8,474,2009,0
117,2,8,474,2010,0
117,2,8,474,2011,0
117,2,8,474,2012,0
117,2,8,474,2013,0
117,2,8,474,2014,0
117,2,8,474,2015,0
117,2,8,474,2016,0
117,2,8,474,2017,0
117,2,9,474,1990,0
117,2,9,474,1991,0
117,2,9,474,1992,0
117,2,9,474,1993,0
117,2,9,474,1994,0
117,2,9,474,1995,0
117,2,9,474,1996,0
117,2,9,474,1997,0
117,2,9,474,1998,0
117,2,9,474,1999,0
117,2,9,474,2000,0
117,2,9,474,2001,0
117,2,9,474,2002,0
117,2,9,474,2003,0
117,2,9,474,2004,0
117,2,9,474,2005,0
117,2,9,474,2006,0
117,2,9,474,2007,0
117,2,9,474,2008,0
117,2,9,474,2009,0
117,2,9,474,2010,0
117,2,9,474,2011,0
117,2,9,474,2012,0
117,2,9,474,2013,0
117,2,9,474,2014,0
117,2,9,474,2015,0
117,2,9,474,2016,0
117,2,9,474,2017,0
117,2,10,474,1990,0
117,2,10,474,1991,0
117,2,10,474,1992,0
117,2,10,474,1993,0
117,2,10,474,1994,0
117,2,10,474,1995,0
117,2,10,474,1996,0
117,2,10,474,1997,0
117,2,10,474,1998,0
117,2,10,474,1999,0
117,2,10,474,2000,0
117,2,10,474,2001,0
117,2,10,474,2002,0
117,2,10,474,2003,0
117,2,10,474,2004,0
117,2,10,474,2005,0
117,2,10,474,2006,0
117,2,10,474,2007,0
117,2,10,474,2008,0
117,2,10,474,2009,0
117,2,10,474,2010,0
117,2,10,474,2011,0
117,2,10,474,2012,0
117,2,10,474,2013,0
117,2,10,474,2014,0
117,2,10,474,2015,0
117,2,10,474,2016,0
117,2,10,474,2017,0
117,2,11,474,1990,0
117,2,11,474,1991,0
117,2,11,474,1992,0
117,2,11,474,1993,0
117,2,11,474,1994,0
117,2,11,474,1995,0
117,2,11,474,1996,0
117,2,11,474,1997,0
117,2,11,474,1998,0
117,2,11,474,1999,0
117,2,11,474,2000,0
117,2,11,474,2001,0
117,2,11,474,2002,0
117,2,11,474,2003,0
117,2,11,474,2004,0
117,2,11,474,2005,0
117,2,11,474,2006,0
117,2,11,474,2007,0
117,2,11,474,2008,0
117,2,11,474,2009,0
117,2,11,474,2010,0
117,2,11,474,2011,0
117,2,11,474,2012,0
117,2,11,474,2013,0
117,2,11,474,2014,0
117,2,11,474,2015,0
117,2,11,474,2016,0
117,2,11,474,2017,0
117,2,12,474,1990,0.01
117,2,12,474,1991,0.01
117,2,12,474,1992,0.01
117,2,12,474,1993,0.01
117,2,12,474,1994,0.01
117,2,12,474,1995,0.01
117,2,12,474,1996,0.01
117,2,12,474,1997,0.01
117,2,12,474,1998,0.01
117,2,12,474,1999,0.01
117,2,12,474,2000,0.01
117,2,12,474,2001,0.01
117,2,12,474,2002,0.01
117,2,12,474,2003,0.01
117,2,12,474,2004,0
117,2,12,474,2005,0
117,2,12,474,2006,0
117,2,12,474,2007,0
117,2,12,474,2008,0.01
117,2,12,474,2009,0.01
117,2,12,474,2010,0.01
117,2,12,474,2011,0.01
117,2,12,474,2012,0.01
117,2,12,474,2013,0.01
117,2,12,474,2014,0
117,2,12,474,2015,0
117,2,12,474,2016,0.01
117,2,12,474,2017,0.01
117,2,13,474,1990,0.01
117,2,13,474,1991,0.01
117,2,13,474,1992,0.01
117,2,13,474,1993,0.01
117,2,13,474,1994,0.01
117,2,13,474,1995,0.01
117,2,13,474,1996,0.01
117,2,13,474,1997,0.01
117,2,13,474,1998,0.01
117,2,13,474,1999,0.01
117,2,13,474,2000,0.01
117,2,13,474,2001,0.01
117,2,13,474,2002,0.01
117,2,13,474,2003,0.01
117,2,13,474,2004,0.01
117,2,13,474,2005,0.01
117,2,13,474,2006,0.01
117,2,13,474,2007,0.01
117,2,13,474,2008,0.01
117,2,13,474,2009,0.01
117,2,13,474,2010,0.01
117,2,13,474,2011,0.01
117,2,13,474,2012,0.01
117,2,13,474,2013,0.01
117,2,13,474,2014,0.01
117,2,13,474,2015,0.01
117,2,13,474,2016,0.01
117,2,13,474,2017,0.01
117,2,14,474,1990,0.01
117,2,14,474,1991,0.01
117,2,14,474,1992,0.01
117,2,14,474,1993,0.01
117,2,14,474,1994,0.01
117,2,14,474,1995,0.01
117,2,14,474,1996,0.01
117,2,14,474,1997,0.01
117,2,14,474,1998,0.01
117,2,14,474,1999,0.01
117,2,14,474,2000,0.01
117,2,14,474,2001,0.01
117,2,14,474,2002,0.01
117,2,14,474,2003,0.01
117,2,14,474,2004,0.01
117,2,14,474,2005,0.01
117,2,14,474,2006,0.01
117,2,14,474,2007,0.01
117,2,14,474,2008,0.01
117,2,14,474,2009,0.02
117,2,14,474,2010,0.02
117,2,14,474,2011,0.02
117,2,14,474,2012,0.02
117,2,14,474,2013,0.02
117,2,14,474,2014,0.02
117,2,14,474,2015,0.02
117,2,14,474,2016,0.02
117,2,14,474,2017,0.02
117,2,15,474,1990,0.02
117,2,15,474,1991,0.02
117,2,15,474,1992,0.02
117,2,15,474,1993,0.02
117,2,15,474,1994,0.02
117,2,15,474,1995,0.02
117,2,15,474,1996,0.02
117,2,15,474,1997,0.02
117,2,15,474,1998,0.02
117,2,15,474,1999,0.02
117,2,15,474,2000,0.02
117,2,15,474,2001,0.02
117,2,15,474,2002,0.02
117,2,15,474,2003,0.02
117,2,15,474,2004,0.02
117,2,15,474,2005,0.02
117,2,15,474,2006,0.02
117,2,15,474,2007,0.03
117,2,15,474,2008,0.03
117,2,15,474,2009,0.03
117,2,15,474,2010,0.03
117,2,15,474,2011,0.03
117,2,15,474,2012,0.03
117,2,15,474,2013,0.04
117,2,15,474,2014,0.04
117,2,15,474,2015,0.04
117,2,15,474,2016,0.04
117,2,15,474,2017,0.04
117,2,16,474,1990,0.03
117,2,16,474,1991,0.03
117,2,16,474,1992,0.03
117,2,16,474,1993,0.03
117,2,16,474,1994,0.03
117,2,16,474,1995,0.03
117,2,16,474,1996,0.03
117,2,16,474,1997,0.02
117,2,16,474,1998,0.02
117,2,16,474,1999,0.03
117,2,16,474,2000,0.03
117,2,16,474,2001,0.03
117,2,16,474,2002,0.03
117,2,16,474,2003,0.03
117,2,16,474,2004,0.03
117,2,16,474,2005,0.03
117,2,16,474,2006,0.03
117,2,16,474,2007,0.03
117,2,16,474,2008,0.03
117,2,16,474,2009,0.03
117,2,16,474,2010,0.03
117,2,16,474,2011,0.04
117,2,16,474,2012,0.04
117,2,16,474,2013,0.04
117,2,16,474,2014,0.04
117,2,16,474,2015,0.04
117,2,16,474,2016,0.04
117,2,16,474,2017,0.04
117,2,17,474,1990,0.03
117,2,17,474,1991,0.03
117,2,17,474,1992,0.03
117,2,17,474,1993,0.03
117,2,17,474,1994,0.03
117,2,17,474,1995,0.03
117,2,17,474,1996,0.04
117,2,17,474,1997,0.04
117,2,17,474,1998,0.04
117,2,17,474,1999,0.04
117,2,17,474,2000,0.04
117,2,17,474,2001,0.04
117,2,17,474,2002,0.03
117,2,17,474,2003,0.03
117,2,17,474,2004,0.03
117,2,17,474,2005,0.03
117,2,17,474,2006,0.04
117,2,17,474,2007,0.04
117,2,17,474,2008,0.04
117,2,17,474,2009,0.04
117,2,17,474,2010,0.04
117,2,17,474,2011,0.05
117,2,17,474,2012,0.05
117,2,17,474,2013,0.05
117,2,17,474,2014,0.05
117,2,17,474,2015,0.06
117,2,17,474,2016,0.06
117,2,17,474,2017,0.07
117,2,18,474,1990,0.05
117,2,18,474,1991,0.05
117,2,18,474,1992,0.05
117,2,18,474,1993,0.05
117,2,18,474,1994,0.05
117,2,18,474,1995,0.05
117,2,18,474,1996,0.06
117,2,18,474,1997,0.06
117,2,18,474,1998,0.06
117,2,18,474,1999,0.06
117,2,18,474,2000,0.06
117,2,18,474,2001,0.06
117,2,18,474,2002,0.06
117,2,18,474,2003,0.05
117,2,18,474,2004,0.06
117,2,18,474,2005,0.05
117,2,18,474,2006,0.05
117,2,18,474,2007,0.05
117,2,18,474,2008,0.05
117,2,18,474,2009,0.05
117,2,18,474,2010,0.06
117,2,18,474,2011,0.06
117,2,18,474,2012,0.07
117,2,18,474,2013,0.07
117,2,18,474,2014,0.08
117,2,18,474,2015,0.08
117,2,18,474,2016,0.08
117,2,18,474,2017,0.08
117,2,19,474,1990,0.07
117,2,19,474,1991,0.07
117,2,19,474,1992,0.07
117,2,19,474,1993,0.07
117,2,19,474,1994,0.08
117,2,19,474,1995,0.08
117,2,19,474,1996,0.08
117,2,19,474,1997,0.09
117,2,19,474,1998,0.09
117,2,19,474,1999,0.09
117,2,19,474,2000,0.08
117,2,19,474,2001,0.08
117,2,19,474,2002,0.07
117,2,19,474,2003,0.07
117,2,19,474,2004,0.07
117,2,19,474,2005,0.07
117,2,19,474,2006,0.07
117,2,19,474,2007,0.07
117,2,19,474,2008,0.07
117,2,19,474,2009,0.07
117,2,19,474,2010,0.07
117,2,19,474,2011,0.08
117,2,19,474,2012,0.08
117,2,19,474,2013,0.09
117,2,19,474,2014,0.09
117,2,19,474,2015,0.09
117,2,19,474,2016,0.09
117,2,19,474,2017,0.1
117,2,20,474,1990,0.1
117,2,20,474,1991,0.09
117,2,20,474,1992,0.09
117,2,20,474,1993,0.09
117,2,20,474,1994,0.08
117,2,20,474,1995,0.08
117,2,20,474,1996,0.09
117,2,20,474,1997,0.09
117,2,20,474,1998,0.09
117,2,20,474,1999,0.1
117,2,20,474,2000,0.09
117,2,20,474,2001,0.09
117,2,20,474,2002,0.09
117,2,20,474,2003,0.09
117,2,20,474,2004,0.09
117,2,20,474,2005,0.1
117,2,20,474,2006,0.1
117,2,20,474,2007,0.1
117,2,20,474,2008,0.11
117,2,20,474,2009,0.11
117,2,20,474,2010,0.11
117,2,20,474,2011,0.12
117,2,20,474,2012,0.13
117,2,20,474,2013,0.14
117,2,20,474,2014,0.14
117,2,20,474,2015,0.14
117,2,20,474,2016,0.13
117,2,20,474,2017,0.13
117,2,22,474,1990,0.55
117,2,22,474,1991,0.52
117,2,22,474,1992,0.5
117,2,22,474,1993,0.51
117,2,22,474,1994,0.51
117,2,22,474,1995,0.52
117,2,22,474,1996,0.54
117,2,22,474,1997,0.56
117,2,22,474,1998,0.58
117,2,22,474,1999,0.59
117,2,22,474,2000,0.58
117,2,22,474,2001,0.58
117,2,22,474,2002,0.58
117,2,22,474,2003,0.58
117,2,22,474,2004,0.59
117,2,22,474,2005,0.6
117,2,22,474,2006,0.61
117,2,22,474,2007,0.62
117,2,22,474,2008,0.64
117,2,22,474,2009,0.65
117,2,22,474,2010,0.67
117,2,22,474,2011,0.7
117,2,22,474,2012,0.74
117,2,22,474,2013,0.78
117,2,22,474,2014,0.8
117,2,22,474,2015,0.82
117,2,22,474,2016,0.83
117,2,22,474,2017,0.84
117,2,30,474,1990,0.1
117,2,30,474,1991,0.09
117,2,30,474,1992,0.08
117,2,30,474,1993,0.09
117,2,30,474,1994,0.08
117,2,30,474,1995,0.09
117,2,30,474,1996,0.09
117,2,30,474,1997,0.1
117,2,30,474,1998,0.1
117,2,30,474,1999,0.11
117,2,30,474,2000,0.11
117,2,30,474,2001,0.11
117,2,30,474,2002,0.11
117,2,30,474,2003,0.11
117,2,30,474,2004,0.11
117,2,30,474,2005,0.11
117,2,30,474,2006,0.11
117,2,30,474,2007,0.11
117,2,30,474,2008,0.11
117,2,30,474,2009,0.11
117,2,30,474,2010,0.11
117,2,30,474,2011,0.12
117,2,30,474,2012,0.12
117,2,30,474,2013,0.13
117,2,30,474,2014,0.14
117,2,30,474,2015,0.14
117,2,30,474,2016,0.14
117,2,30,474,2017,0.14
117,2,31,474,1990,0.08
117,2,31,474,1991,0.07
117,2,31,474,1992,0.07
117,2,31,474,1993,0.07
117,2,31,474,1994,0.06
117,2,31,474,1995,0.07
117,2,31,474,1996,0.07
117,2,31,474,1997,0.07
117,2,31,474,1998,0.07
117,2,31,474,1999,0.08
117,2,31,474,2000,0.08
117,2,31,474,2001,0.08
117,2,31,474,2002,0.08
117,2,31,474,2003,0.09
117,2,31,474,2004,0.09
117,2,31,474,2005,0.09
117,2,31,474,2006,0.09
117,2,31,474,2007,0.09
117,2,31,474,2008,0.09
117,2,31,474,2009,0.09
117,2,31,474,2010,0.09
117,2,31,474,2011,0.1
117,2,31,474,2012,0.1
117,2,31,474,2013,0.11
117,2,31,474,2014,0.11
117,2,31,474,2015,0.11
117,2,31,474,2016,0.11
117,2,31,474,2017,0.11
117,2,32,474,1990,0.04
117,2,32,474,1991,0.04
117,2,32,474,1992,0.04
117,2,32,474,1993,0.04
117,2,32,474,1994,0.03
117,2,32,474,1995,0.04
117,2,32,474,1996,0.04
117,2,32,474,1997,0.04
117,2,32,474,1998,0.04
117,2,32,474,1999,0.04
117,2,32,474,2000,0.04
117,2,32,474,2001,0.04
117,2,32,474,2002,0.04
117,2,32,474,2003,0.04
117,2,32,474,2004,0.05
117,2,32,474,2005,0.05
117,2,32,474,2006,0.05
117,2,32,474,2007,0.05
117,2,32,474,2008,0.05
117,2,32,474,2009,0.05
117,2,32,474,2010,0.05
117,2,32,474,2011,0.06
117,2,32,474,2012,0.06
117,2,32,474,2013,0.06
117,2,32,474,2014,0.06
117,2,32,474,2015,0.06
117,2,32,474,2016,0.06
117,2,32,474,2017,0.06
117,2,235,474,1990,0.01
117,2,235,474,1991,0.01
117,2,235,474,1992,0.01
117,2,235,474,1993,0.01
117,2,235,474,1994,0.01
117,2,235,474,1995,0.01
117,2,235,474,1996,0.01
117,2,235,474,1997,0.01
117,2,235,474,1998,0.01
117,2,235,474,1999,0.01
117,2,235,474,2000,0.01
117,2,235,474,2001,0.01
117,2,235,474,2002,0.01
117,2,235,474,2003,0.01
117,2,235,474,2004,0.01
117,2,235,474,2005,0.01
117,2,235,474,2006,0.02
117,2,235,474,2007,0.02
117,2,235,474,2008,0.02
117,2,235,474,2009,0.02
117,2,235,474,2010,0.02
117,2,235,474,2011,0.02
117,2,235,474,2012,0.02
117,2,235,474,2013,0.02
117,2,235,474,2014,0.02
117,2,235,474,2015,0.02
117,2,235,474,2016,0.02
117,2,235,474,2017,0.02
118,2,8,474,1990,0
118,2,8,474,1991,0
118,2,8,474,1992,0
118,2,8,474,1993,0
118,2,8,474,1994,0
118,2,8,474,1995,0
118,2,8,474,1996,0
118,2,8,474,1997,0
118,2,8,474,1998,0
118,2,8,474,1999,0
118,2,8,474,2000,0
118,2,8,474,2001,0
118,2,8,474,2002,0
118,2,8,474,2003,0
118,2,8,474,2004,0
118,2,8,474,2005,0
118,2,8,474,2006,0
118,2,8,474,2007,0
118,2,8,474,2008,0
118,2,8,474,2009,0
118,2,8,474,2010,0
118,2,8,474,2011,0
118,2,8,474,2012,0
118,2,8,474,2013,0
118,2,8,474,2014,0
118,2,8,474,2015,0
118,2,8,474,2016,0
118,2,8,474,2017,0
118,2,9,474,1990,0
118,2,9,474,1991,0
118,2,9,474,1992,0
118,2,9,474,1993,0
118,2,9,474,1994,0
118,2,9,474,1995,0
118,2,9,474,1996,0
118,2,9,474,1997,0
118,2,9,474,1998,0
118,2,9,474,1999,0
118,2,9,474,2000,0
118,2,9,474,2001,0
118,2,9,474,2002,0
118,2,9,474,2003,0
118,2,9,474,2004,0
118,2,9,474,2005,0
118,2,9,474,2006,0
118,2,9,474,2007,0
118,2,9,474,2008,0
118,2,9,474,2009,0
118,2,9,474,2010,0
118,2,9,474,2011,0
118,2,9,474,2012,0
118,2,9,474,2013,0
118,2,9,474,2014,0
118,2,9,474,2015,0
118,2,9,474,2016,0
118,2,9,474,2017,0
118,2,10,474,1990,0
118,2,10,474,1991,0
118,2,10,474,1992,0
118,2,10,474,1993,0
118,2,10,474,1994,0
118,2,10,474,1995,0
118,2,10,474,1996,0
118,2,10,474,1997,0
118,2,10,474,1998,0
118,2,10,474,1999,0
118,2,10,474,2000,0
118,2,10,474,2001,0
118,2,10,474,2002,0
118,2,10,474,2003,0
118,2,10,474,2004,0
118,2,10,474,2005,0
118,2,10,474,2006,0
118,2,10,474,2007,0
118,2,10,474,2008,0
118,2,10,474,2009,0
118,2,10,474,2010,0
118,2,10,474,2011,0
118,2,10,474,2012,0
118,2,10,474,2013,0
118,2,10,474,2014,0
118,2,10,474,2015,0
118,2,10,474,2016,0
118,2,10,474,2017,0
118,2,11,474,1990,0.01
118,2,11,474,1991,0.01
118,2,11,474,1992,0.01
118,2,11,474,1993,0.01
118,2,11,474,1994,0.01
118,2,11,474,1995,0.01
118,2,11,474,1996,0.01
118,2,11,474,1997,0.01
118,2,11,474,1998,0.01
118,2,11,474,1999,0.01
118,2,11,474,2000,0.01
118,2,11,474,2001,0.01
118,2,11,474,2002,0.01
118,2,11,474,2003,0.01
118,2,11,474,2004,0.01
118,2,11,474,2005,0.01
118,2,11,474,2006,0.01
118,2,11,474,2007,0.01
118,2,11,474,2008,0.01
118,2,11,474,2009,0.01
118,2,11,474,2010,0.01
118,2,11,474,2011,0.01
118,2,11,474,2012,0.01
118,2,11,474,2013,0.01
118,2,11,474,2014,0.01
118,2,11,474,2015,0.01
118,2,11,474,2016,0.01
118,2,11,474,2017,0.01
118,2,12,474,1990,0.01
118,2,12,474,1991,0.01
118,2,12,474,1992,0.01
118,2,12,474,1993,0.01
118,2,12,474,1994,0.01
118,2,12,474,1995,0.01
118,2,12,474,1996,0.01
118,2,12,474,1997,0.01
118,2,12,474,1998,0.01
118,2,12,474,1999,0.01
118,2,12,474,2000,0.01
118,2,12,474,2001,0.01
118,2,12,474,2002,0.01
118,2,12,474,2003,0.01
118,2,12,474,2004,0.01
118,2,12,474,2005,0.01
118,2,12,474,2006,0.02
118,2,12,474,2007,0.02
118,2,12,474,2008,0.02
118,2,12,474,2009,0.02
118,2,12,474,2010,0.02
118,2,12,474,2011,0.02
118,2,12,474,2012,0.01
118,2,12,474,2013,0.02
118,2,12,474,2014,0.02
118,2,12,474,2015,0.02
118,2,12,474,2016,0.02
118,2,12,474,2017,0.02
118,2,13,474,1990,0.02
118,2,13,474,1991,0.01
118,2,13,474,1992,0.02
118,2,13,474,1993,0.02
118,2,13,474,1994,0.02
118,2,13,474,1995,0.02
118,2,13,474,1996,0.02
118,2,13,474,1997,0.02
118,2,13,474,1998,0.02
118,2,13,474,1999,0.03
118,2,13,474,2000,0.03
118,2,13,474,2001,0.03
118,2,13,474,2002,0.03
118,2,13,474,2003,0.03
118,2,13,474,2004,0.03
118,2,13,474,2005,0.03
118,2,13,474,2006,0.03
118,2,13,474,2007,0.04
118,2,13,474,2008,0.04
118,2,13,474,2009,0.04
118,2,13,474,2010,0.04
118,2,13,474,2011,0.03
118,2,13,474,2012,0.03
118,2,13,474,2013,0.03
118,2,13,474,2014,0.03
118,2,13,474,2015,0.03
118,2,13,474,2016,0.03
118,2,13,474,2017,0.03
118,2,14,474,1990,0.02
118,2,14,474,1991,0.02
118,2,14,474,1992,0.02
118,2,14,474,1993,0.02
118,2,14,474,1994,0.02
118,2,14,474,1995,0.02
118,2,14,474,1996,0.02
118,2,14,474,1997,0.02
118,2,14,474,1998,0.03
118,2,14,474,1999,0.03
118,2,14,474,2000,0.04
118,2,14,474,2001,0.04
118,2,14,474,2002,0.05
118,2,14,474,2003,0.04
118,2,14,474,2004,0.04
118,2,14,474,2005,0.04
118,2,14,474,2006,0.05
118,2,14,474,2007,0.05
118,2,14,474,2008,0.05
118,2,14,474,2009,0.05
118,2,14,474,2010,0.05
118,2,14,474,2011,0.05
118,2,14,474,2012,0.05
118,2,14,474,2013,0.05
118,2,14,474,2014,0.05
118,2,14,474,2015,0.06
118,2,14,474,2016,0.06
118,2,14,474,2017,0.06
118,2,15,474,1990,0.06
118,2,15,474,1991,0.06
118,2,15,474,1992,0.06
118,2,15,474,1993,0.06
118,2,15,474,1994,0.06
118,2,15,474,1995,0.06
118,2,15,474,1996,0.06
118,2,15,474,1997,0.06
118,2,15,474,1998,0.06
118,2,15,474,1999,0.06
118,2,15,474,2000,0.06
118,2,15,474,2001,0.06
118,2,15,474,2002,0.07
118,2,15,474,2003,0.07
118,2,15,474,2004,0.07
118,2,15,474,2005,0.07
118,2,15,474,2006,0.08
118,2,15,474,2007,0.08
118,2,15,474,2008,0.09
118,2,15,474,2009,0.09
118,2,15,474,2010,0.1
118,2,15,474,2011,0.1
118,2,15,474,2012,0.11
118,2,15,474,2013,0.11
118,2,15,474,2014,0.11
118,2,15,474,2015,0.12
118,2,15,474,2016,0.12
118,2,15,474,2017,0.12
118,2,16,474,1990,0.08
118,2,16,474,1991,0.09
118,2,16,474,1992,0.09
118,2,16,474,1993,0.09
118,2,16,474,1994,0.08
118,2,16,474,1995,0.08
118,2,16,474,1996,0.08
118,2,16,474,1997,0.08
118,2,16,474,1998,0.09
118,2,16,474,1999,0.1
118,2,16,474,2000,0.1
118,2,16,474,2001,0.1
118,2,16,474,2002,0.11
118,2,16,474,2003,0.11
118,2,16,474,2004,0.12
118,2,16,474,2005,0.12
118,2,16,474,2006,0.12
118,2,16,474,2007,0.12
118,2,16,474,2008,0.13
118,2,16,474,2009,0.13
118,2,16,474,2010,0.14
118,2,16,474,2011,0.15
118,2,16,474,2012,0.16
118,2,16,474,2013,0.17
118,2,16,474,2014,0.18
118,2,16,474,2015,0.19
118,2,16,474,2016,0.2
118,2,16,474,2017,0.21
118,2,17,474,1990,0.1
118,2,17,474,1991,0.11
118,2,17,474,1992,0.11
118,2,17,474,1993,0.11
118,2,17,474,1994,0.12
118,2,17,474,1995,0.12
118,2,17,474,1996,0.12
118,2,17,474,1997,0.12
118,2,17,474,1998,0.13
118,2,17,474,1999,0.13
118,2,17,474,2000,0.14
118,2,17,474,2001,0.14
118,2,17,474,2002,0.15
118,2,17,474,2003,0.15
118,2,17,474,2004,0.16
118,2,17,474,2005,0.16
118,2,17,474,2006,0.16
118,2,17,474,2007,0.15
118,2,17,474,2008,0.15
118,2,17,474,2009,0.15
118,2,17,474,2010,0.15
118,2,17,474,2011,0.16
118,2,17,474,2012,0.16
118,2,17,474,2013,0.17
118,2,17,474,2014,0.19
118,2,17,474,2015,0.2
118,2,17,474,2016,0.21
118,2,17,474,2017,0.22
118,2,18,474,1990,0.13
118,2,18,474,1991,0.13
118,2,18,474,1992,0.14
118,2,18,474,1993,0.14
118,2,18,474,1994,0.14
118,2,18,474,1995,0.14
118,2,18,474,1996,0.14
118,2,18,474,1997,0.15
118,2,18,474,1998,0.16
118,2,18,474,1999,0.18
118,2,18,474,2000,0.19
118,2,18,474,2001,0.2
118,2,18,474,2002,0.21
118,2,18,474,2003,0.21
118,2,18,474,2004,0.21
118,2,18,474,2005,0.21
118,2,18,474,2006,0.22
118,2,18,474,2007,0.22
118,2,18,474,2008,0.23
118,2,18,474,2009,0.23
118,2,18,474,2010,0.24
118,2,18,474,2011,0.25
118,2,18,474,2012,0.24
118,2,18,474,2013,0.24
118,2,18,474,2014,0.24
118,2,18,474,2015,0.24
118,2,18,474,2016,0.24
118,2,18,474,2017,0.27
118,2,19,474,1990,0.13
118,2,19,474,1991,0.13
118,2,19,474,1992,0.13
118,2,19,474,1993,0.13
118,2,19,474,1994,0.14
118,2,19,474,1995,0.14
118,2,19,474,1996,0.15
118,2,19,474,1997,0.16
118,2,19,474,1998,0.18
118,2,19,474,1999,0.2
118,2,19,474,2000,0.21
118,2,19,474,2001,0.22
118,2,19,474,2002,0.24
118,2,19,474,2003,0.26
118,2,19,474,2004,0.29
118,2,19,474,2005,0.29
118,2,19,474,2006,0.3
118,2,19,474,2007,0.3
118,2,19,474,2008,0.31
118,2,19,474,2009,0.3
118,2,19,474,2010,0.31
118,2,19,474,2011,0.31
118,2,19,474,2012,0.32
118,2,19,474,2013,0.32
118,2,19,474,2014,0.32
118,2,19,474,2015,0.33
118,2,19,474,2016,0.34
118,2,19,474,2017,0.36
118,2,20,474,1990,0.16
118,2,20,474,1991,0.16
118,2,20,474,1992,0.15
118,2,20,474,1993,0.16
118,2,20,474,1994,0.15
118,2,20,474,1995,0.15
118,2,20,474,1996,0.16
118,2,20,474,1997,0.16
118,2,20,474,1998,0.18
118,2,20,474,1999,0.2
118,2,20,474,2000,0.19
118,2,20,474,2001,0.21
118,2,20,474,2002,0.22
118,2,20,474,2003,0.25
118,2,20,474,2004,0.27
118,2,20,474,2005,0.27
118,2,20,474,2006,0.29
118,2,20,474,2007,0.31
118,2,20,474,2008,0.33
118,2,20,474,2009,0.34
118,2,20,474,2010,0.36
118,2,20,474,2011,0.37
118,2,20,474,2012,0.38
118,2,20,474,2013,0.39
118,2,20,474,2014,0.39
118,2,20,474,2015,0.4
118,2,20,474,2016,0.41
118,2,20,474,2017,0.43
118,2,22,474,1990,1.08
118,2,22,474,1991,1.09
118,2,22,474,1992,1.09
118,2,22,474,1993,1.11
118,2,22,474,1994,1.1
118,2,22,474,1995,1.09
118,2,22,474,1996,1.11
118,2,22,474,1997,1.14
118,2,22,474,1998,1.24
118,2,22,474,1999,1.34
118,2,22,474,2000,1.34
118,2,22,474,2001,1.42
118,2,22,474,2002,1.51
118,2,22,474,2003,1.59
118,2,22,474,2004,1.67
118,2,22,474,2005,1.68
118,2,22,474,2006,1.77
118,2,22,474,2007,1.84
118,2,22,474,2008,1.91
118,2,22,474,2009,1.94
118,2,22,474,2010,2.03
118,2,22,474,2011,2.12
118,2,22,474,2012,2.21
118,2,22,474,2013,2.3
118,2,22,474,2014,2.39
118,2,22,474,2015,2.5
118,2,22,474,2016,2.58
118,2,22,474,2017,2.67
118,2,30,474,1990,0.15
118,2,30,474,1991,0.15
118,2,30,474,1992,0.15
118,2,30,474,1993,0.15
118,2,30,474,1994,0.15
118,2,30,474,1995,0.14
118,2,30,474,1996,0.14
118,2,30,474,1997,0.14
118,2,30,474,1998,0.15
118,2,30,474,1999,0.16
118,2,30,474,2000,0.16
118,2,30,474,2001,0.17
118,2,30,474,2002,0.19
118,2,30,474,2003,0.2
118,2,30,474,2004,0.21
118,2,30,474,2005,0.22
118,2,30,474,2006,0.24
118,2,30,474,2007,0.26
118,2,30,474,2008,0.28
118,2,30,474,2009,0.28
118,2,30,474,2010,0.3
118,2,30,474,2011,0.32
118,2,30,474,2012,0.34
118,2,30,474,2013,0.36
118,2,30,474,2014,0.38
118,2,30,474,2015,0.4
118,2,30,474,2016,0.41
118,2,30,474,2017,0.43
118,2,31,474,1990,0.12
118,2,31,474,1991,0.12
118,2,31,474,1992,0.12
118,2,31,474,1993,0.12
118,2,31,474,1994,0.12
118,2,31,474,1995,0.11
118,2,31,474,1996,0.11
118,2,31,474,1997,0.11
118,2,31,474,1998,0.12
118,2,31,474,1999,0.12
118,2,31,474,2000,0.12
118,2,31,474,2001,0.12
118,2,31,474,2002,0.13
118,2,31,474,2003,0.13
118,2,31,474,2004,0.13
118,2,31,474,2005,0.13
118,2,31,474,2006,0.14
118,2,31,474,2007,0.16
118,2,31,474,2008,0.17
118,2,31,474,2009,0.18
118,2,31,474,2010,0.2
118,2,31,474,2011,0.21
118,2,31,474,2012,0.23
118,2,31,474,2013,0.25
118,2,31,474,2014,0.26
118,2,31,474,2015,0.28
118,2,31,474,2016,0.29
118,2,31,474,2017,0.3
118,2,32,474,1990,0.06
118,2,32,474,1991,0.06
118,2,32,474,1992,0.06
118,2,32,474,1993,0.06
118,2,32,474,1994,0.06
118,2,32,474,1995,0.06
118,2,32,474,1996,0.06
118,2,32,474,1997,0.07
118,2,32,474,1998,0.07
118,2,32,474,1999,0.07
118,2,32,474,2000,0.06
118,2,32,474,2001,0.06
118,2,32,474,2002,0.06
118,2,32,474,2003,0.07
118,2,32,474,2004,0.07
118,2,32,474,2005,0.07
118,2,32,474,2006,0.07
118,2,32,474,2007,0.07
118,2,32,474,2008,0.07
118,2,32,474,2009,0.07
118,2,32,474,2010,0.08
118,2,32,474,2011,0.09
118,2,32,474,2012,0.1
118,2,32,474,2013,0.11
118,2,32,474,2014,0.13
118,2,32,474,2015,0.15
118,2,32,474,2016,0.16
118,2,32,474,2017,0.15
118,2,235,474,1990,0.02
118,2,235,474,1991,0.02
118,2,235,474,1992,0.02
118,2,235,474,1993,0.02
118,2,235,474,1994,0.02
118,2,235,474,1995,0.02
118,2,235,474,1996,0.02
118,2,235,474,1997,0.02
118,2,235,474,1998,0.02
118,2,235,474,1999,0.02
118,2,235,474,2000,0.02
118,2,235,474,2001,0.02
118,2,235,474,2002,0.03
118,2,235,474,2003,0.03
118,2,235,474,2004,0.03
118,2,235,474,2005,0.03
118,2,235,474,2006,0.03
118,2,235,474,2007,0.03
118,2,235,474,2008,0.03
118,2,235,474,2009,0.03
118,2,235,474,2010,0.04
118,2,235,474,2011,0.04
118,2,235,474,2012,0.04
118,2,235,474,2013,0.05
118,2,235,474,2014,0.05
118,2,235,474,2015,0.06
118,2,235,474,2016,0.06
118,2,235,474,2017,0.05
119,2,8,474,1990,0.01
119,2,8,474,1991,0.01
119,2,8,474,1992,0.01
119,2,8,474,1993,0.01
119,2,8,474,1994,0.01
119,2,8,474,1995,0.01
119,2,8,474,1996,0.01
119,2,8,474,1997,0.01
119,2,8,474,1998,0.01
119,2,8,474,1999,0.01
119,2,8,474,2000,0.01
119,2,8,474,2001,0.01
119,2,8,474,2002,0.01
119,2,8,474,2003,0.01
119,2,8,474,2004,0.01
119,2,8,474,2005,0.01
119,2,8,474,2006,0.01
119,2,8,474,2007,0.01
119,2,8,474,2008,0.01
119,2,8,474,2009,0.01
119,2,8,474,2010,0.01
119,2,8,474,2011,0.01
119,2,8,474,2012,0
119,2,8,474,2013,0
119,2,8,474,2014,0
119,2,8,474,2015,0
119,2,8,474,2016,0
119,2,8,474,2017,0
119,2,9,474,1990,0.01
119,2,9,474,1991,0.01
119,2,9,474,1992,0.01
119,2,9,474,1993,0.01
119,2,9,474,1994,0.01
119,2,9,474,1995,0.01
119,2,9,474,1996,0.01
119,2,9,474,1997,0.01
119,2,9,474,1998,0.01
119,2,9,474,1999,0.01
119,2,9,474,2000,0.01
119,2,9,474,2001,0.01
119,2,9,474,2002,0.01
119,2,9,474,2003,0.01
119,2,9,474,2004,0.01
119,2,9,474,2005,0.01
119,2,9,474,2006,0.01
119,2,9,474,2007,0.01
119,2,9,474,2008,0.01
119,2,9,474,2009,0.01
119,2,9,474,2010,0.01
119,2,9,474,2011,0.01
119,2,9,474,2012,0.01
119,2,9,474,2013,0.01
119,2,9,474,2014,0
119,2,9,474,2015,0
119,2,9,474,2016,0
119,2,9,474,2017,0
119,2,10,474,1990,0.01
119,2,10,474,1991,0.01
119,2,10,474,1992,0.01
119,2,10,474,1993,0.01
119,2,10,474,1994,0.01
119,2,10,474,1995,0.01
119,2,10,474,1996,0.01
119,2,10,474,1997,0.01
119,2,10,474,1998,0.01
119,2,10,474,1999,0.01
119,2,10,474,2000,0.01
119,2,10,474,2001,0.01
119,2,10,474,2002,0
119,2,10,474,2003,0.01
119,2,10,474,2004,0.01
119,2,10,474,2005,0.01
119,2,10,474,2006,0.01
119,2,10,474,2007,0.01
119,2,10,474,2008,0.01
119,2,10,474,2009,0.01
119,2,10,474,2010,0.01
119,2,10,474,2011,0.01
119,2,10,474,2012,0.01
119,2,10,474,2013,0.01
119,2,10,474,2014,0.01
119,2,10,474,2015,0.01
119,2,10,474,2016,0.01
119,2,10,474,2017,0.01
119,2,11,474,1990,0.01
119,2,11,474,1991,0.01
119,2,11,474,1992,0.01
119,2,11,474,1993,0.02
119,2,11,474,1994,0.02
119,2,11,474,1995,0.02
119,2,11,474,1996,0.01
119,2,11,474,1997,0.01
119,2,11,474,1998,0.01
119,2,11,474,1999,0.01
119,2,11,474,2000,0.01
119,2,11,474,2001,0.01
119,2,11,474,2002,0.01
119,2,11,474,2003,0.01
119,2,11,474,2004,0.01
119,2,11,474,2005,0.01
119,2,11,474,2006,0.01
119,2,11,474,2007,0.01
119,2,11,474,2008,0.01
119,2,11,474,2009,0.01
119,2,11,474,2010,0.01
119,2,11,474,2011,0.01
119,2,11,474,2012,0.01
119,2,11,474,2013,0.01
119,2,11,474,2014,0.01
119,2,11,474,2015,0.01
119,2,11,474,2016,0.01
119,2,11,474,2017,0.01
119,2,12,474,1990,0.07
119,2,12,474,1991,0.08
119,2,12,474,1992,0.08
119,2,12,474,1993,0.09
119,2,12,474,1994,0.09
119,2,12,474,1995,0.08
119,2,12,474,1996,0.07
119,2,12,474,1997,0.07
119,2,12,474,1998,0.08
119,2,12,474,1999,0.07
119,2,12,474,2000,0.06
119,2,12,474,2001,0.06
119,2,12,474,2002,0.06
119,2,12,474,2003,0.06
119,2,12,474,2004,0.06
119,2,12,474,2005,0.06
119,2,12,474,2006,0.06
119,2,12,474,2007,0.06
119,2,12,474,2008,0.07
119,2,12,474,2009,0.07
119,2,12,474,2010,0.07
119,2,12,474,2011,0.07
119,2,12,474,2012,0.07
119,2,12,474,2013,0.06
119,2,12,474,2014,0.06
119,2,12,474,2015,0.06
119,2,12,474,2016,0.06
119,2,12,474,2017,0.06
119,2,13,474,1990,0.07
119,2,13,474,1991,0.07
119,2,13,474,1992,0.07
119,2,13,474,1993,0.08
119,2,13,474,1994,0.09
119,2,13,474,1995,0.09
119,2,13,474,1996,0.08
119,2,13,474,1997,0.08
119,2,13,474,1998,0.08
119,2,13,474,1999,0.09
119,2,13,474,2000,0.07
119,2,13,474,2001,0.07
119,2,13,474,2002,0.07
119,2,13,474,2003,0.08
119,2,13,474,2004,0.09
119,2,13,474,2005,0.09
119,2,13,474,2006,0.08
119,2,13,474,2007,0.08
119,2,13,474,2008,0.08
119,2,13,474,2009,0.08
119,2,13,474,2010,0.08
119,2,13,474,2011,0.08
119,2,13,474,2012,0.07
119,2,13,474,2013,0.07
119,2,13,474,2014,0.07
119,2,13,474,2015,0.07
119,2,13,474,2016,0.07
119,2,13,474,2017,0.07
119,2,14,474,1990,0.07
119,2,14,474,1991,0.07
119,2,14,474,1992,0.07
119,2,14,474,1993,0.07
119,2,14,474,1994,0.07
119,2,14,474,1995,0.07
119,2,14,474,1996,0.07
119,2,14,474,1997,0.07
119,2,14,474,1998,0.07
119,2,14,474,1999,0.07
119,2,14,474,2000,0.07
119,2,14,474,2001,0.08
119,2,14,474,2002,0.08
119,2,14,474,2003,0.08
119,2,14,474,2004,0.08
119,2,14,474,2005,0.08
119,2,14,474,2006,0.08
119,2,14,474,2007,0.08
119,2,14,474,2008,0.08
119,2,14,474,2009,0.09
119,2,14,474,2010,0.09
119,2,14,474,2011,0.08
119,2,14,474,2012,0.08
119,2,14,474,2013,0.08
119,2,14,474,2014,0.08
119,2,14,474,2015,0.07
119,2,14,474,2016,0.07
119,2,14,474,2017,0.07
119,2,15,474,1990,0.14
119,2,15,474,1991,0.14
119,2,15,474,1992,0.13
119,2,15,474,1993,0.14
119,2,15,474,1994,0.15
119,2,15,474,1995,0.14
119,2,15,474,1996,0.14
119,2,15,474,1997,0.14
119,2,15,474,1998,0.14
119,2,15,474,1999,0.15
119,2,15,474,2000,0.14
119,2,15,474,2001,0.14
119,2,15,474,2002,0.14
119,2,15,474,2003,0.15
119,2,15,474,2004,0.15
119,2,15,474,2005,0.14
119,2,15,474,2006,0.15
119,2,15,474,2007,0.17
119,2,15,474,2008,0.18
119,2,15,474,2009,0.18
119,2,15,474,2010,0.18
119,2,15,474,2011,0.18
119,2,15,474,2012,0.18
119,2,15,474,2013,0.19
119,2,15,474,2014,0.19
119,2,15,474,2015,0.19
119,2,15,474,2016,0.19
119,2,15,474,2017,0.19
119,2,16,474,1990,0.38
119,2,16,474,1991,0.4
119,2,16,474,1992,0.39
119,2,16,474,1993,0.39
119,2,16,474,1994,0.4
119,2,16,474,1995,0.37
119,2,16,474,1996,0.37
119,2,16,474,1997,0.35
119,2,16,474,1998,0.33
119,2,16,474,1999,0.37
119,2,16,474,2000,0.34
119,2,16,474,2001,0.33
119,2,16,474,2002,0.36
119,2,16,474,2003,0.36
119,2,16,474,2004,0.37
119,2,16,474,2005,0.38
119,2,16,474,2006,0.39
119,2,16,474,2007,0.39
119,2,16,474,2008,0.41
119,2,16,474,2009,0.42
119,2,16,474,2010,0.45
119,2,16,474,2011,0.48
119,2,16,474,2012,0.49
119,2,16,474,2013,0.5
119,2,16,474,2014,0.51
119,2,16,474,2015,0.52
119,2,16,474,2016,0.53
119,2,16,474,2017,0.55
119,2,17,474,1990,0.54
119,2,17,474,1991,0.57
119,2,17,474,1992,0.56
119,2,17,474,1993,0.57
119,2,17,474,1994,0.59
119,2,17,474,1995,0.51
119,2,17,474,1996,0.5
119,2,17,474,1997,0.48
119,2,17,474,1998,0.46
119,2,17,474,1999,0.52
119,2,17,474,2000,0.46
119,2,17,474,2001,0.43
119,2,17,474,2002,0.47
119,2,17,474,2003,0.46
119,2,17,474,2004,0.49
119,2,17,474,2005,0.51
119,2,17,474,2006,0.53
119,2,17,474,2007,0.54
119,2,17,474,2008,0.6
119,2,17,474,2009,0.61
119,2,17,474,2010,0.62
119,2,17,474,2011,0.63
119,2,17,474,2012,0.63
119,2,17,474,2013,0.68
119,2,17,474,2014,0.7
119,2,17,474,2015,0.72
119,2,17,474,2016,0.77
119,2,17,474,2017,0.8
119,2,18,474,1990,0.86
119,2,18,474,1991,0.87
119,2,18,474,1992,0.87
119,2,18,474,1993,0.85
119,2,18,474,1994,0.83
119,2,18,474,1995,0.74
119,2,18,474,1996,0.76
119,2,18,474,1997,0.73
119,2,18,474,1998,0.69
119,2,18,474,1999,0.74
119,2,18,474,2000,0.63
119,2,18,474,2001,0.62
119,2,18,474,2002,0.67
119,2,18,474,2003,0.66
119,2,18,474,2004,0.69
119,2,18,474,2005,0.71
119,2,18,474,2006,0.73
119,2,18,474,2007,0.72
119,2,18,474,2008,0.77
119,2,18,474,2009,0.82
119,2,18,474,2010,0.86
119,2,18,474,2011,0.91
119,2,18,474,2012,0.91
119,2,18,474,2013,0.96
119,2,18,474,2014,0.99
119,2,18,474,2015,1.03
119,2,18,474,2016,1.07
119,2,18,474,2017,1.11
119,2,19,474,1990,0.8
119,2,19,474,1991,0.85
119,2,19,474,1992,0.83
119,2,19,474,1993,0.85
119,2,19,474,1994,0.88
119,2,19,474,1995,0.79
119,2,19,474,1996,0.78
119,2,19,474,1997,0.71
119,2,19,474,1998,0.66
119,2,19,474,1999,0.73
119,2,19,474,2000,0.64
119,2,19,474,2001,0.61
119,2,19,474,2002,0.64
119,2,19,474,2003,0.62
119,2,19,474,2004,0.65
119,2,19,474,2005,0.69
119,2,19,474,2006,0.7
119,2,19,474,2007,0.72
119,2,19,474,2008,0.79
119,2,19,474,2009,0.81
119,2,19,474,2010,0.83
119,2,19,474,2011,0.84
119,2,19,474,2012,0.85
119,2,19,474,2013,0.89
119,2,19,474,2014,0.93
119,2,19,474,2015,0.97
119,2,19,474,2016,1.03
119,2,19,474,2017,1.07
119,2,20,474,1990,0.98
119,2,20,474,1991,1.03
119,2,20,474,1992,1.03
119,2,20,474,1993,1.01
119,2,20,474,1994,1.03
119,2,20,474,1995,0.89
119,2,20,474,1996,0.91
119,2,20,474,1997,0.85
119,2,20,474,1998,0.83
119,2,20,474,1999,0.91
119,2,20,474,2000,0.82
119,2,20,474,2001,0.81
119,2,20,474,2002,0.86
119,2,20,474,2003,0.88
119,2,20,474,2004,0.91
119,2,20,474,2005,0.95
119,2,20,474,2006,0.94
119,2,20,474,2007,0.87
119,2,20,474,2008,0.95
119,2,20,474,2009,0.99
119,2,20,474,2010,0.98
119,2,20,474,2011,0.98
119,2,20,474,2012,0.97
119,2,20,474,2013,1.04
119,2,20,474,2014,1.07
119,2,20,474,2015,1.1
119,2,20,474,2016,1.15
119,2,20,474,2017,1.18
119,2,22,474,1990,5.65
119,2,22,474,1991,6.02
119,2,22,474,1992,6.01
119,2,22,474,1993,6.1
119,2,22,474,1994,6.29
119,2,22,474,1995,5.62
119,2,22,474,1996,5.66
119,2,22,474,1997,5.38
119,2,22,474,1998,5.16
119,2,22,474,1999,5.62
119,2,22,474,2000,4.96
119,2,22,474,2001,4.87
119,2,22,474,2002,5.19
119,2,22,474,2003,5.17
119,2,22,474,2004,5.37
119,2,22,474,2005,5.55
119,2,22,474,2006,5.6
119,2,22,474,2007,5.54
119,2,22,474,2008,6.01
119,2,22,474,2009,6.21
119,2,22,474,2010,6.33
119,2,22,474,2011,6.4
119,2,22,474,2012,6.39
119,2,22,474,2013,6.76
119,2,22,474,2014,6.94
119,2,22,474,2015,7.15
119,2,22,474,2016,7.5
119,2,22,474,2017,7.72
119,2,30,474,1990,0.75
119,2,30,474,1991,0.83
119,2,30,474,1992,0.84
119,2,30,474,1993,0.87
119,2,30,474,1994,0.91
119,2,30,474,1995,0.82
119,2,30,474,1996,0.8
119,2,30,474,1997,0.74
119,2,30,474,1998,0.72
119,2,30,474,1999,0.79
119,2,30,474,2000,0.71
119,2,30,474,2001,0.71
119,2,30,474,2002,0.75
119,2,30,474,2003,0.76
119,2,30,474,2004,0.78
119,2,30,474,2005,0.79
119,2,30,474,2006,0.77
119,2,30,474,2007,0.75
119,2,30,474,2008,0.8
119,2,30,474,2009,0.82
119,2,30,474,2010,0.83
119,2,30,474,2011,0.81
119,2,30,474,2012,0.81
119,2,30,474,2013,0.87
119,2,30,474,2014,0.89
119,2,30,474,2015,0.92
119,2,30,474,2016,0.98
119,2,30,474,2017,1.01
119,2,31,474,1990,0.7
119,2,31,474,1991,0.76
119,2,31,474,1992,0.77
119,2,31,474,1993,0.8
119,2,31,474,1994,0.83
119,2,31,474,1995,0.74
119,2,31,474,1996,0.75
119,2,31,474,1997,0.75
119,2,31,474,1998,0.71
119,2,31,474,1999,0.75
119,2,31,474,2000,0.65
119,2,31,474,2001,0.63
119,2,31,474,2002,0.65
119,2,31,474,2003,0.64
119,2,31,474,2004,0.64
119,2,31,474,2005,0.65
119,2,31,474,2006,0.67
119,2,31,474,2007,0.68
119,2,31,474,2008,0.75
119,2,31,474,2009,0.75
119,2,31,474,2010,0.75
119,2,31,474,2011,0.75
119,2,31,474,2012,0.74
119,2,31,474,2013,0.77
119,2,31,474,2014,0.79
119,2,31,474,2015,0.81
119,2,31,474,2016,0.85
119,2,31,474,2017,0.87
119,2,32,474,1990,0.23
119,2,32,474,1991,0.26
119,2,32,474,1992,0.27
119,2,32,474,1993,0.3
119,2,32,474,1994,0.33
119,2,32,474,1995,0.3
119,2,32,474,1996,0.32
119,2,32,474,1997,0.31
119,2,32,474,1998,0.3
119,2,32,474,1999,0.32
119,2,32,474,2000,0.28
119,2,32,474,2001,0.29
119,2,32,474,2002,0.33
119,2,32,474,2003,0.33
119,2,32,474,2004,0.35
119,2,32,474,2005,0.37
119,2,32,474,2006,0.37
119,2,32,474,2007,0.36
119,2,32,474,2008,0.4
119,2,32,474,2009,0.41
119,2,32,474,2010,0.41
119,2,32,474,2011,0.41
119,2,32,474,2012,0.41
119,2,32,474,2013,0.45
119,2,32,474,2014,0.47
119,2,32,474,2015,0.48
119,2,32,474,2016,0.5
119,2,32,474,2017,0.51
119,2,235,474,1990,0.05
119,2,235,474,1991,0.05
119,2,235,474,1992,0.05
119,2,235,474,1993,0.06
119,2,235,474,1994,0.06
119,2,235,474,1995,0.05
119,2,235,474,1996,0.06
119,2,235,474,1997,0.06
119,2,235,474,1998,0.06
119,2,235,474,1999,0.07
119,2,235,474,2000,0.06
119,2,235,474,2001,0.06
119,2,235,474,2002,0.07
119,2,235,474,2003,0.07
119,2,235,474,2004,0.07
119,2,235,474,2005,0.08
119,2,235,474,2006,0.09
119,2,235,474,2007,0.1
119,2,235,474,2008,0.12
119,2,235,474,2009,0.14
119,2,235,474,2010,0.15
119,2,235,474,2011,0.15
119,2,235,474,2012,0.15
119,2,235,474,2013,0.17
119,2,235,474,2014,0.18
119,2,235,474,2015,0.19
119,2,235,474,2016,0.21
119,2,235,474,2017,0.21
121,2,8,474,1990,0.04
121,2,8,474,1991,0.04
121,2,8,474,1992,0.04
121,2,8,474,1993,0.04
121,2,8,474,1994,0.05
121,2,8,474,1995,0.05
121,2,8,474,1996,0.05
121,2,8,474,1997,0.06
121,2,8,474,1998,0.06
121,2,8,474,1999,0.07
121,2,8,474,2000,0.07
121,2,8,474,2001,0.08
121,2,8,474,2002,0.08
121,2,8,474,2003,0.08
121,2,8,474,2004,0.08
121,2,8,474,2005,0.08
121,2,8,474,2006,0.08
121,2,8,474,2007,0.08
121,2,8,474,2008,0.08
121,2,8,474,2009,0.08
121,2,8,474,2010,0.08
121,2,8,474,2011,0.07
121,2,8,474,2012,0.07
121,2,8,474,2013,0.07
121,2,8,474,2014,0.07
121,2,8,474,2015,0.07
121,2,8,474,2016,0.07
121,2,8,474,2017,0.07
121,2,9,474,1990,0.08
121,2,9,474,1991,0.08
121,2,9,474,1992,0.08
121,2,9,474,1993,0.08
121,2,9,474,1994,0.08
121,2,9,474,1995,0.09
121,2,9,474,1996,0.09
121,2,9,474,1997,0.09
121,2,9,474,1998,0.1
121,2,9,474,1999,0.1
121,2,9,474,2000,0.1
121,2,9,474,2001,0.11
121,2,9,474,2002,0.11
121,2,9,474,2003,0.11
121,2,9,474,2004,0.11
121,2,9,474,2005,0.11
121,2,9,474,2006,0.11
121,2,9,474,2007,0.11
121,2,9,474,2008,0.1
121,2,9,474,2009,0.1
121,2,9,474,2010,0.1
121,2,9,474,2011,0.1
121,2,9,474,2012,0.1
121,2,9,474,2013,0.1
121,2,9,474,2014,0.1
121,2,9,474,2015,0.1
121,2,9,474,2016,0.1
121,2,9,474,2017,0.1
121,2,10,474,1990,0.12
121,2,10,474,1991,0.13
121,2,10,474,1992,0.13
121,2,10,474,1993,0.13
121,2,10,474,1994,0.13
121,2,10,474,1995,0.14
121,2,10,474,1996,0.14
121,2,10,474,1997,0.14
121,2,10,474,1998,0.15
121,2,10,474,1999,0.15
121,2,10,474,2000,0.16
121,2,10,474,2001,0.16
121,2,10,474,2002,0.17
121,2,10,474,2003,0.17
121,2,10,474,2004,0.17
121,2,10,474,2005,0.17
121,2,10,474,2006,0.17
121,2,10,474,2007,0.17
121,2,10,474,2008,0.16
121,2,10,474,2009,0.16
121,2,10,474,2010,0.16
121,2,10,474,2011,0.16
121,2,10,474,2012,0.16
121,2,10,474,2013,0.16
121,2,10,474,2014,0.16
121,2,10,474,2015,0.16
121,2,10,474,2016,0.16
121,2,10,474,2017,0.16
121,2,11,474,1990,0.16
121,2,11,474,1991,0.17
121,2,11,474,1992,0.17
121,2,11,474,1993,0.17
121,2,11,474,1994,0.18
121,2,11,474,1995,0.18
121,2,11,474,1996,0.19
121,2,11,474,1997,0.19
121,2,11,474,1998,0.19
121,2,11,474,1999,0.2
121,2,11,474,2000,0.21
121,2,11,474,2001,0.21
121,2,11,474,2002,0.22
121,2,11,474,2003,0.22
121,2,11,474,2004,0.23
121,2,11,474,2005,0.23
121,2,11,474,2006,0.23
121,2,11,474,2007,0.23
121,2,11,474,2008,0.23
121,2,11,474,2009,0.23
121,2,11,474,2010,0.23
121,2,11,474,2011,0.23
121,2,11,474,2012,0.23
121,2,11,474,2013,0.23
121,2,11,474,2014,0.23
121,2,11,474,2015,0.23
121,2,11,474,2016,0.23
121,2,11,474,2017,0.23
121,2,12,474,1990,0.34
121,2,12,474,1991,0.34
121,2,12,474,1992,0.34
121,2,12,474,1993,0.35
121,2,12,474,1994,0.36
121,2,12,474,1995,0.37
121,2,12,474,1996,0.39
121,2,12,474,1997,0.4
121,2,12,474,1998,0.41
121,2,12,474,1999,0.42
121,2,12,474,2000,0.43
121,2,12,474,2001,0.44
121,2,12,474,2002,0.45
121,2,12,474,2003,0.45
121,2,12,474,2004,0.46
121,2,12,474,2005,0.46
121,2,12,474,2006,0.46
121,2,12,474,2007,0.46
121,2,12,474,2008,0.46
121,2,12,474,2009,0.47
121,2,12,474,2010,0.47
121,2,12,474,2011,0.48
121,2,12,474,2012,0.49
121,2,12,474,2013,0.49
121,2,12,474,2014,0.5
121,2,12,474,2015,0.51
121,2,12,474,2016,0.52
121,2,12,474,2017,0.52
121,2,13,474,1990,0.37
121,2,13,474,1991,0.39
121,2,13,474,1992,0.4
121,2,13,474,1993,0.42
121,2,13,474,1994,0.44
121,2,13,474,1995,0.46
121,2,13,474,1996,0.46
121,2,13,474,1997,0.47
121,2,13,474,1998,0.48
121,2,13,474,1999,0.49
121,2,13,474,2000,0.51
121,2,13,474,2001,0.52
121,2,13,474,2002,0.54
121,2,13,474,2003,0.55
121,2,13,474,2004,0.55
121,2,13,474,2005,0.56
121,2,13,474,2006,0.56
121,2,13,474,2007,0.57
121,2,13,474,2008,0.57
121,2,13,474,2009,0.58
121,2,13,474,2010,0.59
121,2,13,474,2011,0.59
121,2,13,474,2012,0.6
121,2,13,474,2013,0.61
121,2,13,474,2014,0.62
121,2,13,474,2015,0.64
121,2,13,474,2016,0.66
121,2,13,474,2017,0.67
121,2,14,474,1990,0.8
121,2,14,474,1991,0.83
121,2,14,474,1992,0.88
121,2,14,474,1993,0.92
121,2,14,474,1994,0.95
121,2,14,474,1995,0.96
121,2,14,474,1996,1.01
121,2,14,474,1997,1.05
121,2,14,474,1998,1.08
121,2,14,474,1999,1.12
121,2,14,474,2000,1.17
121,2,14,474,2001,1.17
121,2,14,474,2002,1.2
121,2,14,474,2003,1.23
121,2,14,474,2004,1.26
121,2,14,474,2005,1.29
121,2,14,474,2006,1.32
121,2,14,474,2007,1.37
121,2,14,474,2008,1.4
121,2,14,474,2009,1.42
121,2,14,474,2010,1.44
121,2,14,474,2011,1.45
121,2,14,474,2012,1.47
121,2,14,474,2013,1.49
121,2,14,474,2014,1.51
121,2,14,474,2015,1.54
121,2,14,474,2016,1.57
121,2,14,474,2017,1.6
121,2,15,474,1990,1.04
121,2,15,474,1991,1.09
121,2,15,474,1992,1.15
121,2,15,474,1993,1.21
121,2,15,474,1994,1.25
121,2,15,474,1995,1.29
121,2,15,474,1996,1.31
121,2,15,474,1997,1.39
121,2,15,474,1998,1.42
121,2,15,474,1999,1.46
121,2,15,474,2000,1.48
121,2,15,474,2001,1.54
121,2,15,474,2002,1.61
121,2,15,474,2003,1.65
121,2,15,474,2004,1.7
121,2,15,474,2005,1.78
121,2,15,474,2006,1.79
121,2,15,474,2007,1.84
121,2,15,474,2008,1.87
121,2,15,474,2009,1.91
121,2,15,474,2010,1.96
121,2,15,474,2011,2.01
121,2,15,474,2012,2.05
121,2,15,474,2013,2.09
121,2,15,474,2014,2.13
121,2,15,474,2015,2.17
121,2,15,474,2016,2.2
121,2,15,474,2017,2.22
121,2,16,474,1990,1.48
121,2,16,474,1991,1.53
121,2,16,474,1992,1.55
121,2,16,474,1993,1.61
121,2,16,474,1994,1.66
121,2,16,474,1995,1.71
121,2,16,474,1996,1.75
121,2,16,474,1997,1.83
121,2,16,474,1998,1.89
121,2,16,474,1999,1.95
121,2,16,474,2000,2.01
121,2,16,474,2001,2.05
121,2,16,474,2002,2.17
121,2,16,474,2003,2.24
121,2,16,474,2004,2.3
121,2,16,474,2005,2.35
121,2,16,474,2006,2.46
121,2,16,474,2007,2.57
121,2,16,474,2008,2.66
121,2,16,474,2009,2.74
121,2,16,474,2010,2.86
121,2,16,474,2011,2.87
121,2,16,474,2012,2.9
121,2,16,474,2013,2.94
121,2,16,474,2014,3.01
121,2,16,474,2015,3.09
121,2,16,474,2016,3.18
121,2,16,474,2017,3.26
121,2,17,474,1990,2.28
121,2,17,474,1991,2.37
121,2,17,474,1992,2.49
121,2,17,474,1993,2.6
121,2,17,474,1994,2.67
121,2,17,474,1995,2.74
121,2,17,474,1996,2.77
121,2,17,474,1997,2.81
121,2,17,474,1998,2.84
121,2,17,474,1999,2.9
121,2,17,474,2000,2.97
121,2,17,474,2001,3.04
121,2,17,474,2002,3.17
121,2,17,474,2003,3.26
121,2,17,474,2004,3.35
121,2,17,474,2005,3.46
121,2,17,474,2006,3.52
121,2,17,474,2007,3.73
121,2,17,474,2008,3.83
121,2,17,474,2009,3.93
121,2,17,474,2010,3.98
121,2,17,474,2011,4.17
121,2,17,474,2012,4.27
121,2,17,474,2013,4.39
121,2,17,474,2014,4.52
121,2,17,474,2015,4.7
121,2,17,474,2016,4.74
121,2,17,474,2017,4.8
121,2,18,474,1990,2.76
121,2,18,474,1991,2.94
121,2,18,474,1992,3.1
121,2,18,474,1993,3.3
121,2,18,474,1994,3.47
121,2,18,474,1995,3.62
121,2,18,474,1996,3.66
121,2,18,474,1997,3.83
121,2,18,474,1998,3.91
121,2,18,474,1999,3.99
121,2,18,474,2000,4.06
121,2,18,474,2001,4.09
121,2,18,474,2002,4.11
121,2,18,474,2003,4.14
121,2,18,474,2004,4.2
121,2,18,474,2005,4.31
121,2,18,474,2006,4.42
121,2,18,474,2007,4.61
121,2,18,474,2008,4.76
121,2,18,474,2009,4.91
121,2,18,474,2010,5.05
121,2,18,474,2011,5.15
121,2,18,474,2012,5.39
121,2,18,474,2013,5.55
121,2,18,474,2014,5.71
121,2,18,474,2015,5.81
121,2,18,474,2016,6.13
121,2,18,474,2017,6.35
121,2,19,474,1990,3.57
121,2,19,474,1991,3.71
121,2,19,474,1992,3.9
121,2,19,474,1993,4.16
121,2,19,474,1994,4.44
121,2,19,474,1995,4.75
121,2,19,474,1996,4.95
121,2,19,474,1997,5.24
121,2,19,474,1998,5.5
121,2,19,474,1999,5.77
121,2,19,474,2000,6
121,2,19,474,2001,6.15
121,2,19,474,2002,6.38
121,2,19,474,2003,6.5
121,2,19,474,2004,6.6
121,2,19,474,2005,6.7
121,2,19,474,2006,6.75
121,2,19,474,2007,6.79
121,2,19,474,2008,6.87
121,2,19,474,2009,6.98
121,2,19,474,2010,7.13
121,2,19,474,2011,7.29
121,2,19,474,2012,7.47
121,2,19,474,2013,7.7
121,2,19,474,2014,7.95
121,2,19,474,2015,8.23
121,2,19,474,2016,8.48
121,2,19,474,2017,8.97
121,2,20,474,1990,4.13
121,2,20,474,1991,4.23
121,2,20,474,1992,4.36
121,2,20,474,1993,4.51
121,2,20,474,1994,4.64
121,2,20,474,1995,4.8
121,2,20,474,1996,4.86
121,2,20,474,1997,5.16
121,2,20,474,1998,5.49
121,2,20,474,1999,5.9
121,2,20,474,2000,6.36
121,2,20,474,2001,6.8
121,2,20,474,2002,7.18
121,2,20,474,2003,7.61
121,2,20,474,2004,7.97
121,2,20,474,2005,8.32
121,2,20,474,2006,8.57
121,2,20,474,2007,8.94
121,2,20,474,2008,9.16
121,2,20,474,2009,9.34
121,2,20,474,2010,9.48
121,2,20,474,2011,9.56
121,2,20,474,2012,9.47
121,2,20,474,2013,9.57
121,2,20,474,2014,9.74
121,2,20,474,2015,10.01
121,2,20,474,2016,10.36
121,2,20,474,2017,10.77
121,2,22,474,1990,22.3
121,2,22,474,1991,23.17
121,2,22,474,1992,24.2
121,2,22,474,1993,25.38
121,2,22,474,1994,26.37
121,2,22,474,1995,27.4
121,2,22,474,1996,28.01
121,2,22,474,1997,29.32
121,2,22,474,1998,30.38
121,2,22,474,1999,31.65
121,2,22,474,2000,32.97
121,2,22,474,2001,34.16
121,2,22,474,2002,35.64
121,2,22,474,2003,37.07
121,2,22,474,2004,38.43
121,2,22,474,2005,39.99
121,2,22,474,2006,41.36
121,2,22,474,2007,43.21
121,2,22,474,2008,44.77
121,2,22,474,2009,46.34
121,2,22,474,2010,47.87
121,2,22,474,2011,49.31
121,2,22,474,2012,50.6
121,2,22,474,2013,52.09
121,2,22,474,2014,53.72
121,2,22,474,2015,55.5
121,2,22,474,2016,57.37
121,2,22,474,2017,59.26
121,2,30,474,1990,3.16
121,2,30,474,1991,3.28
121,2,30,474,1992,3.44
121,2,30,474,1993,3.57
121,2,30,474,1994,3.67
121,2,30,474,1995,3.76
121,2,30,474,1996,3.8
121,2,30,474,1997,3.93
121,2,30,474,1998,4.04
121,2,30,474,1999,4.19
121,2,30,474,2000,4.38
121,2,30,474,2001,4.61
121,2,30,474,2002,4.92
121,2,30,474,2003,5.34
121,2,30,474,2004,5.79
121,2,30,474,2005,6.31
121,2,30,474,2006,6.84
121,2,30,474,2007,7.32
121,2,30,474,2008,7.83
121,2,30,474,2009,8.29
121,2,30,474,2010,8.7
121,2,30,474,2011,9.02
121,2,30,474,2012,9.35
121,2,30,474,2013,9.61
121,2,30,474,2014,9.86
121,2,30,474,2015,10.1
121,2,30,474,2016,10.33
121,2,30,474,2017,10.39
121,2,31,474,1990,1.5
121,2,31,474,1991,1.58
121,2,31,474,1992,1.67
121,2,31,474,1993,1.75
121,2,31,474,1994,1.82
121,2,31,474,1995,1.9
121,2,31,474,1996,1.95
121,2,31,474,1997,2.06
121,2,31,474,1998,2.13
121,2,31,474,1999,2.21
121,2,31,474,2000,2.29
121,2,31,474,2001,2.36
121,2,31,474,2002,2.47
121,2,31,474,2003,2.58
121,2,31,474,2004,2.7
121,2,31,474,2005,2.85
121,2,31,474,2006,3.04
121,2,31,474,2007,3.29
121,2,31,474,2008,3.59
121,2,31,474,2009,3.95
121,2,31,474,2010,4.34
121,2,31,474,2011,4.73
121,2,31,474,2012,5.04
121,2,31,474,2013,5.4
121,2,31,474,2014,5.76
121,2,31,474,2015,6.1
121,2,31,474,2016,6.4
121,2,31,474,2017,6.7
121,2,32,474,1990,0.38
121,2,32,474,1991,0.4
121,2,32,474,1992,0.43
121,2,32,474,1993,0.45
121,2,32,474,1994,0.48
121,2,32,474,1995,0.51
121,2,32,474,1996,0.53
121,2,32,474,1997,0.56
121,2,32,474,1998,0.59
121,2,32,474,1999,0.62
121,2,32,474,2000,0.66
121,2,32,474,2001,0.69
121,2,32,474,2002,0.74
121,2,32,474,2003,0.78
121,2,32,474,2004,0.81
121,2,32,474,2005,0.85
121,2,32,474,2006,0.89
121,2,32,474,2007,0.94
121,2,32,474,2008,0.99
121,2,32,474,2009,1.04
121,2,32,474,2010,1.11
121,2,32,474,2011,1.18
121,2,32,474,2012,1.28
121,2,32,474,2013,1.41
121,2,32,474,2014,1.56
121,2,32,474,2015,1.74
121,2,32,474,2016,1.92
121,2,32,474,2017,2.08
121,2,235,474,1990,0.07
121,2,235,474,1991,0.07
121,2,235,474,1992,0.08
121,2,235,474,1993,0.08
121,2,235,474,1994,0.09
121,2,235,474,1995,0.09
121,2,235,474,1996,0.1
121,2,235,474,1997,0.1
121,2,235,474,1998,0.11
121,2,235,474,1999,0.12
121,2,235,474,2000,0.12
121,2,235,474,2001,0.13
121,2,235,474,2002,0.14
121,2,235,474,2003,0.15
121,2,235,474,2004,0.16
121,2,235,474,2005,0.17
121,2,235,474,2006,0.18
121,2,235,474,2007,0.19
121,2,235,474,2008,0.2
121,2,235,474,2009,0.21
121,2,235,474,2010,0.22
121,2,235,474,2011,0.23
121,2,235,474,2012,0.25
121,2,235,474,2013,0.26
121,2,235,474,2014,0.28
121,2,235,474,2015,0.3
121,2,235,474,2016,0.33
121,2,235,474,2017,0.37
122,2,8,474,1990,0.06
122,2,8,474,1991,0.06
122,2,8,474,1992,0.06
122,2,8,474,1993,0.06
122,2,8,474,1994,0.06
122,2,8,474,1995,0.06
122,2,8,474,1996,0.06
122,2,8,474,1997,0.06
122,2,8,474,1998,0.07
122,2,8,474,1999,0.06
122,2,8,474,2000,0.06
122,2,8,474,2001,0.07
122,2,8,474,2002,0.07
122,2,8,474,2003,0.07
122,2,8,474,2004,0.07
122,2,8,474,2005,0.07
122,2,8,474,2006,0.07
122,2,8,474,2007,0.07
122,2,8,474,2008,0.07
122,2,8,474,2009,0.08
122,2,8,474,2010,0.08
122,2,8,474,2011,0.08
122,2,8,474,2012,0.08
122,2,8,474,2013,0.08
122,2,8,474,2014,0.08
122,2,8,474,2015,0.08
122,2,8,474,2016,0.09
122,2,8,474,2017,0.09
122,2,9,474,1990,0.12
122,2,9,474,1991,0.12
122,2,9,474,1992,0.12
122,2,9,474,1993,0.13
122,2,9,474,1994,0.13
122,2,9,474,1995,0.12
122,2,9,474,1996,0.12
122,2,9,474,1997,0.12
122,2,9,474,1998,0.12
122,2,9,474,1999,0.12
122,2,9,474,2000,0.12
122,2,9,474,2001,0.11
122,2,9,474,2002,0.13
122,2,9,474,2003,0.13
122,2,9,474,2004,0.13
122,2,9,474,2005,0.14
122,2,9,474,2006,0.14
122,2,9,474,2007,0.14
122,2,9,474,2008,0.15
122,2,9,474,2009,0.14
122,2,9,474,2010,0.14
122,2,9,474,2011,0.13
122,2,9,474,2012,0.13
122,2,9,474,2013,0.13
122,2,9,474,2014,0.13
122,2,9,474,2015,0.12
122,2,9,474,2016,0.12
122,2,9,474,2017,0.13
122,2,10,474,1990,0.17
122,2,10,474,1991,0.18
122,2,10,474,1992,0.2
122,2,10,474,1993,0.21
122,2,10,474,1994,0.2
122,2,10,474,1995,0.19
122,2,10,474,1996,0.18
122,2,10,474,1997,0.18
122,2,10,474,1998,0.19
122,2,10,474,1999,0.18
122,2,10,474,2000,0.19
122,2,10,474,2001,0.17
122,2,10,474,2002,0.18
122,2,10,474,2003,0.19
122,2,10,474,2004,0.18
122,2,10,474,2005,0.21
122,2,10,474,2006,0.22
122,2,10,474,2007,0.22
122,2,10,474,2008,0.23
122,2,10,474,2009,0.24
122,2,10,474,2010,0.23
122,2,10,474,2011,0.23
122,2,10,474,2012,0.24
122,2,10,474,2013,0.22
122,2,10,474,2014,0.2
122,2,10,474,2015,0.2
122,2,10,474,2016,0.22
122,2,10,474,2017,0.22
122,2,11,474,1990,0.24
122,2,11,474,1991,0.24
122,2,11,474,1992,0.27
122,2,11,474,1993,0.28
122,2,11,474,1994,0.28
122,2,11,474,1995,0.25
122,2,11,474,1996,0.25
122,2,11,474,1997,0.25
122,2,11,474,1998,0.26
122,2,11,474,1999,0.25
122,2,11,474,2000,0.25
122,2,11,474,2001,0.22
122,2,11,474,2002,0.25
122,2,11,474,2003,0.26
122,2,11,474,2004,0.25
122,2,11,474,2005,0.27
122,2,11,474,2006,0.29
122,2,11,474,2007,0.29
122,2,11,474,2008,0.31
122,2,11,474,2009,0.31
122,2,11,474,2010,0.32
122,2,11,474,2011,0.33
122,2,11,474,2012,0.34
122,2,11,474,2013,0.33
122,2,11,474,2014,0.32
122,2,11,474,2015,0.31
122,2,11,474,2016,0.34
122,2,11,474,2017,0.34
122,2,12,474,1990,0.36
122,2,12,474,1991,0.37
122,2,12,474,1992,0.41
122,2,12,474,1993,0.42
122,2,12,474,1994,0.41
122,2,12,474,1995,0.37
122,2,12,474,1996,0.38
122,2,12,474,1997,0.38
122,2,12,474,1998,0.42
122,2,12,474,1999,0.41
122,2,12,474,2000,0.42
122,2,12,474,2001,0.37
122,2,12,474,2002,0.42
122,2,12,474,2003,0.44
122,2,12,474,2004,0.42
122,2,12,474,2005,0.45
122,2,12,474,2006,0.48
122,2,12,474,2007,0.47
122,2,12,474,2008,0.5
122,2,12,474,2009,0.5
122,2,12,474,2010,0.51
122,2,12,474,2011,0.51
122,2,12,474,2012,0.53
122,2,12,474,2013,0.54
122,2,12,474,2014,0.55
122,2,12,474,2015,0.54
122,2,12,474,2016,0.57
122,2,12,474,2017,0.58
122,2,13,474,1990,0.36
122,2,13,474,1991,0.38
122,2,13,474,1992,0.4
122,2,13,474,1993,0.41
122,2,13,474,1994,0.41
122,2,13,474,1995,0.41
122,2,13,474,1996,0.42
122,2,13,474,1997,0.41
122,2,13,474,1998,0.43
122,2,13,474,1999,0.42
122,2,13,474,2000,0.44
122,2,13,474,2001,0.39
122,2,13,474,2002,0.46
122,2,13,474,2003,0.49
122,2,13,474,2004,0.48
122,2,13,474,2005,0.52
122,2,13,474,2006,0.53
122,2,13,474,2007,0.52
122,2,13,474,2008,0.53
122,2,13,474,2009,0.52
122,2,13,474,2010,0.53
122,2,13,474,2011,0.54
122,2,13,474,2012,0.54
122,2,13,474,2013,0.54
122,2,13,474,2014,0.53
122,2,13,474,2015,0.53
122,2,13,474,2016,0.55
122,2,13,474,2017,0.56
122,2,14,474,1990,0.89
122,2,14,474,1991,0.91
122,2,14,474,1992,0.98
122,2,14,474,1993,1.04
122,2,14,474,1994,1.07
122,2,14,474,1995,1.02
122,2,14,474,1996,1.06
122,2,14,474,1997,1.05
122,2,14,474,1998,1.12
122,2,14,474,1999,1.15
122,2,14,474,2000,1.22
122,2,14,474,2001,1.04
122,2,14,474,2002,1.2
122,2,14,474,2003,1.27
122,2,14,474,2004,1.32
122,2,14,474,2005,1.47
122,2,14,474,2006,1.54
122,2,14,474,2007,1.53
122,2,14,474,2008,1.62
122,2,14,474,2009,1.62
122,2,14,474,2010,1.68
122,2,14,474,2011,1.66
122,2,14,474,2012,1.68
122,2,14,474,2013,1.72
122,2,14,474,2014,1.65
122,2,14,474,2015,1.63
122,2,14,474,2016,1.71
122,2,14,474,2017,1.76
122,2,15,474,1990,1.04
122,2,15,474,1991,1.08
122,2,15,474,1992,1.13
122,2,15,474,1993,1.17
122,2,15,474,1994,1.16
122,2,15,474,1995,1.11
122,2,15,474,1996,1.14
122,2,15,474,1997,1.14
122,2,15,474,1998,1.18
122,2,15,474,1999,1.2
122,2,15,474,2000,1.27
122,2,15,474,2001,1.17
122,2,15,474,2002,1.31
122,2,15,474,2003,1.42
122,2,15,474,2004,1.43
122,2,15,474,2005,1.55
122,2,15,474,2006,1.68
122,2,15,474,2007,1.78
122,2,15,474,2008,1.88
122,2,15,474,2009,1.92
122,2,15,474,2010,1.95
122,2,15,474,2011,1.98
122,2,15,474,2012,2.05
122,2,15,474,2013,2.13
122,2,15,474,2014,2.06
122,2,15,474,2015,2.1
122,2,15,474,2016,2.2
122,2,15,474,2017,2.24
122,2,16,474,1990,1.21
122,2,16,474,1991,1.29
122,2,16,474,1992,1.32
122,2,16,474,1993,1.34
122,2,16,474,1994,1.37
122,2,16,474,1995,1.35
122,2,16,474,1996,1.44
122,2,16,474,1997,1.48
122,2,16,474,1998,1.52
122,2,16,474,1999,1.54
122,2,16,474,2000,1.59
122,2,16,474,2001,1.44
122,2,16,474,2002,1.66
122,2,16,474,2003,1.81
122,2,16,474,2004,1.87
122,2,16,474,2005,2.03
122,2,16,474,2006,2.27
122,2,16,474,2007,2.31
122,2,16,474,2008,2.43
122,2,16,474,2009,2.49
122,2,16,474,2010,2.56
122,2,16,474,2011,2.55
122,2,16,474,2012,2.71
122,2,16,474,2013,2.78
122,2,16,474,2014,2.78
122,2,16,474,2015,2.75
122,2,16,474,2016,2.94
122,2,16,474,2017,3.05
122,2,17,474,1990,1.85
122,2,17,474,1991,1.96
122,2,17,474,1992,2.03
122,2,17,474,1993,2.09
122,2,17,474,1994,2.08
122,2,17,474,1995,2.08
122,2,17,474,1996,2.19
122,2,17,474,1997,2.25
122,2,17,474,1998,2.31
122,2,17,474,1999,2.3
122,2,17,474,2000,2.29
122,2,17,474,2001,2.04
122,2,17,474,2002,2.33
122,2,17,474,2003,2.53
122,2,17,474,2004,2.52
122,2,17,474,2005,2.67
122,2,17,474,2006,2.91
122,2,17,474,2007,3.03
122,2,17,474,2008,3.14
122,2,17,474,2009,3.37
122,2,17,474,2010,3.28
122,2,17,474,2011,3.29
122,2,17,474,2012,3.6
122,2,17,474,2013,3.68
122,2,17,474,2014,3.83
122,2,17,474,2015,3.96
122,2,17,474,2016,4.23
122,2,17,474,2017,4.36
122,2,18,474,1990,2.22
122,2,18,474,1991,2.42
122,2,18,474,1992,2.44
122,2,18,474,1993,2.48
122,2,18,474,1994,2.47
122,2,18,474,1995,2.52
122,2,18,474,1996,2.71
122,2,18,474,1997,2.8
122,2,18,474,1998,2.94
122,2,18,474,1999,2.97
122,2,18,474,2000,3.06
122,2,18,474,2001,2.82
122,2,18,474,2002,3.13
122,2,18,474,2003,3.25
122,2,18,474,2004,3.24
122,2,18,474,2005,3.43
122,2,18,474,2006,3.69
122,2,18,474,2007,3.86
122,2,18,474,2008,4.02
122,2,18,474,2009,4.14
122,2,18,474,2010,4.21
122,2,18,474,2011,4.2
122,2,18,474,2012,4.62
122,2,18,474,2013,4.79
122,2,18,474,2014,4.8
122,2,18,474,2015,4.74
122,2,18,474,2016,5.27
122,2,18,474,2017,5.44
122,2,19,474,1990,3.53
122,2,19,474,1991,3.57
122,2,19,474,1992,3.7
122,2,19,474,1993,3.73
122,2,19,474,1994,3.81
122,2,19,474,1995,3.75
122,2,19,474,1996,3.92
122,2,19,474,1997,3.82
122,2,19,474,1998,3.97
122,2,19,474,1999,3.99
122,2,19,474,2000,4.24
122,2,19,474,2001,4.03
122,2,19,474,2002,4.64
122,2,19,474,2003,4.97
122,2,19,474,2004,5.05
122,2,19,474,2005,5.33
122,2,19,474,2006,5.86
122,2,19,474,2007,5.97
122,2,19,474,2008,6.14
122,2,19,474,2009,6.21
122,2,19,474,2010,6.64
122,2,19,474,2011,6.94
122,2,19,474,2012,7.73
122,2,19,474,2013,7.92
122,2,19,474,2014,8.06
122,2,19,474,2015,8.18
122,2,19,474,2016,8.52
122,2,19,474,2017,8.9
122,2,20,474,1990,4.13
122,2,20,474,1991,4.21
122,2,20,474,1992,4.31
122,2,20,474,1993,4.36
122,2,20,474,1994,4.44
122,2,20,474,1995,4.46
122,2,20,474,1996,4.45
122,2,20,474,1997,4.52
122,2,20,474,1998,4.9
122,2,20,474,1999,5.03
122,2,20,474,2000,5.06
122,2,20,474,2001,5.06
122,2,20,474,2002,5.76
122,2,20,474,2003,6.28
122,2,20,474,2004,6.6
122,2,20,474,2005,7.23
122,2,20,474,2006,7.7
122,2,20,474,2007,7.86
122,2,20,474,2008,8.24
122,2,20,474,2009,8.38
122,2,20,474,2010,8.74
122,2,20,474,2011,9.25
122,2,20,474,2012,9.94
122,2,20,474,2013,10.01
122,2,20,474,2014,9.97
122,2,20,474,2015,10.14
122,2,20,474,2016,10.46
122,2,20,474,2017,10.79
122,2,22,474,1990,24.8
122,2,22,474,1991,25.81
122,2,22,474,1992,27.37
122,2,22,474,1993,28.48
122,2,22,474,1994,28.91
122,2,22,474,1995,28.07
122,2,22,474,1996,28.53
122,2,22,474,1997,28.93
122,2,22,474,1998,30.23
122,2,22,474,1999,31.04
122,2,22,474,2000,32.27
122,2,22,474,2001,29.85
122,2,22,474,2002,34.01
122,2,22,474,2003,36.51
122,2,22,474,2004,37.46
122,2,22,474,2005,40.62
122,2,22,474,2006,44.12
122,2,22,474,2007,45.71
122,2,22,474,2008,48.29
122,2,22,474,2009,49.59
122,2,22,474,2010,51.65
122,2,22,474,2011,53.94
122,2,22,474,2012,58.62
122,2,22,474,2013,60.07
122,2,22,474,2014,61.06
122,2,22,474,2015,62.15
122,2,22,474,2016,65.48
122,2,22,474,2017,67.29
122,2,30,474,1990,4.07
122,2,30,474,1991,4.22
122,2,30,474,1992,4.57
122,2,30,474,1993,4.91
122,2,30,474,1994,5
122,2,30,474,1995,4.64
122,2,30,474,1996,4.46
122,2,30,474,1997,4.66
122,2,30,474,1998,4.88
122,2,30,474,1999,5.07
122,2,30,474,2000,5.23
122,2,30,474,2001,4.77
122,2,30,474,2002,5.67
122,2,30,474,2003,6.06
122,2,30,474,2004,6.33
122,2,30,474,2005,6.88
122,2,30,474,2006,7.68
122,2,30,474,2007,7.85
122,2,30,474,2008,8.33
122,2,30,474,2009,8.57
122,2,30,474,2010,9.1
122,2,30,474,2011,9.64
122,2,30,474,2012,10.56
122,2,30,474,2013,10.73
122,2,30,474,2014,10.98
122,2,30,474,2015,10.79
122,2,30,474,2016,11.32
122,2,30,474,2017,11.44
122,2,31,474,1990,3.01
122,2,31,474,1991,3.13
122,2,31,474,1992,3.52
122,2,31,474,1993,3.78
122,2,31,474,1994,3.85
122,2,31,474,1995,3.6
122,2,31,474,1996,3.51
122,2,31,474,1997,3.44
122,2,31,474,1998,3.38
122,2,31,474,1999,3.75
122,2,31,474,2000,4.01
122,2,31,474,2001,3.65
122,2,31,474,2002,4.01
122,2,31,474,2003,4.31
122,2,31,474,2004,4.46
122,2,31,474,2005,4.96
122,2,31,474,2006,5.34
122,2,31,474,2007,6.08
122,2,31,474,2008,6.53
122,2,31,474,2009,6.72
122,2,31,474,2010,7.1
122,2,31,474,2011,7.8
122,2,31,474,2012,8.3
122,2,31,474,2013,8.62
122,2,31,474,2014,8.89
122,2,31,474,2015,9.48
122,2,31,474,2016,9.76
122,2,31,474,2017,9.83
122,2,32,474,1990,1.27
122,2,32,474,1991,1.36
122,2,32,474,1992,1.54
122,2,32,474,1993,1.67
122,2,32,474,1994,1.75
122,2,32,474,1995,1.7
122,2,32,474,1996,1.76
122,2,32,474,1997,1.86
122,2,32,474,1998,1.94
122,2,32,474,1999,1.98
122,2,32,474,2000,2.16
122,2,32,474,2001,1.91
122,2,32,474,2002,2.09
122,2,32,474,2003,2.31
122,2,32,474,2004,2.39
122,2,32,474,2005,2.65
122,2,32,474,2006,2.98
122,2,32,474,2007,3.08
122,2,32,474,2008,3.52
122,2,32,474,2009,3.75
122,2,32,474,2010,4
122,2,32,474,2011,4.23
122,2,32,474,2012,4.9
122,2,32,474,2013,5.09
122,2,32,474,2014,5.37
122,2,32,474,2015,5.57
122,2,32,474,2016,6.14
122,2,32,474,2017,6.31
122,2,235,474,1990,0.28
122,2,235,474,1991,0.31
122,2,235,474,1992,0.36
122,2,235,474,1993,0.39
122,2,235,474,1994,0.42
122,2,235,474,1995,0.44
122,2,235,474,1996,0.48
122,2,235,474,1997,0.53
122,2,235,474,1998,0.58
122,2,235,474,1999,0.6
122,2,235,474,2000,0.67
122,2,235,474,2001,0.61
122,2,235,474,2002,0.68
122,2,235,474,2003,0.74
122,2,235,474,2004,0.71
122,2,235,474,2005,0.77
122,2,235,474,2006,0.74
122,2,235,474,2007,0.65
122,2,235,474,2008,0.66
122,2,235,474,2009,0.64
122,2,235,474,2010,0.58
122,2,235,474,2011,0.59
122,2,235,474,2012,0.67
122,2,235,474,2013,0.77
122,2,235,474,2014,0.88
122,2,235,474,2015,1
122,2,235,474,2016,1.04
122,2,235,474,2017,1.25
123,2,8,474,1990,0.15
123,2,8,474,1991,0.15
123,2,8,474,1992,0.15
123,2,8,474,1993,0.15
123,2,8,474,1994,0.15
123,2,8,474,1995,0.15
123,2,8,474,1996,0.15
123,2,8,474,1997,0.15
123,2,8,474,1998,0.15
123,2,8,474,1999,0.16
123,2,8,474,2000,0.16
123,2,8,474,2001,0.16
123,2,8,474,2002,0.16
123,2,8,474,2003,0.16
123,2,8,474,2004,0.16
123,2,8,474,2005,0.16
123,2,8,474,2006,0.16
123,2,8,474,2007,0.16
123,2,8,474,2008,0.16
123,2,8,474,2009,0.17
123,2,8,474,2010,0.17
123,2,8,474,2011,0.17
123,2,8,474,2012,0.17
123,2,8,474,2013,0.16
123,2,8,474,2014,0.16
123,2,8,474,2015,0.16
123,2,8,474,2016,0.16
123,2,8,474,2017,0.16
123,2,9,474,1990,0.16
123,2,9,474,1991,0.16
123,2,9,474,1992,0.17
123,2,9,474,1993,0.17
123,2,9,474,1994,0.17
123,2,9,474,1995,0.17
123,2,9,474,1996,0.17
123,2,9,474,1997,0.17
123,2,9,474,1998,0.17
123,2,9,474,1999,0.17
123,2,9,474,2000,0.17
123,2,9,474,2001,0.17
123,2,9,474,2002,0.17
123,2,9,474,2003,0.17
123,2,9,474,2004,0.17
123,2,9,474,2005,0.16
123,2,9,474,2006,0.16
123,2,9,474,2007,0.15
123,2,9,474,2008,0.15
123,2,9,474,2009,0.16
123,2,9,474,2010,0.16
123,2,9,474,2011,0.16
123,2,9,474,2012,0.16
123,2,9,474,2013,0.16
123,2,9,474,2014,0.16
123,2,9,474,2015,0.16
123,2,9,474,2016,0.16
123,2,9,474,2017,0.16
123,2,10,474,1990,0.25
123,2,10,474,1991,0.24
123,2,10,474,1992,0.25
123,2,10,474,1993,0.26
123,2,10,474,1994,0.27
123,2,10,474,1995,0.27
123,2,10,474,1996,0.27
123,2,10,474,1997,0.28
123,2,10,474,1998,0.28
123,2,10,474,1999,0.28
123,2,10,474,2000,0.3
123,2,10,474,2001,0.29
123,2,10,474,2002,0.29
123,2,10,474,2003,0.29
123,2,10,474,2004,0.28
123,2,10,474,2005,0.26
123,2,10,474,2006,0.25
123,2,10,474,2007,0.23
123,2,10,474,2008,0.24
123,2,10,474,2009,0.25
123,2,10,474,2010,0.25
123,2,10,474,2011,0.24
123,2,10,474,2012,0.24
123,2,10,474,2013,0.24
123,2,10,474,2014,0.23
123,2,10,474,2015,0.24
123,2,10,474,2016,0.24
123,2,10,474,2017,0.24
123,2,11,474,1990,0.33
123,2,11,474,1991,0.32
123,2,11,474,1992,0.34
123,2,11,474,1993,0.35
123,2,11,474,1994,0.36
123,2,11,474,1995,0.37
123,2,11,474,1996,0.37
123,2,11,474,1997,0.38
123,2,11,474,1998,0.39
123,2,11,474,1999,0.39
123,2,11,474,2000,0.4
123,2,11,474,2001,0.41
123,2,11,474,2002,0.42
123,2,11,474,2003,0.43
123,2,11,474,2004,0.41
123,2,11,474,2005,0.41
123,2,11,474,2006,0.38
123,2,11,474,2007,0.36
123,2,11,474,2008,0.37
123,2,11,474,2009,0.4
123,2,11,474,2010,0.4
123,2,11,474,2011,0.4
123,2,11,474,2012,0.39
123,2,11,474,2013,0.36
123,2,11,474,2014,0.36
123,2,11,474,2015,0.37
123,2,11,474,2016,0.37
123,2,11,474,2017,0.37
123,2,12,474,1990,0.76
123,2,12,474,1991,0.73
123,2,12,474,1992,0.78
123,2,12,474,1993,0.84
123,2,12,474,1994,0.91
123,2,12,474,1995,0.93
123,2,12,474,1996,0.9
123,2,12,474,1997,0.95
123,2,12,474,1998,0.99
123,2,12,474,1999,1
123,2,12,474,2000,1.02
123,2,12,474,2001,1.04
123,2,12,474,2002,1.09
123,2,12,474,2003,1.12
123,2,12,474,2004,1.08
123,2,12,474,2005,1.07
123,2,12,474,2006,1.02
123,2,12,474,2007,0.99
123,2,12,474,2008,1.03
123,2,12,474,2009,1.11
123,2,12,474,2010,1.11
123,2,12,474,2011,1.06
123,2,12,474,2012,1.01
123,2,12,474,2013,0.99
123,2,12,474,2014,0.94
123,2,12,474,2015,0.93
123,2,12,474,2016,0.95
123,2,12,474,2017,0.96
123,2,13,474,1990,0.84
123,2,13,474,1991,0.82
123,2,13,474,1992,0.91
123,2,13,474,1993,0.95
123,2,13,474,1994,1.02
123,2,13,474,1995,1.07
123,2,13,474,1996,1.04
123,2,13,474,1997,1.11
123,2,13,474,1998,1.16
123,2,13,474,1999,1.16
123,2,13,474,2000,1.24
123,2,13,474,2001,1.27
123,2,13,474,2002,1.3
123,2,13,474,2003,1.35
123,2,13,474,2004,1.33
123,2,13,474,2005,1.33
123,2,13,474,2006,1.31
123,2,13,474,2007,1.3
123,2,13,474,2008,1.35
123,2,13,474,2009,1.42
123,2,13,474,2010,1.41
123,2,13,474,2011,1.41
123,2,13,474,2012,1.38
123,2,13,474,2013,1.35
123,2,13,474,2014,1.33
123,2,13,474,2015,1.34
123,2,13,474,2016,1.37
123,2,13,474,2017,1.37
123,2,14,474,1990,1.6
123,2,14,474,1991,1.61
123,2,14,474,1992,1.78
123,2,14,474,1993,1.84
123,2,14,474,1994,1.9
123,2,14,474,1995,2.01
123,2,14,474,1996,1.99
123,2,14,474,1997,2.11
123,2,14,474,1998,2.2
123,2,14,474,1999,2.28
123,2,14,474,2000,2.42
123,2,14,474,2001,2.47
123,2,14,474,2002,2.6
123,2,14,474,2003,2.67
123,2,14,474,2004,2.68
123,2,14,474,2005,2.75
123,2,14,474,2006,2.69
123,2,14,474,2007,2.58
123,2,14,474,2008,2.67
123,2,14,474,2009,2.9
123,2,14,474,2010,2.91
123,2,14,474,2011,2.9
123,2,14,474,2012,2.87
123,2,14,474,2013,2.88
123,2,14,474,2014,2.93
123,2,14,474,2015,2.97
123,2,14,474,2016,3.02
123,2,14,474,2017,3.05
123,2,15,474,1990,2.11
123,2,15,474,1991,2.14
123,2,15,474,1992,2.35
123,2,15,474,1993,2.44
123,2,15,474,1994,2.56
123,2,15,474,1995,2.7
123,2,15,474,1996,2.67
123,2,15,474,1997,2.79
123,2,15,474,1998,2.91
123,2,15,474,1999,3
123,2,15,474,2000,3.16
123,2,15,474,2001,3.16
123,2,15,474,2002,3.3
123,2,15,474,2003,3.47
123,2,15,474,2004,3.57
123,2,15,474,2005,3.63
123,2,15,474,2006,3.63
123,2,15,474,2007,3.7
123,2,15,474,2008,3.92
123,2,15,474,2009,4.25
123,2,15,474,2010,4.3
123,2,15,474,2011,4.35
123,2,15,474,2012,4.38
123,2,15,474,2013,4.4
123,2,15,474,2014,4.34
123,2,15,474,2015,4.26
123,2,15,474,2016,4.32
123,2,15,474,2017,4.5
123,2,16,474,1990,3.14
123,2,16,474,1991,3.11
123,2,16,474,1992,3.4
123,2,16,474,1993,3.52
123,2,16,474,1994,3.69
123,2,16,474,1995,3.97
123,2,16,474,1996,3.99
123,2,16,474,1997,4.15
123,2,16,474,1998,4.25
123,2,16,474,1999,4.39
123,2,16,474,2000,4.61
123,2,16,474,2001,4.62
123,2,16,474,2002,4.83
123,2,16,474,2003,5.05
123,2,16,474,2004,5.14
123,2,16,474,2005,5.16
123,2,16,474,2006,5
123,2,16,474,2007,4.93
123,2,16,474,2008,5.25
123,2,16,474,2009,5.88
123,2,16,474,2010,6.01
123,2,16,474,2011,5.99
123,2,16,474,2012,5.97
123,2,16,474,2013,5.95
123,2,16,474,2014,5.99
123,2,16,474,2015,6.1
123,2,16,474,2016,6.26
123,2,16,474,2017,6.41
123,2,17,474,1990,4.61
123,2,17,474,1991,4.69
123,2,17,474,1992,5.19
123,2,17,474,1993,5.4
123,2,17,474,1994,5.72
123,2,17,474,1995,6.1
123,2,17,474,1996,5.83
123,2,17,474,1997,6.11
123,2,17,474,1998,6.31
123,2,17,474,1999,6.48
123,2,17,474,2000,6.81
123,2,17,474,2001,7.06
123,2,17,474,2002,7.32
123,2,17,474,2003,7.57
123,2,17,474,2004,7.46
123,2,17,474,2005,7.35
123,2,17,474,2006,7.23
123,2,17,474,2007,7.23
123,2,17,474,2008,7.49
123,2,17,474,2009,8.15
123,2,17,474,2010,8.35
123,2,17,474,2011,8.42
123,2,17,474,2012,8.37
123,2,17,474,2013,8.5
123,2,17,474,2014,8.66
123,2,17,474,2015,8.82
123,2,17,474,2016,9.1
123,2,17,474,2017,9.46
123,2,18,474,1990,5.57
123,2,18,474,1991,5.72
123,2,18,474,1992,6.32
123,2,18,474,1993,6.69
123,2,18,474,1994,7.21
123,2,18,474,1995,7.79
123,2,18,474,1996,7.77
123,2,18,474,1997,8.26
123,2,18,474,1998,8.54
123,2,18,474,1999,8.78
123,2,18,474,2000,9.06
123,2,18,474,2001,9.13
123,2,18,474,2002,9.49
123,2,18,474,2003,9.81
123,2,18,474,2004,9.87
123,2,18,474,2005,9.9
123,2,18,474,2006,9.78
123,2,18,474,2007,9.55
123,2,18,474,2008,9.89
123,2,18,474,2009,10.72
123,2,18,474,2010,10.72
123,2,18,474,2011,10.58
123,2,18,474,2012,10.58
123,2,18,474,2013,10.53
123,2,18,474,2014,10.42
123,2,18,474,2015,10.49
123,2,18,474,2016,10.81
123,2,18,474,2017,11.22
123,2,19,474,1990,7.16
123,2,19,474,1991,7.38
123,2,19,474,1992,8.18
123,2,19,474,1993,8.72
123,2,19,474,1994,9.46
123,2,19,474,1995,10.05
123,2,19,474,1996,9.79
123,2,19,474,1997,10.3
123,2,19,474,1998,11.03
123,2,19,474,1999,11.65
123,2,19,474,2000,12.44
123,2,19,474,2001,13.01
123,2,19,474,2002,13.58
123,2,19,474,2003,14.13
123,2,19,474,2004,14.1
123,2,19,474,2005,13.97
123,2,19,474,2006,13.42
123,2,19,474,2007,13.11
123,2,19,474,2008,13.28
123,2,19,474,2009,14.25
123,2,19,474,2010,14.44
123,2,19,474,2011,14.39
123,2,19,474,2012,14.34
123,2,19,474,2013,14.38
123,2,19,474,2014,14.29
123,2,19,474,2015,14.28
123,2,19,474,2016,14.77
123,2,19,474,2017,15.37
123,2,20,474,1990,8.52
123,2,20,474,1991,8.59
123,2,20,474,1992,9.44
123,2,20,474,1993,9.97
123,2,20,474,1994,10.75
123,2,20,474,1995,11.67
123,2,20,474,1996,11.96
123,2,20,474,1997,13.04
123,2,20,474,1998,14.01
123,2,20,474,1999,14.84
123,2,20,474,2000,15.64
123,2,20,474,2001,16.06
123,2,20,474,2002,16.85
123,2,20,474,2003,17.92
123,2,20,474,2004,18.14
123,2,20,474,2005,17.97
123,2,20,474,2006,17.8
123,2,20,474,2007,17.71
123,2,20,474,2008,18.21
123,2,20,474,2009,19.7
123,2,20,474,2010,19.84
123,2,20,474,2011,19.08
123,2,20,474,2012,18.99
123,2,20,474,2013,18.96
123,2,20,474,2014,19.03
123,2,20,474,2015,19.03
123,2,20,474,2016,19.75
123,2,20,474,2017,20.12
123,2,22,474,1990,53.64
123,2,22,474,1991,54.69
123,2,22,474,1992,60.02
123,2,22,474,1993,63.44
123,2,22,474,1994,67.97
123,2,22,474,1995,72.11
123,2,22,474,1996,71.64
123,2,22,474,1997,76.06
123,2,22,474,1998,80.09
123,2,22,474,1999,83.59
123,2,22,474,2000,88.21
123,2,22,474,2001,90.89
123,2,22,474,2002,95.55
123,2,22,474,2003,100.53
123,2,22,474,2004,101.73
123,2,22,474,2005,101.82
123,2,22,474,2006,100.77
123,2,22,474,2007,101.12
123,2,22,474,2008,105.43
123,2,22,474,2009,114.95
123,2,22,474,2010,118.42
123,2,22,474,2011,118.94
123,2,22,474,2012,120.22
123,2,22,474,2013,121.88
123,2,22,474,2014,122.88
123,2,22,474,2015,124.27
123,2,22,474,2016,128.39
123,2,22,474,2017,133.75
123,2,30,474,1990,7.98
123,2,30,474,1991,8.11
123,2,30,474,1992,8.93
123,2,30,474,1993,9.54
123,2,30,474,1994,10.28
123,2,30,474,1995,10.77
123,2,30,474,1996,10.78
123,2,30,474,1997,11.56
123,2,30,474,1998,12.38
123,2,30,474,1999,13.06
123,2,30,474,2000,14.13
123,2,30,474,2001,15.06
123,2,30,474,2002,16.21
123,2,30,474,2003,17.38
123,2,30,474,2004,17.88
123,2,30,474,2005,17.97
123,2,30,474,2006,17.98
123,2,30,474,2007,18.19
123,2,30,474,2008,19.16
123,2,30,474,2009,21.17
123,2,30,474,2010,22.19
123,2,30,474,2011,22.55
123,2,30,474,2012,22.79
123,2,30,474,2013,23.26
123,2,30,474,2014,23.4
123,2,30,474,2015,23.44
123,2,30,474,2016,23.46
123,2,30,474,2017,24.19
123,2,31,474,1990,6.62
123,2,31,474,1991,6.91
123,2,31,474,1992,7.5
123,2,31,474,1993,7.93
123,2,31,474,1994,8.49
123,2,31,474,1995,8.84
123,2,31,474,1996,8.75
123,2,31,474,1997,9.31
123,2,31,474,1998,9.79
123,2,31,474,1999,10.14
123,2,31,474,2000,10.69
123,2,31,474,2001,11.02
123,2,31,474,2002,11.69
123,2,31,474,2003,12.35
123,2,31,474,2004,12.62
123,2,31,474,2005,12.79
123,2,31,474,2006,12.95
123,2,31,474,2007,13.57
123,2,31,474,2008,14.49
123,2,31,474,2009,15.94
123,2,31,474,2010,17.01
123,2,31,474,2011,17.58
123,2,31,474,2012,18.3
123,2,31,474,2013,19.04
123,2,31,474,2014,19.71
123,2,31,474,2015,20.5
123,2,31,474,2016,21.75
123,2,31,474,2017,22.93
123,2,32,474,1990,3
123,2,32,474,1991,3.13
123,2,32,474,1992,3.37
123,2,32,474,1993,3.65
123,2,32,474,1994,3.93
123,2,32,474,1995,4.12
123,2,32,474,1996,4.09
123,2,32,474,1997,4.22
123,2,32,474,1998,4.32
123,2,32,474,1999,4.49
123,2,32,474,2000,4.62
123,2,32,474,2001,4.6
123,2,32,474,2002,4.85
123,2,32,474,2003,5.14
123,2,32,474,2004,5.22
123,2,32,474,2005,5.27
123,2,32,474,2006,5.31
123,2,32,474,2007,5.51
123,2,32,474,2008,5.81
123,2,32,474,2009,6.3
123,2,32,474,2010,6.76
123,2,32,474,2011,7.05
123,2,32,474,2012,7.44
123,2,32,474,2013,7.71
123,2,32,474,2014,7.88
123,2,32,474,2015,8.1
123,2,32,474,2016,8.61
123,2,32,474,2017,9.58
123,2,235,474,1990,0.84
123,2,235,474,1991,0.88
123,2,235,474,1992,0.97
123,2,235,474,1993,1.03
123,2,235,474,1994,1.09
123,2,235,474,1995,1.13
123,2,235,474,1996,1.12
123,2,235,474,1997,1.16
123,2,235,474,1998,1.23
123,2,235,474,1999,1.3
123,2,235,474,2000,1.35
123,2,235,474,2001,1.36
123,2,235,474,2002,1.4
123,2,235,474,2003,1.52
123,2,235,474,2004,1.61
123,2,235,474,2005,1.66
123,2,235,474,2006,1.71
123,2,235,474,2007,1.83
123,2,235,474,2008,1.96
123,2,235,474,2009,2.18
123,2,235,474,2010,2.41
123,2,235,474,2011,2.6
123,2,235,474,2012,2.84
123,2,235,474,2013,3
123,2,235,474,2014,3.05
123,2,235,474,2015,3.09
123,2,235,474,2016,3.29
123,2,235,474,2017,3.67
125,2,8,474,1990,0.17
125,2,8,474,1991,0.17
125,2,8,474,1992,0.17
125,2,8,474,1993,0.17
125,2,8,474,1994,0.17
125,2,8,474,1995,0.17
125,2,8,474,1996,0.17
125,2,8,474,1997,0.17
125,2,8,474,1998,0.17
125,2,8,474,1999,0.17
125,2,8,474,2000,0.17
125,2,8,474,2001,0.18
125,2,8,474,2002,0.18
125,2,8,474,2003,0.18
125,2,8,474,2004,0.19
125,2,8,474,2005,0.18
125,2,8,474,2006,0.2
125,2,8,474,2007,0.19
125,2,8,474,2008,0.2
125,2,8,474,2009,0.2
125,2,8,474,2010,0.21
125,2,8,474,2011,0.21
125,2,8,474,2012,0.21
125,2,8,474,2013,0.2
125,2,8,474,2014,0.21
125,2,8,474,2015,0.19
125,2,8,474,2016,0.2
125,2,8,474,2017,0.2
125,2,9,474,1990,0.26
125,2,9,474,1991,0.27
125,2,9,474,1992,0.27
125,2,9,474,1993,0.26
125,2,9,474,1994,0.25
125,2,9,474,1995,0.24
125,2,9,474,1996,0.23
125,2,9,474,1997,0.23
125,2,9,474,1998,0.22
125,2,9,474,1999,0.22
125,2,9,474,2000,0.23
125,2,9,474,2001,0.25
125,2,9,474,2002,0.25
125,2,9,474,2003,0.25
125,2,9,474,2004,0.27
125,2,9,474,2005,0.24
125,2,9,474,2006,0.25
125,2,9,474,2007,0.22
125,2,9,474,2008,0.23
125,2,9,474,2009,0.23
125,2,9,474,2010,0.23
125,2,9,474,2011,0.22
125,2,9,474,2012,0.22
125,2,9,474,2013,0.21
125,2,9,474,2014,0.22
125,2,9,474,2015,0.22
125,2,9,474,2016,0.23
125,2,9,474,2017,0.23
125,2,10,474,1990,0.53
125,2,10,474,1991,0.55
125,2,10,474,1992,0.55
125,2,10,474,1993,0.54
125,2,10,474,1994,0.53
125,2,10,474,1995,0.52
125,2,10,474,1996,0.48
125,2,10,474,1997,0.45
125,2,10,474,1998,0.42
125,2,10,474,1999,0.43
125,2,10,474,2000,0.41
125,2,10,474,2001,0.44
125,2,10,474,2002,0.44
125,2,10,474,2003,0.44
125,2,10,474,2004,0.45
125,2,10,474,2005,0.42
125,2,10,474,2006,0.47
125,2,10,474,2007,0.43
125,2,10,474,2008,0.44
125,2,10,474,2009,0.44
125,2,10,474,2010,0.45
125,2,10,474,2011,0.45
125,2,10,474,2012,0.45
125,2,10,474,2013,0.42
125,2,10,474,2014,0.43
125,2,10,474,2015,0.42
125,2,10,474,2016,0.43
125,2,10,474,2017,0.44
125,2,11,474,1990,0.92
125,2,11,474,1991,0.96
125,2,11,474,1992,0.97
125,2,11,474,1993,0.98
125,2,11,474,1994,0.98
125,2,11,474,1995,0.96
125,2,11,474,1996,0.94
125,2,11,474,1997,0.92
125,2,11,474,1998,0.86
125,2,11,474,1999,0.87
125,2,11,474,2000,0.86
125,2,11,474,2001,0.9
125,2,11,474,2002,0.88
125,2,11,474,2003,0.86
125,2,11,474,2004,0.88
125,2,11,474,2005,0.81
125,2,11,474,2006,0.86
125,2,11,474,2007,0.81
125,2,11,474,2008,0.85
125,2,11,474,2009,0.86
125,2,11,474,2010,0.88
125,2,11,474,2011,0.87
125,2,11,474,2012,0.89
125,2,11,474,2013,0.87
125,2,11,474,2014,0.9
125,2,11,474,2015,0.87
125,2,11,474,2016,0.89
125,2,11,474,2017,0.88
125,2,12,474,1990,1.6
125,2,12,474,1991,1.67
125,2,12,474,1992,1.68
125,2,12,474,1993,1.7
125,2,12,474,1994,1.75
125,2,12,474,1995,1.75
125,2,12,474,1996,1.72
125,2,12,474,1997,1.7
125,2,12,474,1998,1.6
125,2,12,474,1999,1.6
125,2,12,474,2000,1.58
125,2,12,474,2001,1.63
125,2,12,474,2002,1.66
125,2,12,474,2003,1.61
125,2,12,474,2004,1.63
125,2,12,474,2005,1.59
125,2,12,474,2006,1.75
125,2,12,474,2007,1.6
125,2,12,474,2008,1.62
125,2,12,474,2009,1.6
125,2,12,474,2010,1.61
125,2,12,474,2011,1.59
125,2,12,474,2012,1.61
125,2,12,474,2013,1.57
125,2,12,474,2014,1.66
125,2,12,474,2015,1.7
125,2,12,474,2016,1.78
125,2,12,474,2017,1.74
125,2,13,474,1990,2.4
125,2,13,474,1991,2.51
125,2,13,474,1992,2.57
125,2,13,474,1993,2.55
125,2,13,474,1994,2.65
125,2,13,474,1995,2.71
125,2,13,474,1996,2.74
125,2,13,474,1997,2.86
125,2,13,474,1998,2.75
125,2,13,474,1999,2.93
125,2,13,474,2000,3.07
125,2,13,474,2001,3.12
125,2,13,474,2002,3.26
125,2,13,474,2003,3.35
125,2,13,474,2004,3.39
125,2,13,474,2005,3.28
125,2,13,474,2006,3.35
125,2,13,474,2007,3.23
125,2,13,474,2008,3.26
125,2,13,474,2009,3.29
125,2,13,474,2010,3.25
125,2,13,474,2011,3.08
125,2,13,474,2012,3.12
125,2,13,474,2013,3.09
125,2,13,474,2014,3.09
125,2,13,474,2015,3.16
125,2,13,474,2016,3.2
125,2,13,474,2017,3.13
125,2,14,474,1990,3.54
125,2,14,474,1991,3.64
125,2,14,474,1992,3.7
125,2,14,474,1993,3.66
125,2,14,474,1994,3.81
125,2,14,474,1995,3.89
125,2,14,474,1996,3.92
125,2,14,474,1997,4.09
125,2,14,474,1998,4.08
125,2,14,474,1999,4.31
125,2,14,474,2000,4.49
125,2,14,474,2001,4.47
125,2,14,474,2002,4.46
125,2,14,474,2003,4.63
125,2,14,474,2004,4.85
125,2,14,474,2005,4.79
125,2,14,474,2006,4.97
125,2,14,474,2007,4.94
125,2,14,474,2008,4.95
125,2,14,474,2009,5.01
125,2,14,474,2010,5
125,2,14,474,2011,4.75
125,2,14,474,2012,4.72
125,2,14,474,2013,4.65
125,2,14,474,2014,4.62
125,2,14,474,2015,4.78
125,2,14,474,2016,4.76
125,2,14,474,2017,4.75
125,2,15,474,1990,5.5
125,2,15,474,1991,5.72
125,2,15,474,1992,5.76
125,2,15,474,1993,5.67
125,2,15,474,1994,5.93
125,2,15,474,1995,5.91
125,2,15,474,1996,5.68
125,2,15,474,1997,5.99
125,2,15,474,1998,5.91
125,2,15,474,1999,6.12
125,2,15,474,2000,6.24
125,2,15,474,2001,6.31
125,2,15,474,2002,6.31
125,2,15,474,2003,6.61
125,2,15,474,2004,7.08
125,2,15,474,2005,7.16
125,2,15,474,2006,7.35
125,2,15,474,2007,7.33
125,2,15,474,2008,7.39
125,2,15,474,2009,7.64
125,2,15,474,2010,7.89
125,2,15,474,2011,7.68
125,2,15,474,2012,7.59
125,2,15,474,2013,7.9
125,2,15,474,2014,8.15
125,2,15,474,2015,8.26
125,2,15,474,2016,8.46
125,2,15,474,2017,8.6
125,2,16,474,1990,7.23
125,2,16,474,1991,7.5
125,2,16,474,1992,7.63
125,2,16,474,1993,7.59
125,2,16,474,1994,7.92
125,2,16,474,1995,8.06
125,2,16,474,1996,7.9
125,2,16,474,1997,8.14
125,2,16,474,1998,8.11
125,2,16,474,1999,8.42
125,2,16,474,2000,8.39
125,2,16,474,2001,8.62
125,2,16,474,2002,8.81
125,2,16,474,2003,9.13
125,2,16,474,2004,9.44
125,2,16,474,2005,9.71
125,2,16,474,2006,9.67
125,2,16,474,2007,9.92
125,2,16,474,2008,10.45
125,2,16,474,2009,10.82
125,2,16,474,2010,11.07
125,2,16,474,2011,11.15
125,2,16,474,2012,11.92
125,2,16,474,2013,12.59
125,2,16,474,2014,13.28
125,2,16,474,2015,13.38
125,2,16,474,2016,13.92
125,2,16,474,2017,14.43
125,2,17,474,1990,9.09
125,2,17,474,1991,10.17
125,2,17,474,1992,10.79
125,2,17,474,1993,11.04
125,2,17,474,1994,11.7
125,2,17,474,1995,11.76
125,2,17,474,1996,11.57
125,2,17,474,1997,11.85
125,2,17,474,1998,11.63
125,2,17,474,1999,12.52
125,2,17,474,2000,12.43
125,2,17,474,2001,12.7
125,2,17,474,2002,13.02
125,2,17,474,2003,13.42
125,2,17,474,2004,13.11
125,2,17,474,2005,12.87
125,2,17,474,2006,12.83
125,2,17,474,2007,13.07
125,2,17,474,2008,13.4
125,2,17,474,2009,13.23
125,2,17,474,2010,13.49
125,2,17,474,2011,13.56
125,2,17,474,2012,14.12
125,2,17,474,2013,14.46
125,2,17,474,2014,15.25
125,2,17,474,2015,15.46
125,2,17,474,2016,16.41
125,2,17,474,2017,17.29
125,2,18,474,1990,11.99
125,2,18,474,1991,12.81
125,2,18,474,1992,13.47
125,2,18,474,1993,13.57
125,2,18,474,1994,14.25
125,2,18,474,1995,14.96
125,2,18,474,1996,15.41
125,2,18,474,1997,16.7
125,2,18,474,1998,16.67
125,2,18,474,1999,17.19
125,2,18,474,2000,16.69
125,2,18,474,2001,17.54
125,2,18,474,2002,17.73
125,2,18,474,2003,18.07
125,2,18,474,2004,17.95
125,2,18,474,2005,17.88
125,2,18,474,2006,18.49
125,2,18,474,2007,18.2
125,2,18,474,2008,18.04
125,2,18,474,2009,17.42
125,2,18,474,2010,16.85
125,2,18,474,2011,16.18
125,2,18,474,2012,16.81
125,2,18,474,2013,17.78
125,2,18,474,2014,18.95
125,2,18,474,2015,19.84
125,2,18,474,2016,20.81
125,2,18,474,2017,21.93
125,2,19,474,1990,14.86
125,2,19,474,1991,15.99
125,2,19,474,1992,16.33
125,2,19,474,1993,16.39
125,2,19,474,1994,16.4
125,2,19,474,1995,17.02
125,2,19,474,1996,16.81
125,2,19,474,1997,17.59
125,2,19,474,1998,18.18
125,2,19,474,1999,19.1
125,2,19,474,2000,19.74
125,2,19,474,2001,21.33
125,2,19,474,2002,22.09
125,2,19,474,2003,23.03
125,2,19,474,2004,23.21
125,2,19,474,2005,23.29
125,2,19,474,2006,23.93
125,2,19,474,2007,23.83
125,2,19,474,2008,24.1
125,2,19,474,2009,23.89
125,2,19,474,2010,23.3
125,2,19,474,2011,22.2
125,2,19,474,2012,22.77
125,2,19,474,2013,23.81
125,2,19,474,2014,24.63
125,2,19,474,2015,25.42
125,2,19,474,2016,26.37
125,2,19,474,2017,28.15
125,2,20,474,1990,18.47
125,2,20,474,1991,19.73
125,2,20,474,1992,20.1
125,2,20,474,1993,20.13
125,2,20,474,1994,20.67
125,2,20,474,1995,21.51
125,2,20,474,1996,21.77
125,2,20,474,1997,22.24
125,2,20,474,1998,22.99
125,2,20,474,1999,24.32
125,2,20,474,2000,24.9
125,2,20,474,2001,26.47
125,2,20,474,2002,27.93
125,2,20,474,2003,29.53
125,2,20,474,2004,31.58
125,2,20,474,2005,33.25
125,2,20,474,2006,35.15
125,2,20,474,2007,35.32
125,2,20,474,2008,36
125,2,20,474,2009,35.34
125,2,20,474,2010,34.73
125,2,20,474,2011,32.89
125,2,20,474,2012,34.01
125,2,20,474,2013,34.65
125,2,20,474,2014,36
125,2,20,474,2015,37.23
125,2,20,474,2016,38.94
125,2,20,474,2017,40.24
125,2,22,474,1990,107.75
125,2,22,474,1991,115.21
125,2,22,474,1992,119.1
125,2,22,474,1993,120.58
125,2,22,474,1994,125.86
125,2,22,474,1995,131.65
125,2,22,474,1996,131.16
125,2,22,474,1997,132.35
125,2,22,474,1998,134.09
125,2,22,474,1999,141.71
125,2,22,474,2000,145.35
125,2,22,474,2001,151.2
125,2,22,474,2002,158.45
125,2,22,474,2003,166.82
125,2,22,474,2004,173.21
125,2,22,474,2005,176.96
125,2,22,474,2006,184.28
125,2,22,474,2007,185.83
125,2,22,474,2008,190.61
125,2,22,474,2009,192.32
125,2,22,474,2010,194.77
125,2,22,474,2011,192.35
125,2,22,474,2012,200.11
125,2,22,474,2013,209.29
125,2,22,474,2014,221.64
125,2,22,474,2015,232.08
125,2,22,474,2016,244.38
125,2,22,474,2017,255.75
125,2,30,474,1990,16.38
125,2,30,474,1991,17.41
125,2,30,474,1992,17.96
125,2,30,474,1993,18.35
125,2,30,474,1994,19.03
125,2,30,474,1995,19.42
125,2,30,474,1996,19.33
125,2,30,474,1997,19.34
125,2,30,474,1998,19.76
125,2,30,474,1999,20.91
125,2,30,474,2000,21.51
125,2,30,474,2001,21.85
125,2,30,474,2002,23.58
125,2,30,474,2003,25.22
125,2,30,474,2004,26.05
125,2,30,474,2005,26.85
125,2,30,474,2006,28.09
125,2,30,474,2007,27.95
125,2,30,474,2008,28.7
125,2,30,474,2009,30.31
125,2,30,474,2010,31.66
125,2,30,474,2011,32.09
125,2,30,474,2012,32.98
125,2,30,474,2013,34.51
125,2,30,474,2014,36.34
125,2,30,474,2015,38.61
125,2,30,474,2016,40.69
125,2,30,474,2017,43.32
125,2,31,474,1990,9.99
125,2,31,474,1991,10.87
125,2,31,474,1992,11.65
125,2,31,474,1993,12.03
125,2,31,474,1994,13.3
125,2,31,474,1995,15.22
125,2,31,474,1996,15
125,2,31,474,1997,13.87
125,2,31,474,1998,14.62
125,2,31,474,1999,15.63
125,2,31,474,2000,16.74
125,2,31,474,2001,17.01
125,2,31,474,2002,18.28
125,2,31,474,2003,19.59
125,2,31,474,2004,21.23
125,2,31,474,2005,22.05
125,2,31,474,2006,23.16
125,2,31,474,2007,23.87
125,2,31,474,2008,24.81
125,2,31,474,2009,25.32
125,2,31,474,2010,26.44
125,2,31,474,2011,27.11
125,2,31,474,2012,28.98
125,2,31,474,2013,31.41
125,2,31,474,2014,34.93
125,2,31,474,2015,37.66
125,2,31,474,2016,40.18
125,2,31,474,2017,41.87
125,2,32,474,1990,3.61
125,2,32,474,1991,3.94
125,2,32,474,1992,4.24
125,2,32,474,1993,4.66
125,2,32,474,1994,5.15
125,2,32,474,1995,6.03
125,2,32,474,1996,6.01
125,2,32,474,1997,4.88
125,2,32,474,1998,4.81
125,2,32,474,1999,5.44
125,2,32,474,2000,6.16
125,2,32,474,2001,6.48
125,2,32,474,2002,7.31
125,2,32,474,2003,8.12
125,2,32,474,2004,8.73
125,2,32,474,2005,9.13
125,2,32,474,2006,9.94
125,2,32,474,2007,10.78
125,2,32,474,2008,11.48
125,2,32,474,2009,11.67
125,2,32,474,2010,12.35
125,2,32,474,2011,12.76
125,2,32,474,2012,13.69
125,2,32,474,2013,14.66
125,2,32,474,2014,15.86
125,2,32,474,2015,17.26
125,2,32,474,2016,18.82
125,2,32,474,2017,19.79
125,2,235,474,1990,1.21
125,2,235,474,1991,1.3
125,2,235,474,1992,1.27
125,2,235,474,1993,1.27
125,2,235,474,1994,1.35
125,2,235,474,1995,1.52
125,2,235,474,1996,1.5
125,2,235,474,1997,1.33
125,2,235,474,1998,1.32
125,2,235,474,1999,1.53
125,2,235,474,2000,1.73
125,2,235,474,2001,1.89
125,2,235,474,2002,2.29
125,2,235,474,2003,2.76
125,2,235,474,2004,3.17
125,2,235,474,2005,3.45
125,2,235,474,2006,3.83
125,2,235,474,2007,4.16
125,2,235,474,2008,4.68
125,2,235,474,2009,5.05
125,2,235,474,2010,5.36
125,2,235,474,2011,5.56
125,2,235,474,2012,6.03
125,2,235,474,2013,6.51
125,2,235,474,2014,7.12
125,2,235,474,2015,7.63
125,2,235,474,2016,8.26
125,2,235,474,2017,8.74
126,2,8,474,1990,0.02
126,2,8,474,1991,0.02
126,2,8,474,1992,0.02
126,2,8,474,1993,0.02
126,2,8,474,1994,0.02
126,2,8,474,1995,0.02
126,2,8,474,1996,0.02
126,2,8,474,1997,0.02
126,2,8,474,1998,0.02
126,2,8,474,1999,0.02
126,2,8,474,2000,0.02
126,2,8,474,2001,0.02
126,2,8,474,2002,0.02
126,2,8,474,2003,0.02
126,2,8,474,2004,0.02
126,2,8,474,2005,0.02
126,2,8,474,2006,0.02
126,2,8,474,2007,0.02
126,2,8,474,2008,0.02
126,2,8,474,2009,0.02
126,2,8,474,2010,0.02
126,2,8,474,2011,0.02
126,2,8,474,2012,0.02
126,2,8,474,2013,0.02
126,2,8,474,2014,0.02
126,2,8,474,2015,0.03
126,2,8,474,2016,0.03
126,2,8,474,2017,0.03
126,2,9,474,1990,0.02
126,2,9,474,1991,0.02
126,2,9,474,1992,0.02
126,2,9,474,1993,0.02
126,2,9,474,1994,0.02
126,2,9,474,1995,0.02
126,2,9,474,1996,0.02
126,2,9,474,1997,0.02
126,2,9,474,1998,0.02
126,2,9,474,1999,0.02
126,2,9,474,2000,0.02
126,2,9,474,2001,0.02
126,2,9,474,2002,0.02
126,2,9,474,2003,0.02
126,2,9,474,2004,0.02
126,2,9,474,2005,0.02
126,2,9,474,2006,0.02
126,2,9,474,2007,0.02
126,2,9,474,2008,0.02
126,2,9,474,2009,0.02
126,2,9,474,2010,0.02
126,2,9,474,2011,0.02
126,2,9,474,2012,0.02
126,2,9,474,2013,0.02
126,2,9,474,2014,0.02
126,2,9,474,2015,0.02
126,2,9,474,2016,0.02
126,2,9,474,2017,0.02
126,2,10,474,1990,0.02
126,2,10,474,1991,0.03
126,2,10,474,1992,0.03
126,2,10,474,1993,0.03
126,2,10,474,1994,0.03
126,2,10,474,1995,0.03
126,2,10,474,1996,0.03
126,2,10,474,1997,0.03
126,2,10,474,1998,0.03
126,2,10,474,1999,0.03
126,2,10,474,2000,0.03
126,2,10,474,2001,0.03
126,2,10,474,2002,0.03
126,2,10,474,2003,0.02
126,2,10,474,2004,0.03
126,2,10,474,2005,0.03
126,2,10,474,2006,0.03
126,2,10,474,2007,0.02
126,2,10,474,2008,0.02
126,2,10,474,2009,0.03
126,2,10,474,2010,0.03
126,2,10,474,2011,0.03
126,2,10,474,2012,0.03
126,2,10,474,2013,0.03
126,2,10,474,2014,0.04
126,2,10,474,2015,0.04
126,2,10,474,2016,0.04
126,2,10,474,2017,0.04
126,2,11,474,1990,0.07
126,2,11,474,1991,0.07
126,2,11,474,1992,0.08
126,2,11,474,1993,0.08
126,2,11,474,1994,0.08
126,2,11,474,1995,0.09
126,2,11,474,1996,0.08
126,2,11,474,1997,0.08
126,2,11,474,1998,0.08
126,2,11,474,1999,0.08
126,2,11,474,2000,0.08
126,2,11,474,2001,0.08
126,2,11,474,2002,0.09
126,2,11,474,2003,0.08
126,2,11,474,2004,0.08
126,2,11,474,2005,0.08
126,2,11,474,2006,0.08
126,2,11,474,2007,0.07
126,2,11,474,2008,0.07
126,2,11,474,2009,0.08
126,2,11,474,2010,0.09
126,2,11,474,2011,0.1
126,2,11,474,2012,0.09
126,2,11,474,2013,0.1
126,2,11,474,2014,0.1
126,2,11,474,2015,0.09
126,2,11,474,2016,0.1
126,2,11,474,2017,0.1
126,2,12,474,1990,0.08
126,2,12,474,1991,0.08
126,2,12,474,1992,0.08
126,2,12,474,1993,0.09
126,2,12,474,1994,0.09
126,2,12,474,1995,0.09
126,2,12,474,1996,0.1
126,2,12,474,1997,0.1
126,2,12,474,1998,0.1
126,2,12,474,1999,0.1
126,2,12,474,2000,0.1
126,2,12,474,2001,0.1
126,2,12,474,2002,0.09
126,2,12,474,2003,0.09
126,2,12,474,2004,0.09
126,2,12,474,2005,0.09
126,2,12,474,2006,0.09
126,2,12,474,2007,0.08
126,2,12,474,2008,0.09
126,2,12,474,2009,0.09
126,2,12,474,2010,0.1
126,2,12,474,2011,0.11
126,2,12,474,2012,0.11
126,2,12,474,2013,0.11
126,2,12,474,2014,0.11
126,2,12,474,2015,0.12
126,2,12,474,2016,0.13
126,2,12,474,2017,0.13
126,2,13,474,1990,0.18
126,2,13,474,1991,0.19
126,2,13,474,1992,0.2
126,2,13,474,1993,0.19
126,2,13,474,1994,0.23
126,2,13,474,1995,0.26
126,2,13,474,1996,0.28
126,2,13,474,1997,0.28
126,2,13,474,1998,0.31
126,2,13,474,1999,0.3
126,2,13,474,2000,0.3
126,2,13,474,2001,0.32
126,2,13,474,2002,0.31
126,2,13,474,2003,0.33
126,2,13,474,2004,0.34
126,2,13,474,2005,0.34
126,2,13,474,2006,0.32
126,2,13,474,2007,0.29
126,2,13,474,2008,0.3
126,2,13,474,2009,0.33
126,2,13,474,2010,0.35
126,2,13,474,2011,0.36
126,2,13,474,2012,0.37
126,2,13,474,2013,0.36
126,2,13,474,2014,0.36
126,2,13,474,2015,0.35
126,2,13,474,2016,0.36
126,2,13,474,2017,0.36
126,2,14,474,1990,0.24
126,2,14,474,1991,0.26
126,2,14,474,1992,0.25
126,2,14,474,1993,0.25
126,2,14,474,1994,0.29
126,2,14,474,1995,0.33
126,2,14,474,1996,0.35
126,2,14,474,1997,0.33
126,2,14,474,1998,0.33
126,2,14,474,1999,0.35
126,2,14,474,2000,0.36
126,2,14,474,2001,0.4
126,2,14,474,2002,0.44
126,2,14,474,2003,0.44
126,2,14,474,2004,0.44
126,2,14,474,2005,0.46
126,2,14,474,2006,0.47
126,2,14,474,2007,0.42
126,2,14,474,2008,0.45
126,2,14,474,2009,0.48
126,2,14,474,2010,0.5
126,2,14,474,2011,0.5
126,2,14,474,2012,0.51
126,2,14,474,2013,0.55
126,2,14,474,2014,0.59
126,2,14,474,2015,0.59
126,2,14,474,2016,0.59
126,2,14,474,2017,0.59
126,2,15,474,1990,0.31
126,2,15,474,1991,0.32
126,2,15,474,1992,0.31
126,2,15,474,1993,0.33
126,2,15,474,1994,0.37
126,2,15,474,1995,0.39
126,2,15,474,1996,0.39
126,2,15,474,1997,0.39
126,2,15,474,1998,0.43
126,2,15,474,1999,0.45
126,2,15,474,2000,0.47
126,2,15,474,2001,0.49
126,2,15,474,2002,0.48
126,2,15,474,2003,0.48
126,2,15,474,2004,0.49
126,2,15,474,2005,0.54
126,2,15,474,2006,0.57
126,2,15,474,2007,0.5
126,2,15,474,2008,0.53
126,2,15,474,2009,0.59
126,2,15,474,2010,0.64
126,2,15,474,2011,0.68
126,2,15,474,2012,0.7
126,2,15,474,2013,0.74
126,2,15,474,2014,0.77
126,2,15,474,2015,0.76
126,2,15,474,2016,0.8
126,2,15,474,2017,0.82
126,2,16,474,1990,0.57
126,2,16,474,1991,0.59
126,2,16,474,1992,0.6
126,2,16,474,1993,0.64
126,2,16,474,1994,0.72
126,2,16,474,1995,0.75
126,2,16,474,1996,0.73
126,2,16,474,1997,0.73
126,2,16,474,1998,0.76
126,2,16,474,1999,0.79
126,2,16,474,2000,0.79
126,2,16,474,2001,0.85
126,2,16,474,2002,0.85
126,2,16,474,2003,0.86
126,2,16,474,2004,0.88
126,2,16,474,2005,0.93
126,2,16,474,2006,0.95
126,2,16,474,2007,0.89
126,2,16,474,2008,0.98
126,2,16,474,2009,1.12
126,2,16,474,2010,1.18
126,2,16,474,2011,1.21
126,2,16,474,2012,1.29
126,2,16,474,2013,1.34
126,2,16,474,2014,1.38
126,2,16,474,2015,1.39
126,2,16,474,2016,1.57
126,2,16,474,2017,1.64
126,2,17,474,1990,0.69
126,2,17,474,1991,0.73
126,2,17,474,1992,0.7
126,2,17,474,1993,0.72
126,2,17,474,1994,0.8
126,2,17,474,1995,0.81
126,2,17,474,1996,0.83
126,2,17,474,1997,0.82
126,2,17,474,1998,0.8
126,2,17,474,1999,0.79
126,2,17,474,2000,0.8
126,2,17,474,2001,0.88
126,2,17,474,2002,0.9
126,2,17,474,2003,0.88
126,2,17,474,2004,0.87
126,2,17,474,2005,0.88
126,2,17,474,2006,0.9
126,2,17,474,2007,0.81
126,2,17,474,2008,0.86
126,2,17,474,2009,0.96
126,2,17,474,2010,1.03
126,2,17,474,2011,1.08
126,2,17,474,2012,1.11
126,2,17,474,2013,1.18
126,2,17,474,2014,1.28
126,2,17,474,2015,1.33
126,2,17,474,2016,1.46
126,2,17,474,2017,1.56
126,2,18,474,1990,0.95
126,2,18,474,1991,1.02
126,2,18,474,1992,1.05
126,2,18,474,1993,1.14
126,2,18,474,1994,1.21
126,2,18,474,1995,1.27
126,2,18,474,1996,1.3
126,2,18,474,1997,1.29
126,2,18,474,1998,1.34
126,2,18,474,1999,1.4
126,2,18,474,2000,1.41
126,2,18,474,2001,1.47
126,2,18,474,2002,1.43
126,2,18,474,2003,1.42
126,2,18,474,2004,1.45
126,2,18,474,2005,1.5
126,2,18,474,2006,1.47
126,2,18,474,2007,1.32
126,2,18,474,2008,1.39
126,2,18,474,2009,1.52
126,2,18,474,2010,1.54
126,2,18,474,2011,1.62
126,2,18,474,2012,1.66
126,2,18,474,2013,1.79
126,2,18,474,2014,1.97
126,2,18,474,2015,2.07
126,2,18,474,2016,2.25
126,2,18,474,2017,2.39
126,2,19,474,1990,1.22
126,2,19,474,1991,1.33
126,2,19,474,1992,1.39
126,2,19,474,1993,1.46
126,2,19,474,1994,1.62
126,2,19,474,1995,1.79
126,2,19,474,1996,1.8
126,2,19,474,1997,1.77
126,2,19,474,1998,1.88
126,2,19,474,1999,2.03
126,2,19,474,2000,2.1
126,2,19,474,2001,2.25
126,2,19,474,2002,2.19
126,2,19,474,2003,2.17
126,2,19,474,2004,2.19
126,2,19,474,2005,2.09
126,2,19,474,2006,1.95
126,2,19,474,2007,1.81
126,2,19,474,2008,1.98
126,2,19,474,2009,2.21
126,2,19,474,2010,2.29
126,2,19,474,2011,2.35
126,2,19,474,2012,2.29
126,2,19,474,2013,2.46
126,2,19,474,2014,2.65
126,2,19,474,2015,2.65
126,2,19,474,2016,2.97
126,2,19,474,2017,3.16
126,2,20,474,1990,1.64
126,2,20,474,1991,1.74
126,2,20,474,1992,1.79
126,2,20,474,1993,1.84
126,2,20,474,1994,1.89
126,2,20,474,1995,1.99
126,2,20,474,1996,2.07
126,2,20,474,1997,2.17
126,2,20,474,1998,2.3
126,2,20,474,1999,2.4
126,2,20,474,2000,2.41
126,2,20,474,2001,2.56
126,2,20,474,2002,2.63
126,2,20,474,2003,2.73
126,2,20,474,2004,2.83
126,2,20,474,2005,2.86
126,2,20,474,2006,2.8
126,2,20,474,2007,2.56
126,2,20,474,2008,2.76
126,2,20,474,2009,3.04
126,2,20,474,2010,3.19
126,2,20,474,2011,3.28
126,2,20,474,2012,3.32
126,2,20,474,2013,3.45
126,2,20,474,2014,3.58
126,2,20,474,2015,3.79
126,2,20,474,2016,4.04
126,2,20,474,2017,4.21
126,2,22,474,1990,9.86
126,2,22,474,1991,10.61
126,2,22,474,1992,10.87
126,2,22,474,1993,11.49
126,2,22,474,1994,12.51
126,2,22,474,1995,13.24
126,2,22,474,1996,13.43
126,2,22,474,1997,13.31
126,2,22,474,1998,13.89
126,2,22,474,1999,14.59
126,2,22,474,2000,14.95
126,2,22,474,2001,15.8
126,2,22,474,2002,15.74
126,2,22,474,2003,16.03
126,2,22,474,2004,16.54
126,2,22,474,2005,16.66
126,2,22,474,2006,16.73
126,2,22,474,2007,15.72
126,2,22,474,2008,17.02
126,2,22,474,2009,18.87
126,2,22,474,2010,20.2
126,2,22,474,2011,21.32
126,2,22,474,2012,21.99
126,2,22,474,2013,23.37
126,2,22,474,2014,25.05
126,2,22,474,2015,25.62
126,2,22,474,2016,27.34
126,2,22,474,2017,28.59
126,2,30,474,1990,1.88
126,2,30,474,1991,2.03
126,2,30,474,1992,2.08
126,2,30,474,1993,2.2
126,2,30,474,1994,2.39
126,2,30,474,1995,2.5
126,2,30,474,1996,2.49
126,2,30,474,1997,2.43
126,2,30,474,1998,2.57
126,2,30,474,1999,2.8
126,2,30,474,2000,2.9
126,2,30,474,2001,3.03
126,2,30,474,2002,2.9
126,2,30,474,2003,2.87
126,2,30,474,2004,2.95
126,2,30,474,2005,2.93
126,2,30,474,2006,2.97
126,2,30,474,2007,2.94
126,2,30,474,2008,3.32
126,2,30,474,2009,3.77
126,2,30,474,2010,4.15
126,2,30,474,2011,4.43
126,2,30,474,2012,4.53
126,2,30,474,2013,4.75
126,2,30,474,2014,4.86
126,2,30,474,2015,4.86
126,2,30,474,2016,5.16
126,2,30,474,2017,5.36
126,2,31,474,1990,1.34
126,2,31,474,1991,1.49
126,2,31,474,1992,1.57
126,2,31,474,1993,1.69
126,2,31,474,1994,1.91
126,2,31,474,1995,1.99
126,2,31,474,1996,1.99
126,2,31,474,1997,1.89
126,2,31,474,1998,1.95
126,2,31,474,1999,2
126,2,31,474,2000,2.09
126,2,31,474,2001,2.09
126,2,31,474,2002,2.04
126,2,31,474,2003,2.13
126,2,31,474,2004,2.24
126,2,31,474,2005,2.27
126,2,31,474,2006,2.41
126,2,31,474,2007,2.34
126,2,31,474,2008,2.51
126,2,31,474,2009,2.85
126,2,31,474,2010,3.12
126,2,31,474,2011,3.32
126,2,31,474,2012,3.51
126,2,31,474,2013,3.77
126,2,31,474,2014,4.26
126,2,31,474,2015,4.4
126,2,31,474,2016,4.57
126,2,31,474,2017,4.71
126,2,32,474,1990,0.52
126,2,32,474,1991,0.57
126,2,32,474,1992,0.59
126,2,32,474,1993,0.63
126,2,32,474,1994,0.69
126,2,32,474,1995,0.74
126,2,32,474,1996,0.78
126,2,32,474,1997,0.78
126,2,32,474,1998,0.79
126,2,32,474,1999,0.84
126,2,32,474,2000,0.87
126,2,32,474,2001,0.95
126,2,32,474,2002,1.04
126,2,32,474,2003,1.14
126,2,32,474,2004,1.25
126,2,32,474,2005,1.27
126,2,32,474,2006,1.31
126,2,32,474,2007,1.27
126,2,32,474,2008,1.33
126,2,32,474,2009,1.38
126,2,32,474,2010,1.5
126,2,32,474,2011,1.67
126,2,32,474,2012,1.79
126,2,32,474,2013,1.91
126,2,32,474,2014,2.08
126,2,32,474,2015,2.1
126,2,32,474,2016,2.16
126,2,32,474,2017,2.3
126,2,235,474,1990,0.11
126,2,235,474,1991,0.13
126,2,235,474,1992,0.14
126,2,235,474,1993,0.15
126,2,235,474,1994,0.17
126,2,235,474,1995,0.18
126,2,235,474,1996,0.19
126,2,235,474,1997,0.19
126,2,235,474,1998,0.19
126,2,235,474,1999,0.2
126,2,235,474,2000,0.22
126,2,235,474,2001,0.26
126,2,235,474,2002,0.29
126,2,235,474,2003,0.34
126,2,235,474,2004,0.37
126,2,235,474,2005,0.37
126,2,235,474,2006,0.37
126,2,235,474,2007,0.35
126,2,235,474,2008,0.37
126,2,235,474,2009,0.39
126,2,235,474,2010,0.45
126,2,235,474,2011,0.55
126,2,235,474,2012,0.65
126,2,235,474,2013,0.78
126,2,235,474,2014,0.96
126,2,235,474,2015,1.04
126,2,235,474,2016,1.11
126,2,235,474,2017,1.17
127,2,8,474,1990,0.04
127,2,8,474,1991,0.04
127,2,8,474,1992,0.04
127,2,8,474,1993,0.04
127,2,8,474,1994,0.04
127,2,8,474,1995,0.04
127,2,8,474,1996,0.04
127,2,8,474,1997,0.04
127,2,8,474,1998,0.04
127,2,8,474,1999,0.04
127,2,8,474,2000,0.04
127,2,8,474,2001,0.04
127,2,8,474,2002,0.04
127,2,8,474,2003,0.04
127,2,8,474,2004,0.04
127,2,8,474,2005,0.04
127,2,8,474,2006,0.04
127,2,8,474,2007,0.04
127,2,8,474,2008,0.04
127,2,8,474,2009,0.04
127,2,8,474,2010,0.04
127,2,8,474,2011,0.04
127,2,8,474,2012,0.04
127,2,8,474,2013,0.04
127,2,8,474,2014,0.04
127,2,8,474,2015,0.04
127,2,8,474,2016,0.04
127,2,8,474,2017,0.04
127,2,9,474,1990,0.07
127,2,9,474,1991,0.07
127,2,9,474,1992,0.07
127,2,9,474,1993,0.07
127,2,9,474,1994,0.08
127,2,9,474,1995,0.07
127,2,9,474,1996,0.08
127,2,9,474,1997,0.08
127,2,9,474,1998,0.08
127,2,9,474,1999,0.08
127,2,9,474,2000,0.07
127,2,9,474,2001,0.07
127,2,9,474,2002,0.07
127,2,9,474,2003,0.07
127,2,9,474,2004,0.07
127,2,9,474,2005,0.07
127,2,9,474,2006,0.06
127,2,9,474,2007,0.07
127,2,9,474,2008,0.06
127,2,9,474,2009,0.06
127,2,9,474,2010,0.06
127,2,9,474,2011,0.06
127,2,9,474,2012,0.06
127,2,9,474,2013,0.07
127,2,9,474,2014,0.07
127,2,9,474,2015,0.07
127,2,9,474,2016,0.07
127,2,9,474,2017,0.07
127,2,10,474,1990,0.08
127,2,10,474,1991,0.09
127,2,10,474,1992,0.1
127,2,10,474,1993,0.09
127,2,10,474,1994,0.1
127,2,10,474,1995,0.09
127,2,10,474,1996,0.1
127,2,10,474,1997,0.1
127,2,10,474,1998,0.1
127,2,10,474,1999,0.1
127,2,10,474,2000,0.1
127,2,10,474,2001,0.1
127,2,10,474,2002,0.1
127,2,10,474,2003,0.1
127,2,10,474,2004,0.1
127,2,10,474,2005,0.1
127,2,10,474,2006,0.09
127,2,10,474,2007,0.09
127,2,10,474,2008,0.09
127,2,10,474,2009,0.09
127,2,10,474,2010,0.08
127,2,10,474,2011,0.09
127,2,10,474,2012,0.09
127,2,10,474,2013,0.09
127,2,10,474,2014,0.09
127,2,10,474,2015,0.09
127,2,10,474,2016,0.09
127,2,10,474,2017,0.1
127,2,11,474,1990,0.14
127,2,11,474,1991,0.15
127,2,11,474,1992,0.17
127,2,11,474,1993,0.17
127,2,11,474,1994,0.19
127,2,11,474,1995,0.17
127,2,11,474,1996,0.18
127,2,11,474,1997,0.18
127,2,11,474,1998,0.17
127,2,11,474,1999,0.18
127,2,11,474,2000,0.18
127,2,11,474,2001,0.18
127,2,11,474,2002,0.18
127,2,11,474,2003,0.19
127,2,11,474,2004,0.19
127,2,11,474,2005,0.19
127,2,11,474,2006,0.18
127,2,11,474,2007,0.19
127,2,11,474,2008,0.19
127,2,11,474,2009,0.19
127,2,11,474,2010,0.18
127,2,11,474,2011,0.19
127,2,11,474,2012,0.19
127,2,11,474,2013,0.19
127,2,11,474,2014,0.19
127,2,11,474,2015,0.19
127,2,11,474,2016,0.19
127,2,11,474,2017,0.18
127,2,12,474,1990,0.22
127,2,12,474,1991,0.23
127,2,12,474,1992,0.25
127,2,12,474,1993,0.26
127,2,12,474,1994,0.29
127,2,12,474,1995,0.25
127,2,12,474,1996,0.29
127,2,12,474,1997,0.31
127,2,12,474,1998,0.3
127,2,12,474,1999,0.32
127,2,12,474,2000,0.3
127,2,12,474,2001,0.32
127,2,12,474,2002,0.34
127,2,12,474,2003,0.33
127,2,12,474,2004,0.34
127,2,12,474,2005,0.35
127,2,12,474,2006,0.33
127,2,12,474,2007,0.35
127,2,12,474,2008,0.34
127,2,12,474,2009,0.33
127,2,12,474,2010,0.32
127,2,12,474,2011,0.33
127,2,12,474,2012,0.34
127,2,12,474,2013,0.33
127,2,12,474,2014,0.33
127,2,12,474,2015,0.33
127,2,12,474,2016,0.34
127,2,12,474,2017,0.34
127,2,13,474,1990,0.31
127,2,13,474,1991,0.33
127,2,13,474,1992,0.36
127,2,13,474,1993,0.36
127,2,13,474,1994,0.39
127,2,13,474,1995,0.36
127,2,13,474,1996,0.4
127,2,13,474,1997,0.42
127,2,13,474,1998,0.4
127,2,13,474,1999,0.41
127,2,13,474,2000,0.38
127,2,13,474,2001,0.41
127,2,13,474,2002,0.44
127,2,13,474,2003,0.44
127,2,13,474,2004,0.47
127,2,13,474,2005,0.48
127,2,13,474,2006,0.47
127,2,13,474,2007,0.5
127,2,13,474,2008,0.49
127,2,13,474,2009,0.49
127,2,13,474,2010,0.5
127,2,13,474,2011,0.51
127,2,13,474,2012,0.5
127,2,13,474,2013,0.51
127,2,13,474,2014,0.52
127,2,13,474,2015,0.54
127,2,13,474,2016,0.54
127,2,13,474,2017,0.55
127,2,14,474,1990,0.49
127,2,14,474,1991,0.5
127,2,14,474,1992,0.54
127,2,14,474,1993,0.55
127,2,14,474,1994,0.61
127,2,14,474,1995,0.56
127,2,14,474,1996,0.62
127,2,14,474,1997,0.66
127,2,14,474,1998,0.65
127,2,14,474,1999,0.68
127,2,14,474,2000,0.67
127,2,14,474,2001,0.7
127,2,14,474,2002,0.73
127,2,14,474,2003,0.73
127,2,14,474,2004,0.76
127,2,14,474,2005,0.78
127,2,14,474,2006,0.77
127,2,14,474,2007,0.83
127,2,14,474,2008,0.82
127,2,14,474,2009,0.84
127,2,14,474,2010,0.85
127,2,14,474,2011,0.89
127,2,14,474,2012,0.89
127,2,14,474,2013,0.9
127,2,14,474,2014,0.92
127,2,14,474,2015,0.95
127,2,14,474,2016,0.96
127,2,14,474,2017,0.98
127,2,15,474,1990,0.64
127,2,15,474,1991,0.68
127,2,15,474,1992,0.71
127,2,15,474,1993,0.72
127,2,15,474,1994,0.78
127,2,15,474,1995,0.71
127,2,15,474,1996,0.78
127,2,15,474,1997,0.82
127,2,15,474,1998,0.85
127,2,15,474,1999,0.93
127,2,15,474,2000,0.92
127,2,15,474,2001,0.93
127,2,15,474,2002,1
127,2,15,474,2003,0.99
127,2,15,474,2004,1.02
127,2,15,474,2005,1.07
127,2,15,474,2006,1.06
127,2,15,474,2007,1.14
127,2,15,474,2008,1.13
127,2,15,474,2009,1.19
127,2,15,474,2010,1.21
127,2,15,474,2011,1.27
127,2,15,474,2012,1.3
127,2,15,474,2013,1.29
127,2,15,474,2014,1.29
127,2,15,474,2015,1.32
127,2,15,474,2016,1.36
127,2,15,474,2017,1.39
127,2,16,474,1990,0.78
127,2,16,474,1991,0.8
127,2,16,474,1992,0.87
127,2,16,474,1993,0.89
127,2,16,474,1994,0.95
127,2,16,474,1995,0.9
127,2,16,474,1996,1.01
127,2,16,474,1997,1.06
127,2,16,474,1998,1.08
127,2,16,474,1999,1.17
127,2,16,474,2000,1.14
127,2,16,474,2001,1.14
127,2,16,474,2002,1.22
127,2,16,474,2003,1.24
127,2,16,474,2004,1.26
127,2,16,474,2005,1.27
127,2,16,474,2006,1.29
127,2,16,474,2007,1.38
127,2,16,474,2008,1.37
127,2,16,474,2009,1.45
127,2,16,474,2010,1.5
127,2,16,474,2011,1.55
127,2,16,474,2012,1.55
127,2,16,474,2013,1.57
127,2,16,474,2014,1.61
127,2,16,474,2015,1.67
127,2,16,474,2016,1.7
127,2,16,474,2017,1.74
127,2,17,474,1990,0.89
127,2,17,474,1991,0.96
127,2,17,474,1992,1.03
127,2,17,474,1993,1
127,2,17,474,1994,1.07
127,2,17,474,1995,0.99
127,2,17,474,1996,1.07
127,2,17,474,1997,1.11
127,2,17,474,1998,1.1
127,2,17,474,1999,1.18
127,2,17,474,2000,1.16
127,2,17,474,2001,1.2
127,2,17,474,2002,1.25
127,2,17,474,2003,1.26
127,2,17,474,2004,1.31
127,2,17,474,2005,1.34
127,2,17,474,2006,1.34
127,2,17,474,2007,1.46
127,2,17,474,2008,1.46
127,2,17,474,2009,1.53
127,2,17,474,2010,1.55
127,2,17,474,2011,1.63
127,2,17,474,2012,1.64
127,2,17,474,2013,1.65
127,2,17,474,2014,1.68
127,2,17,474,2015,1.76
127,2,17,474,2016,1.8
127,2,17,474,2017,1.84
127,2,18,474,1990,1.05
127,2,18,474,1991,1.11
127,2,18,474,1992,1.16
127,2,18,474,1993,1.17
127,2,18,474,1994,1.3
127,2,18,474,1995,1.2
127,2,18,474,1996,1.32
127,2,18,474,1997,1.41
127,2,18,474,1998,1.4
127,2,18,474,1999,1.48
127,2,18,474,2000,1.46
127,2,18,474,2001,1.48
127,2,18,474,2002,1.51
127,2,18,474,2003,1.51
127,2,18,474,2004,1.55
127,2,18,474,2005,1.59
127,2,18,474,2006,1.57
127,2,18,474,2007,1.71
127,2,18,474,2008,1.73
127,2,18,474,2009,1.8
127,2,18,474,2010,1.85
127,2,18,474,2011,1.9
127,2,18,474,2012,1.88
127,2,18,474,2013,1.93
127,2,18,474,2014,2.02
127,2,18,474,2015,2.09
127,2,18,474,2016,2.14
127,2,18,474,2017,2.18
127,2,19,474,1990,1.3
127,2,19,474,1991,1.39
127,2,19,474,1992,1.56
127,2,19,474,1993,1.57
127,2,19,474,1994,1.7
127,2,19,474,1995,1.57
127,2,19,474,1996,1.76
127,2,19,474,1997,1.83
127,2,19,474,1998,1.8
127,2,19,474,1999,1.9
127,2,19,474,2000,1.85
127,2,19,474,2001,1.91
127,2,19,474,2002,2.03
127,2,19,474,2003,2.05
127,2,19,474,2004,2.12
127,2,19,474,2005,2.19
127,2,19,474,2006,2.19
127,2,19,474,2007,2.33
127,2,19,474,2008,2.32
127,2,19,474,2009,2.42
127,2,19,474,2010,2.46
127,2,19,474,2011,2.58
127,2,19,474,2012,2.62
127,2,19,474,2013,2.62
127,2,19,474,2014,2.68
127,2,19,474,2015,2.76
127,2,19,474,2016,2.82
127,2,19,474,2017,2.91
127,2,20,474,1990,2.03
127,2,20,474,1991,2.11
127,2,20,474,1992,2.32
127,2,20,474,1993,2.41
127,2,20,474,1994,2.7
127,2,20,474,1995,2.59
127,2,20,474,1996,2.92
127,2,20,474,1997,3.12
127,2,20,474,1998,3.11
127,2,20,474,1999,3.34
127,2,20,474,2000,3.3
127,2,20,474,2001,3.36
127,2,20,474,2002,3.56
127,2,20,474,2003,3.62
127,2,20,474,2004,3.78
127,2,20,474,2005,3.92
127,2,20,474,2006,3.96
127,2,20,474,2007,4.35
127,2,20,474,2008,4.39
127,2,20,474,2009,4.64
127,2,20,474,2010,4.78
127,2,20,474,2011,4.9
127,2,20,474,2012,4.78
127,2,20,474,2013,4.77
127,2,20,474,2014,4.92
127,2,20,474,2015,5.09
127,2,20,474,2016,5.13
127,2,20,474,2017,5.24
127,2,22,474,1990,12.8
127,2,22,474,1991,13.47
127,2,22,474,1992,14.64
127,2,22,474,1993,15.07
127,2,22,474,1994,16.36
127,2,22,474,1995,15.4
127,2,22,474,1996,16.96
127,2,22,474,1997,17.5
127,2,22,474,1998,17.43
127,2,22,474,1999,18.8
127,2,22,474,2000,18.8
127,2,22,474,2001,19.55
127,2,22,474,2002,20.82
127,2,22,474,2003,21.35
127,2,22,474,2004,22.46
127,2,22,474,2005,23.18
127,2,22,474,2006,23.42
127,2,22,474,2007,25.31
127,2,22,474,2008,25.47
127,2,22,474,2009,26.72
127,2,22,474,2010,27.45
127,2,22,474,2011,28.53
127,2,22,474,2012,28.73
127,2,22,474,2013,28.81
127,2,22,474,2014,29.5
127,2,22,474,2015,30.47
127,2,22,474,2016,31.12
127,2,22,474,2017,31.81
127,2,30,474,1990,1.79
127,2,30,474,1991,1.85
127,2,30,474,1992,2
127,2,30,474,1993,2.1
127,2,30,474,1994,2.27
127,2,30,474,1995,2.15
127,2,30,474,1996,2.4
127,2,30,474,1997,2.46
127,2,30,474,1998,2.45
127,2,30,474,1999,2.7
127,2,30,474,2000,2.75
127,2,30,474,2001,2.81
127,2,30,474,2002,3.03
127,2,30,474,2003,3.15
127,2,30,474,2004,3.32
127,2,30,474,2005,3.44
127,2,30,474,2006,3.51
127,2,30,474,2007,3.77
127,2,30,474,2008,3.86
127,2,30,474,2009,4.23
127,2,30,474,2010,4.42
127,2,30,474,2011,4.67
127,2,30,474,2012,4.88
127,2,30,474,2013,4.87
127,2,30,474,2014,4.93
127,2,30,474,2015,5.05
127,2,30,474,2016,5.15
127,2,30,474,2017,5.21
127,2,31,474,1990,1.86
127,2,31,474,1991,1.96
127,2,31,474,1992,2.14
127,2,31,474,1993,2.26
127,2,31,474,1994,2.4
127,2,31,474,1995,2.29
127,2,31,474,1996,2.49
127,2,31,474,1997,2.48
127,2,31,474,1998,2.51
127,2,31,474,1999,2.74
127,2,31,474,2000,2.83
127,2,31,474,2001,3.05
127,2,31,474,2002,3.3
127,2,31,474,2003,3.48
127,2,31,474,2004,3.76
127,2,31,474,2005,3.89
127,2,31,474,2006,4.01
127,2,31,474,2007,4.35
127,2,31,474,2008,4.38
127,2,31,474,2009,4.52
127,2,31,474,2010,4.59
127,2,31,474,2011,4.71
127,2,31,474,2012,4.65
127,2,31,474,2013,4.64
127,2,31,474,2014,4.76
127,2,31,474,2015,4.95
127,2,31,474,2016,5.1
127,2,31,474,2017,5.28
127,2,32,474,1990,0.91
127,2,32,474,1991,0.98
127,2,32,474,1992,1.07
127,2,32,474,1993,1.12
127,2,32,474,1994,1.18
127,2,32,474,1995,1.15
127,2,32,474,1996,1.19
127,2,32,474,1997,1.11
127,2,32,474,1998,1.1
127,2,32,474,1999,1.21
127,2,32,474,2000,1.29
127,2,32,474,2001,1.43
127,2,32,474,2002,1.54
127,2,32,474,2003,1.63
127,2,32,474,2004,1.8
127,2,32,474,2005,1.88
127,2,32,474,2006,1.93
127,2,32,474,2007,2.08
127,2,32,474,2008,2.12
127,2,32,474,2009,2.19
127,2,32,474,2010,2.29
127,2,32,474,2011,2.43
127,2,32,474,2012,2.5
127,2,32,474,2013,2.5
127,2,32,474,2014,2.56
127,2,32,474,2015,2.63
127,2,32,474,2016,2.69
127,2,32,474,2017,2.71
127,2,235,474,1990,0.21
127,2,235,474,1991,0.23
127,2,235,474,1992,0.26
127,2,235,474,1993,0.28
127,2,235,474,1994,0.3
127,2,235,474,1995,0.3
127,2,235,474,1996,0.31
127,2,235,474,1997,0.29
127,2,235,474,1998,0.29
127,2,235,474,1999,0.34
127,2,235,474,2000,0.37
127,2,235,474,2001,0.42
127,2,235,474,2002,0.47
127,2,235,474,2003,0.52
127,2,235,474,2004,0.58
127,2,235,474,2005,0.6
127,2,235,474,2006,0.62
127,2,235,474,2007,0.66
127,2,235,474,2008,0.69
127,2,235,474,2009,0.71
127,2,235,474,2010,0.74
127,2,235,474,2011,0.79
127,2,235,474,2012,0.82
127,2,235,474,2013,0.84
127,2,235,474,2014,0.89
127,2,235,474,2015,0.95
127,2,235,474,2016,1
127,2,235,474,2017,1.05
128,2,8,474,1990,0.08
128,2,8,474,1991,0.09
128,2,8,474,1992,0.09
128,2,8,474,1993,0.09
128,2,8,474,1994,0.1
128,2,8,474,1995,0.1
128,2,8,474,1996,0.09
128,2,8,474,1997,0.11
128,2,8,474,1998,0.11
128,2,8,474,1999,0.11
128,2,8,474,2000,0.12
128,2,8,474,2001,0.09
128,2,8,474,2002,0.09
128,2,8,474,2003,0.09
128,2,8,474,2004,0.1
128,2,8,474,2005,0.11
128,2,8,474,2006,0.11
128,2,8,474,2007,0.11
128,2,8,474,2008,0.11
128,2,8,474,2009,0.13
128,2,8,474,2010,0.13
128,2,8,474,2011,0.13
128,2,8,474,2012,0.14
128,2,8,474,2013,0.13
128,2,8,474,2014,0.14
128,2,8,474,2015,0.14
128,2,8,474,2016,0.14
128,2,8,474,2017,0.14
128,2,9,474,1990,0.08
128,2,9,474,1991,0.1
128,2,9,474,1992,0.08
128,2,9,474,1993,0.1
128,2,9,474,1994,0.11
128,2,9,474,1995,0.11
128,2,9,474,1996,0.11
128,2,9,474,1997,0.13
128,2,9,474,1998,0.13
128,2,9,474,1999,0.13
128,2,9,474,2000,0.14
128,2,9,474,2001,0.13
128,2,9,474,2002,0.11
128,2,9,474,2003,0.11
128,2,9,474,2004,0.12
128,2,9,474,2005,0.13
128,2,9,474,2006,0.13
128,2,9,474,2007,0.13
128,2,9,474,2008,0.13
128,2,9,474,2009,0.14
128,2,9,474,2010,0.15
128,2,9,474,2011,0.14
128,2,9,474,2012,0.15
128,2,9,474,2013,0.14
128,2,9,474,2014,0.16
128,2,9,474,2015,0.15
128,2,9,474,2016,0.16
128,2,9,474,2017,0.17
128,2,10,474,1990,0.17
128,2,10,474,1991,0.18
128,2,10,474,1992,0.19
128,2,10,474,1993,0.19
128,2,10,474,1994,0.22
128,2,10,474,1995,0.18
128,2,10,474,1996,0.18
128,2,10,474,1997,0.21
128,2,10,474,1998,0.22
128,2,10,474,1999,0.23
128,2,10,474,2000,0.23
128,2,10,474,2001,0.2
128,2,10,474,2002,0.2
128,2,10,474,2003,0.2
128,2,10,474,2004,0.23
128,2,10,474,2005,0.23
128,2,10,474,2006,0.25
128,2,10,474,2007,0.24
128,2,10,474,2008,0.24
128,2,10,474,2009,0.25
128,2,10,474,2010,0.27
128,2,10,474,2011,0.27
128,2,10,474,2012,0.27
128,2,10,474,2013,0.25
128,2,10,474,2014,0.27
128,2,10,474,2015,0.26
128,2,10,474,2016,0.27
128,2,10,474,2017,0.3
128,2,11,474,1990,0.23
128,2,11,474,1991,0.29
128,2,11,474,1992,0.31
128,2,11,474,1993,0.32
128,2,11,474,1994,0.35
128,2,11,474,1995,0.3
128,2,11,474,1996,0.28
128,2,11,474,1997,0.33
128,2,11,474,1998,0.35
128,2,11,474,1999,0.35
128,2,11,474,2000,0.35
128,2,11,474,2001,0.26
128,2,11,474,2002,0.29
128,2,11,474,2003,0.29
128,2,11,474,2004,0.32
128,2,11,474,2005,0.34
128,2,11,474,2006,0.36
128,2,11,474,2007,0.36
128,2,11,474,2008,0.37
128,2,11,474,2009,0.39
128,2,11,474,2010,0.42
128,2,11,474,2011,0.44
128,2,11,474,2012,0.45
128,2,11,474,2013,0.44
128,2,11,474,2014,0.46
128,2,11,474,2015,0.45
128,2,11,474,2016,0.47
128,2,11,474,2017,0.49
128,2,12,474,1990,0.35
128,2,12,474,1991,0.41
128,2,12,474,1992,0.42
128,2,12,474,1993,0.41
128,2,12,474,1994,0.51
128,2,12,474,1995,0.41
128,2,12,474,1996,0.4
128,2,12,474,1997,0.47
128,2,12,474,1998,0.49
128,2,12,474,1999,0.48
128,2,12,474,2000,0.49
128,2,12,474,2001,0.42
128,2,12,474,2002,0.42
128,2,12,474,2003,0.38
128,2,12,474,2004,0.44
128,2,12,474,2005,0.46
128,2,12,474,2006,0.5
128,2,12,474,2007,0.5
128,2,12,474,2008,0.48
128,2,12,474,2009,0.54
128,2,12,474,2010,0.55
128,2,12,474,2011,0.58
128,2,12,474,2012,0.61
128,2,12,474,2013,0.63
128,2,12,474,2014,0.67
128,2,12,474,2015,0.68
128,2,12,474,2016,0.74
128,2,12,474,2017,0.79
128,2,13,474,1990,0.43
128,2,13,474,1991,0.49
128,2,13,474,1992,0.56
128,2,13,474,1993,0.57
128,2,13,474,1994,0.66
128,2,13,474,1995,0.43
128,2,13,474,1996,0.54
128,2,13,474,1997,0.63
128,2,13,474,1998,0.68
128,2,13,474,1999,0.69
128,2,13,474,2000,0.72
128,2,13,474,2001,0.63
128,2,13,474,2002,0.57
128,2,13,474,2003,0.6
128,2,13,474,2004,0.64
128,2,13,474,2005,0.68
128,2,13,474,2006,0.72
128,2,13,474,2007,0.7
128,2,13,474,2008,0.67
128,2,13,474,2009,0.72
128,2,13,474,2010,0.72
128,2,13,474,2011,0.78
128,2,13,474,2012,0.85
128,2,13,474,2013,0.86
128,2,13,474,2014,0.89
128,2,13,474,2015,0.9
128,2,13,474,2016,0.97
128,2,13,474,2017,1.05
128,2,14,474,1990,0.53
128,2,14,474,1991,0.61
128,2,14,474,1992,0.67
128,2,14,474,1993,0.7
128,2,14,474,1994,0.81
128,2,14,474,1995,0.69
128,2,14,474,1996,0.67
128,2,14,474,1997,0.76
128,2,14,474,1998,0.83
128,2,14,474,1999,0.89
128,2,14,474,2000,0.96
128,2,14,474,2001,0.83
128,2,14,474,2002,0.8
128,2,14,474,2003,0.81
128,2,14,474,2004,0.89
128,2,14,474,2005,0.97
128,2,14,474,2006,1.02
128,2,14,474,2007,1.06
128,2,14,474,2008,1.05
128,2,14,474,2009,1.18
128,2,14,474,2010,1.18
128,2,14,474,2011,1.2
128,2,14,474,2012,1.28
128,2,14,474,2013,1.28
128,2,14,474,2014,1.36
128,2,14,474,2015,1.38
128,2,14,474,2016,1.5
128,2,14,474,2017,1.57
128,2,15,474,1990,0.72
128,2,15,474,1991,0.8
128,2,15,474,1992,0.86
128,2,15,474,1993,0.87
128,2,15,474,1994,0.96
128,2,15,474,1995,0.87
128,2,15,474,1996,0.83
128,2,15,474,1997,0.99
128,2,15,474,1998,1.09
128,2,15,474,1999,1.13
128,2,15,474,2000,1.22
128,2,15,474,2001,1.08
128,2,15,474,2002,1.09
128,2,15,474,2003,1.1
128,2,15,474,2004,1.21
128,2,15,474,2005,1.34
128,2,15,474,2006,1.35
128,2,15,474,2007,1.41
128,2,15,474,2008,1.49
128,2,15,474,2009,1.65
128,2,15,474,2010,1.67
128,2,15,474,2011,1.75
128,2,15,474,2012,1.86
128,2,15,474,2013,1.85
128,2,15,474,2014,1.92
128,2,15,474,2015,1.92
128,2,15,474,2016,2.04
128,2,15,474,2017,2.11
128,2,16,474,1990,0.83
128,2,16,474,1991,0.91
128,2,16,474,1992,0.98
128,2,16,474,1993,1
128,2,16,474,1994,1.12
128,2,16,474,1995,0.99
128,2,16,474,1996,0.9
128,2,16,474,1997,1.03
128,2,16,474,1998,1.13
128,2,16,474,1999,1.16
128,2,16,474,2000,1.26
128,2,16,474,2001,1.15
128,2,16,474,2002,1.17
128,2,16,474,2003,1.19
128,2,16,474,2004,1.36
128,2,16,474,2005,1.46
128,2,16,474,2006,1.53
128,2,16,474,2007,1.57
128,2,16,474,2008,1.58
128,2,16,474,2009,1.75
128,2,16,474,2010,1.85
128,2,16,474,2011,1.94
128,2,16,474,2012,2.09
128,2,16,474,2013,2.1
128,2,16,474,2014,2.17
128,2,16,474,2015,2.25
128,2,16,474,2016,2.38
128,2,16,474,2017,2.43
128,2,17,474,1990,0.97
128,2,17,474,1991,1.11
128,2,17,474,1992,1.19
128,2,17,474,1993,1.19
128,2,17,474,1994,1.24
128,2,17,474,1995,1.06
128,2,17,474,1996,0.98
128,2,17,474,1997,1.08
128,2,17,474,1998,1.14
128,2,17,474,1999,1.12
128,2,17,474,2000,1.19
128,2,17,474,2001,1.11
128,2,17,474,2002,1.1
128,2,17,474,2003,1.1
128,2,17,474,2004,1.21
128,2,17,474,2005,1.31
128,2,17,474,2006,1.38
128,2,17,474,2007,1.48
128,2,17,474,2008,1.49
128,2,17,474,2009,1.71
128,2,17,474,2010,1.73
128,2,17,474,2011,1.87
128,2,17,474,2012,2.06
128,2,17,474,2013,2.14
128,2,17,474,2014,2.31
128,2,17,474,2015,2.44
128,2,17,474,2016,2.57
128,2,17,474,2017,2.6
128,2,18,474,1990,1.24
128,2,18,474,1991,1.33
128,2,18,474,1992,1.44
128,2,18,474,1993,1.48
128,2,18,474,1994,1.59
128,2,18,474,1995,1.41
128,2,18,474,1996,1.37
128,2,18,474,1997,1.53
128,2,18,474,1998,1.59
128,2,18,474,1999,1.56
128,2,18,474,2000,1.66
128,2,18,474,2001,1.56
128,2,18,474,2002,1.61
128,2,18,474,2003,1.7
128,2,18,474,2004,1.76
128,2,18,474,2005,1.81
128,2,18,474,2006,1.78
128,2,18,474,2007,1.83
128,2,18,474,2008,1.81
128,2,18,474,2009,1.99
128,2,18,474,2010,2.03
128,2,18,474,2011,2.12
128,2,18,474,2012,2.29
128,2,18,474,2013,2.38
128,2,18,474,2014,2.57
128,2,18,474,2015,2.61
128,2,18,474,2016,2.86
128,2,18,474,2017,2.91
128,2,19,474,1990,1.42
128,2,19,474,1991,1.62
128,2,19,474,1992,1.76
128,2,19,474,1993,1.8
128,2,19,474,1994,1.92
128,2,19,474,1995,1.71
128,2,19,474,1996,1.67
128,2,19,474,1997,1.91
128,2,19,474,1998,2.06
128,2,19,474,1999,2.11
128,2,19,474,2000,2.33
128,2,19,474,2001,2.13
128,2,19,474,2002,2.13
128,2,19,474,2003,2.14
128,2,19,474,2004,2.12
128,2,19,474,2005,2.29
128,2,19,474,2006,2.36
128,2,19,474,2007,2.38
128,2,19,474,2008,2.39
128,2,19,474,2009,2.69
128,2,19,474,2010,2.71
128,2,19,474,2011,2.73
128,2,19,474,2012,2.92
128,2,19,474,2013,2.87
128,2,19,474,2014,3.01
128,2,19,474,2015,3.1
128,2,19,474,2016,3.39
128,2,19,474,2017,3.43
128,2,20,474,1990,2.27
128,2,20,474,1991,2.5
128,2,20,474,1992,2.62
128,2,20,474,1993,2.69
128,2,20,474,1994,2.95
128,2,20,474,1995,2.65
128,2,20,474,1996,2.66
128,2,20,474,1997,3.2
128,2,20,474,1998,3.6
128,2,20,474,1999,3.76
128,2,20,474,2000,3.99
128,2,20,474,2001,3.54
128,2,20,474,2002,3.62
128,2,20,474,2003,3.75
128,2,20,474,2004,4.13
128,2,20,474,2005,4.46
128,2,20,474,2006,4.57
128,2,20,474,2007,4.7
128,2,20,474,2008,4.75
128,2,20,474,2009,5.19
128,2,20,474,2010,5.32
128,2,20,474,2011,5.52
128,2,20,474,2012,6.07
128,2,20,474,2013,6.28
128,2,20,474,2014,6.8
128,2,20,474,2015,6.59
128,2,20,474,2016,6.65
128,2,20,474,2017,6.66
128,2,22,474,1990,12.53
128,2,22,474,1991,14
128,2,22,474,1992,15.06
128,2,22,474,1993,15.51
128,2,22,474,1994,17.13
128,2,22,474,1995,15.24
128,2,22,474,1996,14.86
128,2,22,474,1997,17.03
128,2,22,474,1998,18.34
128,2,22,474,1999,18.89
128,2,22,474,2000,20.25
128,2,22,474,2001,18.34
128,2,22,474,2002,18.56
128,2,22,474,2003,19.07
128,2,22,474,2004,20.7
128,2,22,474,2005,22.31
128,2,22,474,2006,23.25
128,2,22,474,2007,24.1
128,2,22,474,2008,24.57
128,2,22,474,2009,27.4
128,2,22,474,2010,28.15
128,2,22,474,2011,29.23
128,2,22,474,2012,31.74
128,2,22,474,2013,32.17
128,2,22,474,2014,34.18
128,2,22,474,2015,34.22
128,2,22,474,2016,36.63
128,2,22,474,2017,38.32
128,2,30,474,1990,1.61
128,2,30,474,1991,1.81
128,2,30,474,1992,2.01
128,2,30,474,1993,2.15
128,2,30,474,1994,2.46
128,2,30,474,1995,2.31
128,2,30,474,1996,2.22
128,2,30,474,1997,2.49
128,2,30,474,1998,2.61
128,2,30,474,1999,2.74
128,2,30,474,2000,2.89
128,2,30,474,2001,2.7
128,2,30,474,2002,2.81
128,2,30,474,2003,2.95
128,2,30,474,2004,3.24
128,2,30,474,2005,3.51
128,2,30,474,2006,3.73
128,2,30,474,2007,3.85
128,2,30,474,2008,3.96
128,2,30,474,2009,4.51
128,2,30,474,2010,4.66
128,2,30,474,2011,4.71
128,2,30,474,2012,5.01
128,2,30,474,2013,4.89
128,2,30,474,2014,5.17
128,2,30,474,2015,5.17
128,2,30,474,2016,5.83
128,2,30,474,2017,6.73
128,2,31,474,1990,1.12
128,2,31,474,1991,1.23
128,2,31,474,1992,1.33
128,2,31,474,1993,1.37
128,2,31,474,1994,1.5
128,2,31,474,1995,1.41
128,2,31,474,1996,1.35
128,2,31,474,1997,1.51
128,2,31,474,1998,1.6
128,2,31,474,1999,1.71
128,2,31,474,2000,1.9
128,2,31,474,2001,1.75
128,2,31,474,2002,1.8
128,2,31,474,2003,1.91
128,2,31,474,2004,2.08
128,2,31,474,2005,2.28
128,2,31,474,2006,2.44
128,2,31,474,2007,2.68
128,2,31,474,2008,2.85
128,2,31,474,2009,3.19
128,2,31,474,2010,3.3
128,2,31,474,2011,3.42
128,2,31,474,2012,3.81
128,2,31,474,2013,3.94
128,2,31,474,2014,4.21
128,2,31,474,2015,4.05
128,2,31,474,2016,4.43
128,2,31,474,2017,4.67
128,2,32,474,1990,0.41
128,2,32,474,1991,0.45
128,2,32,474,1992,0.48
128,2,32,474,1993,0.49
128,2,32,474,1994,0.55
128,2,32,474,1995,0.53
128,2,32,474,1996,0.52
128,2,32,474,1997,0.57
128,2,32,474,1998,0.59
128,2,32,474,1999,0.62
128,2,32,474,2000,0.69
128,2,32,474,2001,0.65
128,2,32,474,2002,0.65
128,2,32,474,2003,0.66
128,2,32,474,2004,0.76
128,2,32,474,2005,0.85
128,2,32,474,2006,0.94
128,2,32,474,2007,1.04
128,2,32,474,2008,1.12
128,2,32,474,2009,1.27
128,2,32,474,2010,1.34
128,2,32,474,2011,1.48
128,2,32,474,2012,1.69
128,2,32,474,2013,1.78
128,2,32,474,2014,1.86
128,2,32,474,2015,1.86
128,2,32,474,2016,1.96
128,2,32,474,2017,2.02
128,2,235,474,1990,0.07
128,2,235,474,1991,0.08
128,2,235,474,1992,0.08
128,2,235,474,1993,0.09
128,2,235,474,1994,0.09
128,2,235,474,1995,0.09
128,2,235,474,1996,0.09
128,2,235,474,1997,0.1
128,2,235,474,1998,0.1
128,2,235,474,1999,0.11
128,2,235,474,2000,0.12
128,2,235,474,2001,0.11
128,2,235,474,2002,0.1
128,2,235,474,2003,0.08
128,2,235,474,2004,0.08
128,2,235,474,2005,0.08
128,2,235,474,2006,0.07
128,2,235,474,2007,0.07
128,2,235,474,2008,0.08
128,2,235,474,2009,0.1
128,2,235,474,2010,0.11
128,2,235,474,2011,0.14
128,2,235,474,2012,0.17
128,2,235,474,2013,0.2
128,2,235,474,2014,0.22
128,2,235,474,2015,0.24
128,2,235,474,2016,0.26
128,2,235,474,2017,0.27
129,2,8,474,1990,0.05
129,2,8,474,1991,0.05
129,2,8,474,1992,0.05
129,2,8,474,1993,0.05
129,2,8,474,1994,0.05
129,2,8,474,1995,0.05
129,2,8,474,1996,0.06
129,2,8,474,1997,0.06
129,2,8,474,1998,0.06
129,2,8,474,1999,0.06
129,2,8,474,2000,0.06
129,2,8,474,2001,0.06
129,2,8,474,2002,0.07
129,2,8,474,2003,0.07
129,2,8,474,2004,0.07
129,2,8,474,2005,0.07
129,2,8,474,2006,0.08
129,2,8,474,2007,0.08
129,2,8,474,2008,0.08
129,2,8,474,2009,0.08
129,2,8,474,2010,0.08
129,2,8,474,2011,0.08
129,2,8,474,2012,0.08
129,2,8,474,2013,0.08
129,2,8,474,2014,0.09
129,2,8,474,2015,0.09
129,2,8,474,2016,0.09
129,2,8,474,2017,0.08
129,2,9,474,1990,0.06
129,2,9,474,1991,0.06
129,2,9,474,1992,0.06
129,2,9,474,1993,0.06
129,2,9,474,1994,0.06
129,2,9,474,1995,0.07
129,2,9,474,1996,0.07
129,2,9,474,1997,0.07
129,2,9,474,1998,0.07
129,2,9,474,1999,0.08
129,2,9,474,2000,0.08
129,2,9,474,2001,0.08
129,2,9,474,2002,0.09
129,2,9,474,2003,0.09
129,2,9,474,2004,0.1
129,2,9,474,2005,0.1
129,2,9,474,2006,0.1
129,2,9,474,2007,0.11
129,2,9,474,2008,0.11
129,2,9,474,2009,0.11
129,2,9,474,2010,0.11
129,2,9,474,2011,0.11
129,2,9,474,2012,0.11
129,2,9,474,2013,0.11
129,2,9,474,2014,0.11
129,2,9,474,2015,0.11
129,2,9,474,2016,0.12
129,2,9,474,2017,0.12
129,2,10,474,1990,0.09
129,2,10,474,1991,0.09
129,2,10,474,1992,0.1
129,2,10,474,1993,0.09
129,2,10,474,1994,0.09
129,2,10,474,1995,0.1
129,2,10,474,1996,0.1
129,2,10,474,1997,0.1
129,2,10,474,1998,0.11
129,2,10,474,1999,0.11
129,2,10,474,2000,0.12
129,2,10,474,2001,0.12
129,2,10,474,2002,0.13
129,2,10,474,2003,0.14
129,2,10,474,2004,0.15
129,2,10,474,2005,0.15
129,2,10,474,2006,0.16
129,2,10,474,2007,0.16
129,2,10,474,2008,0.16
129,2,10,474,2009,0.16
129,2,10,474,2010,0.16
129,2,10,474,2011,0.17
129,2,10,474,2012,0.17
129,2,10,474,2013,0.17
129,2,10,474,2014,0.18
129,2,10,474,2015,0.19
129,2,10,474,2016,0.19
129,2,10,474,2017,0.2
129,2,11,474,1990,0.19
129,2,11,474,1991,0.18
129,2,11,474,1992,0.2
129,2,11,474,1993,0.18
129,2,11,474,1994,0.18
129,2,11,474,1995,0.2
129,2,11,474,1996,0.2
129,2,11,474,1997,0.2
129,2,11,474,1998,0.21
129,2,11,474,1999,0.22
129,2,11,474,2000,0.22
129,2,11,474,2001,0.23
129,2,11,474,2002,0.24
129,2,11,474,2003,0.26
129,2,11,474,2004,0.27
129,2,11,474,2005,0.28
129,2,11,474,2006,0.29
129,2,11,474,2007,0.3
129,2,11,474,2008,0.31
129,2,11,474,2009,0.32
129,2,11,474,2010,0.33
129,2,11,474,2011,0.34
129,2,11,474,2012,0.34
129,2,11,474,2013,0.35
129,2,11,474,2014,0.36
129,2,11,474,2015,0.37
129,2,11,474,2016,0.39
129,2,11,474,2017,0.4
129,2,12,474,1990,0.33
129,2,12,474,1991,0.32
129,2,12,474,1992,0.35
129,2,12,474,1993,0.33
129,2,12,474,1994,0.33
129,2,12,474,1995,0.38
129,2,12,474,1996,0.4
129,2,12,474,1997,0.41
129,2,12,474,1998,0.43
129,2,12,474,1999,0.44
129,2,12,474,2000,0.46
129,2,12,474,2001,0.47
129,2,12,474,2002,0.49
129,2,12,474,2003,0.51
129,2,12,474,2004,0.53
129,2,12,474,2005,0.55
129,2,12,474,2006,0.57
129,2,12,474,2007,0.59
129,2,12,474,2008,0.61
129,2,12,474,2009,0.62
129,2,12,474,2010,0.64
129,2,12,474,2011,0.65
129,2,12,474,2012,0.67
129,2,12,474,2013,0.68
129,2,12,474,2014,0.7
129,2,12,474,2015,0.73
129,2,12,474,2016,0.76
129,2,12,474,2017,0.78
129,2,13,474,1990,0.41
129,2,13,474,1991,0.42
129,2,13,474,1992,0.46
129,2,13,474,1993,0.45
129,2,13,474,1994,0.45
129,2,13,474,1995,0.52
129,2,13,474,1996,0.54
129,2,13,474,1997,0.56
129,2,13,474,1998,0.58
129,2,13,474,1999,0.61
129,2,13,474,2000,0.64
129,2,13,474,2001,0.68
129,2,13,474,2002,0.71
129,2,13,474,2003,0.74
129,2,13,474,2004,0.77
129,2,13,474,2005,0.8
129,2,13,474,2006,0.82
129,2,13,474,2007,0.84
129,2,13,474,2008,0.87
129,2,13,474,2009,0.89
129,2,13,474,2010,0.91
129,2,13,474,2011,0.94
129,2,13,474,2012,0.96
129,2,13,474,2013,0.99
129,2,13,474,2014,1.03
129,2,13,474,2015,1.07
129,2,13,474,2016,1.12
129,2,13,474,2017,1.16
129,2,14,474,1990,0.45
129,2,14,474,1991,0.46
129,2,14,474,1992,0.49
129,2,14,474,1993,0.51
129,2,14,474,1994,0.52
129,2,14,474,1995,0.57
129,2,14,474,1996,0.62
129,2,14,474,1997,0.65
129,2,14,474,1998,0.68
129,2,14,474,1999,0.71
129,2,14,474,2000,0.77
129,2,14,474,2001,0.81
129,2,14,474,2002,0.85
129,2,14,474,2003,0.89
129,2,14,474,2004,0.94
129,2,14,474,2005,0.99
129,2,14,474,2006,1.02
129,2,14,474,2007,1.06
129,2,14,474,2008,1.1
129,2,14,474,2009,1.13
129,2,14,474,2010,1.16
129,2,14,474,2011,1.21
129,2,14,474,2012,1.23
129,2,14,474,2013,1.26
129,2,14,474,2014,1.3
129,2,14,474,2015,1.35
129,2,14,474,2016,1.4
129,2,14,474,2017,1.46
129,2,15,474,1990,0.53
129,2,15,474,1991,0.53
129,2,15,474,1992,0.57
129,2,15,474,1993,0.58
129,2,15,474,1994,0.57
129,2,15,474,1995,0.63
129,2,15,474,1996,0.65
129,2,15,474,1997,0.67
129,2,15,474,1998,0.71
129,2,15,474,1999,0.76
129,2,15,474,2000,0.78
129,2,15,474,2001,0.85
129,2,15,474,2002,0.91
129,2,15,474,2003,0.97
129,2,15,474,2004,1
129,2,15,474,2005,1.08
129,2,15,474,2006,1.11
129,2,15,474,2007,1.15
129,2,15,474,2008,1.2
129,2,15,474,2009,1.25
129,2,15,474,2010,1.31
129,2,15,474,2011,1.37
129,2,15,474,2012,1.43
129,2,15,474,2013,1.48
129,2,15,474,2014,1.53
129,2,15,474,2015,1.58
129,2,15,474,2016,1.63
129,2,15,474,2017,1.67
129,2,16,474,1990,0.6
129,2,16,474,1991,0.6
129,2,16,474,1992,0.65
129,2,16,474,1993,0.66
129,2,16,474,1994,0.65
129,2,16,474,1995,0.72
129,2,16,474,1996,0.75
129,2,16,474,1997,0.78
129,2,16,474,1998,0.81
129,2,16,474,1999,0.85
129,2,16,474,2000,0.89
129,2,16,474,2001,0.94
129,2,16,474,2002,1
129,2,16,474,2003,1.07
129,2,16,474,2004,1.16
129,2,16,474,2005,1.18
129,2,16,474,2006,1.29
129,2,16,474,2007,1.37
129,2,16,474,2008,1.44
129,2,16,474,2009,1.48
129,2,16,474,2010,1.58
129,2,16,474,2011,1.63
129,2,16,474,2012,1.69
129,2,16,474,2013,1.76
129,2,16,474,2014,1.85
129,2,16,474,2015,1.92
129,2,16,474,2016,2
129,2,16,474,2017,2.06
129,2,17,474,1990,0.68
129,2,17,474,1991,0.69
129,2,17,474,1992,0.74
129,2,17,474,1993,0.78
129,2,17,474,1994,0.78
129,2,17,474,1995,0.86
129,2,17,474,1996,0.89
129,2,17,474,1997,0.93
129,2,17,474,1998,0.97
129,2,17,474,1999,1
129,2,17,474,2000,1.05
129,2,17,474,2001,1.11
129,2,17,474,2002,1.17
129,2,17,474,2003,1.23
129,2,17,474,2004,1.29
129,2,17,474,2005,1.36
129,2,17,474,2006,1.42
129,2,17,474,2007,1.49
129,2,17,474,2008,1.59
129,2,17,474,2009,1.72
129,2,17,474,2010,1.76
129,2,17,474,2011,1.9
129,2,17,474,2012,2.01
129,2,17,474,2013,2.1
129,2,17,474,2014,2.17
129,2,17,474,2015,2.33
129,2,17,474,2016,2.39
129,2,17,474,2017,2.45
129,2,18,474,1990,0.81
129,2,18,474,1991,0.84
129,2,18,474,1992,0.89
129,2,18,474,1993,0.94
129,2,18,474,1994,0.96
129,2,18,474,1995,1.07
129,2,18,474,1996,1.12
129,2,18,474,1997,1.17
129,2,18,474,1998,1.22
129,2,18,474,1999,1.28
129,2,18,474,2000,1.34
129,2,18,474,2001,1.41
129,2,18,474,2002,1.5
129,2,18,474,2003,1.59
129,2,18,474,2004,1.65
129,2,18,474,2005,1.74
129,2,18,474,2006,1.83
129,2,18,474,2007,1.92
129,2,18,474,2008,2.03
129,2,18,474,2009,2.14
129,2,18,474,2010,2.24
129,2,18,474,2011,2.36
129,2,18,474,2012,2.49
129,2,18,474,2013,2.64
129,2,18,474,2014,2.86
129,2,18,474,2015,2.89
129,2,18,474,2016,3.09
129,2,18,474,2017,3.24
129,2,19,474,1990,0.98
129,2,19,474,1991,1.01
129,2,19,474,1992,1.11
129,2,19,474,1993,1.18
129,2,19,474,1994,1.18
129,2,19,474,1995,1.34
129,2,19,474,1996,1.43
129,2,19,474,1997,1.48
129,2,19,474,1998,1.54
129,2,19,474,1999,1.63
129,2,19,474,2000,1.71
129,2,19,474,2001,1.8
129,2,19,474,2002,1.91
129,2,19,474,2003,2.02
129,2,19,474,2004,2.13
129,2,19,474,2005,2.23
129,2,19,474,2006,2.36
129,2,19,474,2007,2.51
129,2,19,474,2008,2.69
129,2,19,474,2009,2.81
129,2,19,474,2010,2.97
129,2,19,474,2011,3.13
129,2,19,474,2012,3.27
129,2,19,474,2013,3.44
129,2,19,474,2014,3.63
129,2,19,474,2015,3.78
129,2,19,474,2016,3.95
129,2,19,474,2017,4.1
129,2,20,474,1990,1.23
129,2,20,474,1991,1.26
129,2,20,474,1992,1.3
129,2,20,474,1993,1.37
129,2,20,474,1994,1.44
129,2,20,474,1995,1.62
129,2,20,474,1996,1.75
129,2,20,474,1997,1.86
129,2,20,474,1998,1.98
129,2,20,474,1999,2.05
129,2,20,474,2000,2.18
129,2,20,474,2001,2.32
129,2,20,474,2002,2.44
129,2,20,474,2003,2.55
129,2,20,474,2004,2.71
129,2,20,474,2005,2.85
129,2,20,474,2006,3.01
129,2,20,474,2007,3.19
129,2,20,474,2008,3.41
129,2,20,474,2009,3.61
129,2,20,474,2010,3.81
129,2,20,474,2011,4.04
129,2,20,474,2012,4.33
129,2,20,474,2013,4.66
129,2,20,474,2014,4.93
129,2,20,474,2015,5.15
129,2,20,474,2016,5.36
129,2,20,474,2017,5.55
129,2,22,474,1990,8.6
129,2,22,474,1991,8.85
129,2,22,474,1992,9.48
129,2,22,474,1993,9.95
129,2,22,474,1994,10.08
129,2,22,474,1995,11.19
129,2,22,474,1996,11.78
129,2,22,474,1997,12.27
129,2,22,474,1998,12.8
129,2,22,474,1999,13.45
129,2,22,474,2000,14.16
129,2,22,474,2001,14.95
129,2,22,474,2002,15.78
129,2,22,474,2003,16.64
129,2,22,474,2004,17.53
129,2,22,474,2005,18.39
129,2,22,474,2006,19.3
129,2,22,474,2007,20.31
129,2,22,474,2008,21.46
129,2,22,474,2009,22.49
129,2,22,474,2010,23.57
129,2,22,474,2011,24.79
129,2,22,474,2012,25.98
129,2,22,474,2013,27.42
129,2,22,474,2014,29.12
129,2,22,474,2015,30.31
129,2,22,474,2016,31.62
129,2,22,474,2017,32.85
129,2,30,474,1990,1.05
129,2,30,474,1991,1.09
129,2,30,474,1992,1.17
129,2,30,474,1993,1.28
129,2,30,474,1994,1.28
129,2,30,474,1995,1.4
129,2,30,474,1996,1.46
129,2,30,474,1997,1.49
129,2,30,474,1998,1.54
129,2,30,474,1999,1.67
129,2,30,474,2000,1.79
129,2,30,474,2001,1.91
129,2,30,474,2002,2.05
129,2,30,474,2003,2.19
129,2,30,474,2004,2.27
129,2,30,474,2005,2.4
129,2,30,474,2006,2.52
129,2,30,474,2007,2.64
129,2,30,474,2008,2.79
129,2,30,474,2009,2.98
129,2,30,474,2010,3.15
129,2,30,474,2011,3.33
129,2,30,474,2012,3.51
129,2,30,474,2013,3.76
129,2,30,474,2014,4.08
129,2,30,474,2015,4.27
129,2,30,474,2016,4.49
129,2,30,474,2017,4.73
129,2,31,474,1990,0.73
129,2,31,474,1991,0.77
129,2,31,474,1992,0.82
129,2,31,474,1993,0.9
129,2,31,474,1994,0.94
129,2,31,474,1995,1.03
129,2,31,474,1996,1.08
129,2,31,474,1997,1.14
129,2,31,474,1998,1.19
129,2,31,474,1999,1.21
129,2,31,474,2000,1.25
129,2,31,474,2001,1.3
129,2,31,474,2002,1.34
129,2,31,474,2003,1.39
129,2,31,474,2004,1.52
129,2,31,474,2005,1.61
129,2,31,474,2006,1.71
129,2,31,474,2007,1.84
129,2,31,474,2008,1.96
129,2,31,474,2009,2.01
129,2,31,474,2010,2.13
129,2,31,474,2011,2.25
129,2,31,474,2012,2.33
129,2,31,474,2013,2.48
129,2,31,474,2014,2.72
129,2,31,474,2015,2.84
129,2,31,474,2016,2.97
129,2,31,474,2017,3.1
129,2,32,474,1990,0.32
129,2,32,474,1991,0.36
129,2,32,474,1992,0.39
129,2,32,474,1993,0.44
129,2,32,474,1994,0.46
129,2,32,474,1995,0.48
129,2,32,474,1996,0.49
129,2,32,474,1997,0.52
129,2,32,474,1998,0.53
129,2,32,474,1999,0.56
129,2,32,474,2000,0.59
129,2,32,474,2001,0.62
129,2,32,474,2002,0.66
129,2,32,474,2003,0.7
129,2,32,474,2004,0.71
129,2,32,474,2005,0.73
129,2,32,474,2006,0.75
129,2,32,474,2007,0.77
129,2,32,474,2008,0.8
129,2,32,474,2009,0.87
129,2,32,474,2010,0.92
129,2,32,474,2011,0.97
129,2,32,474,2012,1.03
129,2,32,474,2013,1.11
129,2,32,474,2014,1.18
129,2,32,474,2015,1.24
129,2,32,474,2016,1.29
129,2,32,474,2017,1.33
129,2,235,474,1990,0.1
129,2,235,474,1991,0.11
129,2,235,474,1992,0.13
129,2,235,474,1993,0.15
129,2,235,474,1994,0.15
129,2,235,474,1995,0.17
129,2,235,474,1996,0.18
129,2,235,474,1997,0.18
129,2,235,474,1998,0.19
129,2,235,474,1999,0.2
129,2,235,474,2000,0.21
129,2,235,474,2001,0.21
129,2,235,474,2002,0.23
129,2,235,474,2003,0.24
129,2,235,474,2004,0.25
129,2,235,474,2005,0.26
129,2,235,474,2006,0.27
129,2,235,474,2007,0.29
129,2,235,474,2008,0.3
129,2,235,474,2009,0.3
129,2,235,474,2010,0.31
129,2,235,474,2011,0.32
129,2,235,474,2012,0.32
129,2,235,474,2013,0.34
129,2,235,474,2014,0.38
129,2,235,474,2015,0.39
129,2,235,474,2016,0.4
129,2,235,474,2017,0.42
130,2,8,474,1990,0.62
130,2,8,474,1991,0.6
130,2,8,474,1992,0.59
130,2,8,474,1993,0.58
130,2,8,474,1994,0.57
130,2,8,474,1995,0.58
130,2,8,474,1996,0.58
130,2,8,474,1997,0.59
130,2,8,474,1998,0.59
130,2,8,474,1999,0.59
130,2,8,474,2000,0.59
130,2,8,474,2001,0.59
130,2,8,474,2002,0.6
130,2,8,474,2003,0.6
130,2,8,474,2004,0.61
130,2,8,474,2005,0.63
130,2,8,474,2006,0.64
130,2,8,474,2007,0.66
130,2,8,474,2008,0.68
130,2,8,474,2009,0.71
130,2,8,474,2010,0.71
130,2,8,474,2011,0.69
130,2,8,474,2012,0.67
130,2,8,474,2013,0.64
130,2,8,474,2014,0.62
130,2,8,474,2015,0.6
130,2,8,474,2016,0.59
130,2,8,474,2017,0.61
130,2,9,474,1990,0.86
130,2,9,474,1991,0.84
130,2,9,474,1992,0.83
130,2,9,474,1993,0.81
130,2,9,474,1994,0.82
130,2,9,474,1995,0.83
130,2,9,474,1996,0.81
130,2,9,474,1997,0.81
130,2,9,474,1998,0.82
130,2,9,474,1999,0.8
130,2,9,474,2000,0.78
130,2,9,474,2001,0.77
130,2,9,474,2002,0.79
130,2,9,474,2003,0.8
130,2,9,474,2004,0.82
130,2,9,474,2005,0.85
130,2,9,474,2006,0.87
130,2,9,474,2007,0.88
130,2,9,474,2008,0.92
130,2,9,474,2009,1.01
130,2,9,474,2010,0.98
130,2,9,474,2011,0.96
130,2,9,474,2012,0.94
130,2,9,474,2013,0.91
130,2,9,474,2014,0.9
130,2,9,474,2015,0.89
130,2,9,474,2016,0.89
130,2,9,474,2017,0.9
130,2,10,474,1990,1.01
130,2,10,474,1991,0.97
130,2,10,474,1992,0.95
130,2,10,474,1993,0.94
130,2,10,474,1994,0.94
130,2,10,474,1995,0.96
130,2,10,474,1996,0.95
130,2,10,474,1997,0.96
130,2,10,474,1998,0.99
130,2,10,474,1999,1
130,2,10,474,2000,0.99
130,2,10,474,2001,0.99
130,2,10,474,2002,1
130,2,10,474,2003,1.01
130,2,10,474,2004,1.04
130,2,10,474,2005,1.08
130,2,10,474,2006,1.09
130,2,10,474,2007,1.13
130,2,10,474,2008,1.19
130,2,10,474,2009,1.28
130,2,10,474,2010,1.23
130,2,10,474,2011,1.2
130,2,10,474,2012,1.16
130,2,10,474,2013,1.14
130,2,10,474,2014,1.16
130,2,10,474,2015,1.13
130,2,10,474,2016,1.16
130,2,10,474,2017,1.2
130,2,11,474,1990,1.7
130,2,11,474,1991,1.66
130,2,11,474,1992,1.7
130,2,11,474,1993,1.7
130,2,11,474,1994,1.73
130,2,11,474,1995,1.7
130,2,11,474,1996,1.7
130,2,11,474,1997,1.69
130,2,11,474,1998,1.76
130,2,11,474,1999,1.82
130,2,11,474,2000,1.74
130,2,11,474,2001,1.77
130,2,11,474,2002,1.84
130,2,11,474,2003,1.85
130,2,11,474,2004,1.85
130,2,11,474,2005,1.99
130,2,11,474,2006,2.04
130,2,11,474,2007,2.09
130,2,11,474,2008,2.22
130,2,11,474,2009,2.37
130,2,11,474,2010,2.25
130,2,11,474,2011,2.16
130,2,11,474,2012,2.12
130,2,11,474,2013,2.14
130,2,11,474,2014,2.14
130,2,11,474,2015,2.03
130,2,11,474,2016,2.02
130,2,11,474,2017,2.1
130,2,12,474,1990,3.42
130,2,12,474,1991,3.33
130,2,12,474,1992,3.34
130,2,12,474,1993,3.33
130,2,12,474,1994,3.41
130,2,12,474,1995,3.54
130,2,12,474,1996,3.56
130,2,12,474,1997,3.55
130,2,12,474,1998,3.63
130,2,12,474,1999,3.73
130,2,12,474,2000,3.6
130,2,12,474,2001,3.68
130,2,12,474,2002,3.73
130,2,12,474,2003,3.75
130,2,12,474,2004,3.7
130,2,12,474,2005,3.92
130,2,12,474,2006,4
130,2,12,474,2007,4.24
130,2,12,474,2008,4.52
130,2,12,474,2009,4.77
130,2,12,474,2010,4.71
130,2,12,474,2011,4.71
130,2,12,474,2012,4.58
130,2,12,474,2013,4.6
130,2,12,474,2014,4.55
130,2,12,474,2015,4.37
130,2,12,474,2016,4.44
130,2,12,474,2017,4.59
130,2,13,474,1990,5.09
130,2,13,474,1991,5.02
130,2,13,474,1992,5.07
130,2,13,474,1993,5.07
130,2,13,474,1994,5.2
130,2,13,474,1995,5.35
130,2,13,474,1996,5.44
130,2,13,474,1997,5.54
130,2,13,474,1998,5.74
130,2,13,474,1999,5.94
130,2,13,474,2000,5.74
130,2,13,474,2001,5.92
130,2,13,474,2002,5.94
130,2,13,474,2003,6.38
130,2,13,474,2004,6.44
130,2,13,474,2005,6.75
130,2,13,474,2006,6.84
130,2,13,474,2007,7.32
130,2,13,474,2008,8.08
130,2,13,474,2009,8.4
130,2,13,474,2010,8.31
130,2,13,474,2011,8.24
130,2,13,474,2012,8.32
130,2,13,474,2013,8.63
130,2,13,474,2014,8.88
130,2,13,474,2015,8.45
130,2,13,474,2016,8.47
130,2,13,474,2017,8.9
130,2,14,474,1990,7.26
130,2,14,474,1991,7.08
130,2,14,474,1992,7.27
130,2,14,474,1993,7.38
130,2,14,474,1994,7.72
130,2,14,474,1995,8.05
130,2,14,474,1996,8.34
130,2,14,474,1997,8.55
130,2,14,474,1998,8.96
130,2,14,474,1999,9.23
130,2,14,474,2000,9.58
130,2,14,474,2001,9.57
130,2,14,474,2002,9.89
130,2,14,474,2003,10.82
130,2,14,474,2004,11.31
130,2,14,474,2005,12.49
130,2,14,474,2006,13.17
130,2,14,474,2007,14.07
130,2,14,474,2008,15.01
130,2,14,474,2009,15.58
130,2,14,474,2010,14.94
130,2,14,474,2011,14.52
130,2,14,474,2012,14.7
130,2,14,474,2013,14.98
130,2,14,474,2014,14.97
130,2,14,474,2015,14.49
130,2,14,474,2016,14.84
130,2,14,474,2017,15.53
130,2,15,474,1990,9.19
130,2,15,474,1991,8.95
130,2,15,474,1992,9.31
130,2,15,474,1993,9.58
130,2,15,474,1994,9.79
130,2,15,474,1995,10.32
130,2,15,474,1996,10.64
130,2,15,474,1997,10.77
130,2,15,474,1998,11.27
130,2,15,474,1999,11.88
130,2,15,474,2000,12.48
130,2,15,474,2001,13.06
130,2,15,474,2002,13.96
130,2,15,474,2003,14.92
130,2,15,474,2004,15.52
130,2,15,474,2005,16.58
130,2,15,474,2006,18.21
130,2,15,474,2007,19.89
130,2,15,474,2008,21.41
130,2,15,474,2009,22.09
130,2,15,474,2010,21.61
130,2,15,474,2011,22
130,2,15,474,2012,21.93
130,2,15,474,2013,22.57
130,2,15,474,2014,22.58
130,2,15,474,2015,22.5
130,2,15,474,2016,23.13
130,2,15,474,2017,24.29
130,2,16,474,1990,13.05
130,2,16,474,1991,12.99
130,2,16,474,1992,13.13
130,2,16,474,1993,13.34
130,2,16,474,1994,13.7
130,2,16,474,1995,14.31
130,2,16,474,1996,14.34
130,2,16,474,1997,15.35
130,2,16,474,1998,15.89
130,2,16,474,1999,17.18
130,2,16,474,2000,17.28
130,2,16,474,2001,18.09
130,2,16,474,2002,18.84
130,2,16,474,2003,20.17
130,2,16,474,2004,21.21
130,2,16,474,2005,23.1
130,2,16,474,2006,24.47
130,2,16,474,2007,25.96
130,2,16,474,2008,27.53
130,2,16,474,2009,28.46
130,2,16,474,2010,28.02
130,2,16,474,2011,28.33
130,2,16,474,2012,28.43
130,2,16,474,2013,29.97
130,2,16,474,2014,30.84
130,2,16,474,2015,30.74
130,2,16,474,2016,31.35
130,2,16,474,2017,33.12
130,2,17,474,1990,16.25
130,2,17,474,1991,16.43
130,2,17,474,1992,17.26
130,2,17,474,1993,17.82
130,2,17,474,1994,17.99
130,2,17,474,1995,18.7
130,2,17,474,1996,19.09
130,2,17,474,1997,20.07
130,2,17,474,1998,20.84
130,2,17,474,1999,21.93
130,2,17,474,2000,22.21
130,2,17,474,2001,23.48
130,2,17,474,2002,23.46
130,2,17,474,2003,25.16
130,2,17,474,2004,26.76
130,2,17,474,2005,28.61
130,2,17,474,2006,29.63
130,2,17,474,2007,32.39
130,2,17,474,2008,34.41
130,2,17,474,2009,35.15
130,2,17,474,2010,33.84
130,2,17,474,2011,34.2
130,2,17,474,2012,34.2
130,2,17,474,2013,35.31
130,2,17,474,2014,36.4
130,2,17,474,2015,36.94
130,2,17,474,2016,38.06
130,2,17,474,2017,40.55
130,2,18,474,1990,20.59
130,2,18,474,1991,20.73
130,2,18,474,1992,21.43
130,2,18,474,1993,21.73
130,2,18,474,1994,22.33
130,2,18,474,1995,23.84
130,2,18,474,1996,25.16
130,2,18,474,1997,25.6
130,2,18,474,1998,27.33
130,2,18,474,1999,28.83
130,2,18,474,2000,29.22
130,2,18,474,2001,29.8
130,2,18,474,2002,30.95
130,2,18,474,2003,32.05
130,2,18,474,2004,32.78
130,2,18,474,2005,35.01
130,2,18,474,2006,37.06
130,2,18,474,2007,39.98
130,2,18,474,2008,41.51
130,2,18,474,2009,42.38
130,2,18,474,2010,41.41
130,2,18,474,2011,42.36
130,2,18,474,2012,43.12
130,2,18,474,2013,44.32
130,2,18,474,2014,45.94
130,2,18,474,2015,46.39
130,2,18,474,2016,48.32
130,2,18,474,2017,50.31
130,2,19,474,1990,22.43
130,2,19,474,1991,23.02
130,2,19,474,1992,24.91
130,2,19,474,1993,25.87
130,2,19,474,1994,27.48
130,2,19,474,1995,29.41
130,2,19,474,1996,31.64
130,2,19,474,1997,32.25
130,2,19,474,1998,32.95
130,2,19,474,1999,34.38
130,2,19,474,2000,35.57
130,2,19,474,2001,37.05
130,2,19,474,2002,39.29
130,2,19,474,2003,40.53
130,2,19,474,2004,42.55
130,2,19,474,2005,45.07
130,2,19,474,2006,46.39
130,2,19,474,2007,49.58
130,2,19,474,2008,51.76
130,2,19,474,2009,53.03
130,2,19,474,2010,51.62
130,2,19,474,2011,52.33
130,2,19,474,2012,52.83
130,2,19,474,2013,54.07
130,2,19,474,2014,55.86
130,2,19,474,2015,56.01
130,2,19,474,2016,58.17
130,2,19,474,2017,61.32
130,2,20,474,1990,31.49
130,2,20,474,1991,30.18
130,2,20,474,1992,30.08
130,2,20,474,1993,29.94
130,2,20,474,1994,30.93
130,2,20,474,1995,33.21
130,2,20,474,1996,35.74
130,2,20,474,1997,38.34
130,2,20,474,1998,41.11
130,2,20,474,1999,43.07
130,2,20,474,2000,45.08
130,2,20,474,2001,47.27
130,2,20,474,2002,51.25
130,2,20,474,2003,53.24
130,2,20,474,2004,56.1
130,2,20,474,2005,59.45
130,2,20,474,2006,62.97
130,2,20,474,2007,67.17
130,2,20,474,2008,69.9
130,2,20,474,2009,72.59
130,2,20,474,2010,71.53
130,2,20,474,2011,71.31
130,2,20,474,2012,71.38
130,2,20,474,2013,73.08
130,2,20,474,2014,73.89
130,2,20,474,2015,73.18
130,2,20,474,2016,75.25
130,2,20,474,2017,79.16
130,2,22,474,1990,196.52
130,2,22,474,1991,197.6
130,2,22,474,1992,206.17
130,2,22,474,1993,211.18
130,2,22,474,1994,219.24
130,2,22,474,1995,230.27
130,2,22,474,1996,238.59
130,2,22,474,1997,244.68
130,2,22,474,1998,254.95
130,2,22,474,1999,266.27
130,2,22,474,2000,271.69
130,2,22,474,2001,283.74
130,2,22,474,2002,299.94
130,2,22,474,2003,313.75
130,2,22,474,2004,330.57
130,2,22,474,2005,351.7
130,2,22,474,2006,368.74
130,2,22,474,2007,393.52
130,2,22,474,2008,415.35
130,2,22,474,2009,431.78
130,2,22,474,2010,428.76
130,2,22,474,2011,435.12
130,2,22,474,2012,439.25
130,2,22,474,2013,453.72
130,2,22,474,2014,467.75
130,2,22,474,2015,468.29
130,2,22,474,2016,481.86
130,2,22,474,2017,504.44
130,2,30,474,1990,29.44
130,2,30,474,1991,29.56
130,2,30,474,1992,30.56
130,2,30,474,1993,31.31
130,2,30,474,1994,32.3
130,2,30,474,1995,33.47
130,2,30,474,1996,33.54
130,2,30,474,1997,33.42
130,2,30,474,1998,34.29
130,2,30,474,1999,35.3
130,2,30,474,2000,36.35
130,2,30,474,2001,39.26
130,2,30,474,2002,42.99
130,2,30,474,2003,45.71
130,2,30,474,2004,49.52
130,2,30,474,2005,52.35
130,2,30,474,2006,54.66
130,2,30,474,2007,56.86
130,2,30,474,2008,59.61
130,2,30,474,2009,62.04
130,2,30,474,2010,62.46
130,2,30,474,2011,64.59
130,2,30,474,2012,65.48
130,2,30,474,2013,68.28
130,2,30,474,2014,70.71
130,2,30,474,2015,70.57
130,2,30,474,2016,72.18
130,2,30,474,2017,75.39
130,2,31,474,1990,23.18
130,2,31,474,1991,24.36
130,2,31,474,1992,26.62
130,2,31,474,1993,27.82
130,2,31,474,1994,29.08
130,2,31,474,1995,29.37
130,2,31,474,1996,29.24
130,2,31,474,1997,28.98
130,2,31,474,1998,30.49
130,2,31,474,1999,31.69
130,2,31,474,2000,30.79
130,2,31,474,2001,31.36
130,2,31,474,2002,33.05
130,2,31,474,2003,34.08
130,2,31,474,2004,36.22
130,2,31,474,2005,38.55
130,2,31,474,2006,41.45
130,2,31,474,2007,45.04
130,2,31,474,2008,49.41
130,2,31,474,2009,53.19
130,2,31,474,2010,54.49
130,2,31,474,2011,55.23
130,2,31,474,2012,54.96
130,2,31,474,2013,56.29
130,2,31,474,2014,59.1
130,2,31,474,2015,59.7
130,2,31,474,2016,62.31
130,2,31,474,2017,65.07
130,2,32,474,1990,8.95
130,2,32,474,1991,9.68
130,2,32,474,1992,10.74
130,2,32,474,1993,11.5
130,2,32,474,1994,12.64
130,2,32,474,1995,13.82
130,2,32,474,1996,14.78
130,2,32,474,1997,15
130,2,32,474,1998,14.85
130,2,32,474,1999,15.22
130,2,32,474,2000,15.61
130,2,32,474,2001,16.59
130,2,32,474,2002,17.69
130,2,32,474,2003,17.72
130,2,32,474,2004,18.98
130,2,32,474,2005,19.86
130,2,32,474,2006,19.81
130,2,32,474,2007,20.46
130,2,32,474,2008,21.06
130,2,32,474,2009,22
130,2,32,474,2010,23.24
130,2,32,474,2011,24.36
130,2,32,474,2012,25.84
130,2,32,474,2013,27.51
130,2,32,474,2014,29.36
130,2,32,474,2015,30.48
130,2,32,474,2016,31.21
130,2,32,474,2017,31.88
130,2,235,474,1990,2.01
130,2,235,474,1991,2.19
130,2,235,474,1992,2.37
130,2,235,474,1993,2.47
130,2,235,474,1994,2.59
130,2,235,474,1995,2.79
130,2,235,474,1996,3.03
130,2,235,474,1997,3.22
130,2,235,474,1998,3.44
130,2,235,474,1999,3.68
130,2,235,474,2000,4.07
130,2,235,474,2001,4.49
130,2,235,474,2002,4.68
130,2,235,474,2003,4.94
130,2,235,474,2004,5.15
130,2,235,474,2005,5.42
130,2,235,474,2006,5.43
130,2,235,474,2007,5.78
130,2,235,474,2008,6.11
130,2,235,474,2009,6.73
130,2,235,474,2010,7.41
130,2,235,474,2011,7.91
130,2,235,474,2012,8.59
130,2,235,474,2013,9.29
130,2,235,474,2014,9.86
130,2,235,474,2015,9.83
130,2,235,474,2016,9.45
130,2,235,474,2017,9.51
131,2,8,474,1990,0.02
131,2,8,474,1991,0.03
131,2,8,474,1992,0.03
131,2,8,474,1993,0.03
131,2,8,474,1994,0.03
131,2,8,474,1995,0.03
131,2,8,474,1996,0.03
131,2,8,474,1997,0.03
131,2,8,474,1998,0.02
131,2,8,474,1999,0.03
131,2,8,474,2000,0.03
131,2,8,474,2001,0.03
131,2,8,474,2002,0.03
131,2,8,474,2003,0.03
131,2,8,474,2004,0.03
131,2,8,474,2005,0.03
131,2,8,474,2006,0.04
131,2,8,474,2007,0.04
131,2,8,474,2008,0.03
131,2,8,474,2009,0.03
131,2,8,474,2010,0.04
131,2,8,474,2011,0.04
131,2,8,474,2012,0.04
131,2,8,474,2013,0.04
131,2,8,474,2014,0.04
131,2,8,474,2015,0.03
131,2,8,474,2016,0.03
131,2,8,474,2017,0.03
131,2,9,474,1990,0.02
131,2,9,474,1991,0.02
131,2,9,474,1992,0.02
131,2,9,474,1993,0.02
131,2,9,474,1994,0.02
131,2,9,474,1995,0.02
131,2,9,474,1996,0.02
131,2,9,474,1997,0.02
131,2,9,474,1998,0.02
131,2,9,474,1999,0.03
131,2,9,474,2000,0.03
131,2,9,474,2001,0.03
131,2,9,474,2002,0.03
131,2,9,474,2003,0.03
131,2,9,474,2004,0.03
131,2,9,474,2005,0.03
131,2,9,474,2006,0.03
131,2,9,474,2007,0.03
131,2,9,474,2008,0.03
131,2,9,474,2009,0.04
131,2,9,474,2010,0.04
131,2,9,474,2011,0.03
131,2,9,474,2012,0.03
131,2,9,474,2013,0.04
131,2,9,474,2014,0.04
131,2,9,474,2015,0.04
131,2,9,474,2016,0.04
131,2,9,474,2017,0.04
131,2,10,474,1990,0.03
131,2,10,474,1991,0.03
131,2,10,474,1992,0.03
131,2,10,474,1993,0.03
131,2,10,474,1994,0.04
131,2,10,474,1995,0.04
131,2,10,474,1996,0.04
131,2,10,474,1997,0.05
131,2,10,474,1998,0.05
131,2,10,474,1999,0.05
131,2,10,474,2000,0.05
131,2,10,474,2001,0.05
131,2,10,474,2002,0.06
131,2,10,474,2003,0.05
131,2,10,474,2004,0.05
131,2,10,474,2005,0.06
131,2,10,474,2006,0.05
131,2,10,474,2007,0.06
131,2,10,474,2008,0.06
131,2,10,474,2009,0.06
131,2,10,474,2010,0.06
131,2,10,474,2011,0.06
131,2,10,474,2012,0.06
131,2,10,474,2013,0.06
131,2,10,474,2014,0.06
131,2,10,474,2015,0.05
131,2,10,474,2016,0.05
131,2,10,474,2017,0.05
131,2,11,474,1990,0.04
131,2,11,474,1991,0.05
131,2,11,474,1992,0.05
131,2,11,474,1993,0.05
131,2,11,474,1994,0.05
131,2,11,474,1995,0.06
131,2,11,474,1996,0.06
131,2,11,474,1997,0.07
131,2,11,474,1998,0.07
131,2,11,474,1999,0.07
131,2,11,474,2000,0.08
131,2,11,474,2001,0.08
131,2,11,474,2002,0.08
131,2,11,474,2003,0.08
131,2,11,474,2004,0.08
131,2,11,474,2005,0.08
131,2,11,474,2006,0.08
131,2,11,474,2007,0.08
131,2,11,474,2008,0.09
131,2,11,474,2009,0.09
131,2,11,474,2010,0.09
131,2,11,474,2011,0.09
131,2,11,474,2012,0.09
131,2,11,474,2013,0.09
131,2,11,474,2014,0.09
131,2,11,474,2015,0.09
131,2,11,474,2016,0.09
131,2,11,474,2017,0.09
131,2,12,474,1990,0.08
131,2,12,474,1991,0.09
131,2,12,474,1992,0.1
131,2,12,474,1993,0.11
131,2,12,474,1994,0.11
131,2,12,474,1995,0.12
131,2,12,474,1996,0.12
131,2,12,474,1997,0.14
131,2,12,474,1998,0.14
131,2,12,474,1999,0.15
131,2,12,474,2000,0.16
131,2,12,474,2001,0.17
131,2,12,474,2002,0.18
131,2,12,474,2003,0.17
131,2,12,474,2004,0.18
131,2,12,474,2005,0.18
131,2,12,474,2006,0.18
131,2,12,474,2007,0.19
131,2,12,474,2008,0.2
131,2,12,474,2009,0.2
131,2,12,474,2010,0.2
131,2,12,474,2011,0.2
131,2,12,474,2012,0.2
131,2,12,474,2013,0.2
131,2,12,474,2014,0.2
131,2,12,474,2015,0.2
131,2,12,474,2016,0.2
131,2,12,474,2017,0.2
131,2,13,474,1990,0.1
131,2,13,474,1991,0.11
131,2,13,474,1992,0.11
131,2,13,474,1993,0.12
131,2,13,474,1994,0.13
131,2,13,474,1995,0.14
131,2,13,474,1996,0.15
131,2,13,474,1997,0.16
131,2,13,474,1998,0.16
131,2,13,474,1999,0.17
131,2,13,474,2000,0.18
131,2,13,474,2001,0.2
131,2,13,474,2002,0.2
131,2,13,474,2003,0.2
131,2,13,474,2004,0.2
131,2,13,474,2005,0.2
131,2,13,474,2006,0.2
131,2,13,474,2007,0.21
131,2,13,474,2008,0.22
131,2,13,474,2009,0.22
131,2,13,474,2010,0.22
131,2,13,474,2011,0.23
131,2,13,474,2012,0.22
131,2,13,474,2013,0.22
131,2,13,474,2014,0.24
131,2,13,474,2015,0.23
131,2,13,474,2016,0.23
131,2,13,474,2017,0.24
131,2,14,474,1990,0.16
131,2,14,474,1991,0.17
131,2,14,474,1992,0.17
131,2,14,474,1993,0.19
131,2,14,474,1994,0.2
131,2,14,474,1995,0.22
131,2,14,474,1996,0.24
131,2,14,474,1997,0.26
131,2,14,474,1998,0.27
131,2,14,474,1999,0.29
131,2,14,474,2000,0.31
131,2,14,474,2001,0.32
131,2,14,474,2002,0.34
131,2,14,474,2003,0.33
131,2,14,474,2004,0.35
131,2,14,474,2005,0.36
131,2,14,474,2006,0.36
131,2,14,474,2007,0.38
131,2,14,474,2008,0.4
131,2,14,474,2009,0.41
131,2,14,474,2010,0.41
131,2,14,474,2011,0.43
131,2,14,474,2012,0.42
131,2,14,474,2013,0.42
131,2,14,474,2014,0.45
131,2,14,474,2015,0.43
131,2,14,474,2016,0.43
131,2,14,474,2017,0.44
131,2,15,474,1990,0.22
131,2,15,474,1991,0.25
131,2,15,474,1992,0.25
131,2,15,474,1993,0.26
131,2,15,474,1994,0.26
131,2,15,474,1995,0.28
131,2,15,474,1996,0.29
131,2,15,474,1997,0.31
131,2,15,474,1998,0.31
131,2,15,474,1999,0.33
131,2,15,474,2000,0.35
131,2,15,474,2001,0.38
131,2,15,474,2002,0.4
131,2,15,474,2003,0.38
131,2,15,474,2004,0.39
131,2,15,474,2005,0.41
131,2,15,474,2006,0.4
131,2,15,474,2007,0.42
131,2,15,474,2008,0.44
131,2,15,474,2009,0.46
131,2,15,474,2010,0.47
131,2,15,474,2011,0.49
131,2,15,474,2012,0.5
131,2,15,474,2013,0.51
131,2,15,474,2014,0.55
131,2,15,474,2015,0.54
131,2,15,474,2016,0.55
131,2,15,474,2017,0.56
131,2,16,474,1990,0.28
131,2,16,474,1991,0.3
131,2,16,474,1992,0.31
131,2,16,474,1993,0.33
131,2,16,474,1994,0.33
131,2,16,474,1995,0.35
131,2,16,474,1996,0.37
131,2,16,474,1997,0.39
131,2,16,474,1998,0.39
131,2,16,474,1999,0.4
131,2,16,474,2000,0.42
131,2,16,474,2001,0.45
131,2,16,474,2002,0.46
131,2,16,474,2003,0.45
131,2,16,474,2004,0.46
131,2,16,474,2005,0.48
131,2,16,474,2006,0.48
131,2,16,474,2007,0.51
131,2,16,474,2008,0.53
131,2,16,474,2009,0.56
131,2,16,474,2010,0.58
131,2,16,474,2011,0.61
131,2,16,474,2012,0.62
131,2,16,474,2013,0.64
131,2,16,474,2014,0.68
131,2,16,474,2015,0.68
131,2,16,474,2016,0.71
131,2,16,474,2017,0.73
131,2,17,474,1990,0.38
131,2,17,474,1991,0.39
131,2,17,474,1992,0.39
131,2,17,474,1993,0.42
131,2,17,474,1994,0.44
131,2,17,474,1995,0.47
131,2,17,474,1996,0.49
131,2,17,474,1997,0.5
131,2,17,474,1998,0.5
131,2,17,474,1999,0.51
131,2,17,474,2000,0.53
131,2,17,474,2001,0.55
131,2,17,474,2002,0.57
131,2,17,474,2003,0.56
131,2,17,474,2004,0.58
131,2,17,474,2005,0.6
131,2,17,474,2006,0.58
131,2,17,474,2007,0.6
131,2,17,474,2008,0.63
131,2,17,474,2009,0.65
131,2,17,474,2010,0.67
131,2,17,474,2011,0.71
131,2,17,474,2012,0.73
131,2,17,474,2013,0.75
131,2,17,474,2014,0.79
131,2,17,474,2015,0.8
131,2,17,474,2016,0.84
131,2,17,474,2017,0.88
131,2,18,474,1990,0.49
131,2,18,474,1991,0.5
131,2,18,474,1992,0.51
131,2,18,474,1993,0.57
131,2,18,474,1994,0.6
131,2,18,474,1995,0.66
131,2,18,474,1996,0.7
131,2,18,474,1997,0.71
131,2,18,474,1998,0.7
131,2,18,474,1999,0.73
131,2,18,474,2000,0.77
131,2,18,474,2001,0.81
131,2,18,474,2002,0.86
131,2,18,474,2003,0.84
131,2,18,474,2004,0.86
131,2,18,474,2005,0.86
131,2,18,474,2006,0.84
131,2,18,474,2007,0.89
131,2,18,474,2008,0.94
131,2,18,474,2009,0.95
131,2,18,474,2010,0.97
131,2,18,474,2011,1.02
131,2,18,474,2012,1.03
131,2,18,474,2013,1.06
131,2,18,474,2014,1.15
131,2,18,474,2015,1.16
131,2,18,474,2016,1.2
131,2,18,474,2017,1.27
131,2,19,474,1990,0.71
131,2,19,474,1991,0.74
131,2,19,474,1992,0.76
131,2,19,474,1993,0.82
131,2,19,474,1994,0.86
131,2,19,474,1995,0.93
131,2,19,474,1996,0.97
131,2,19,474,1997,1.02
131,2,19,474,1998,1.06
131,2,19,474,1999,1.11
131,2,19,474,2000,1.17
131,2,19,474,2001,1.29
131,2,19,474,2002,1.35
131,2,19,474,2003,1.3
131,2,19,474,2004,1.35
131,2,19,474,2005,1.42
131,2,19,474,2006,1.4
131,2,19,474,2007,1.43
131,2,19,474,2008,1.48
131,2,19,474,2009,1.53
131,2,19,474,2010,1.56
131,2,19,474,2011,1.61
131,2,19,474,2012,1.65
131,2,19,474,2013,1.72
131,2,19,474,2014,1.81
131,2,19,474,2015,1.78
131,2,19,474,2016,1.82
131,2,19,474,2017,1.89
131,2,20,474,1990,0.81
131,2,20,474,1991,0.88
131,2,20,474,1992,0.89
131,2,20,474,1993,0.94
131,2,20,474,1994,0.96
131,2,20,474,1995,1.04
131,2,20,474,1996,1.1
131,2,20,474,1997,1.14
131,2,20,474,1998,1.17
131,2,20,474,1999,1.21
131,2,20,474,2000,1.26
131,2,20,474,2001,1.36
131,2,20,474,2002,1.46
131,2,20,474,2003,1.46
131,2,20,474,2004,1.51
131,2,20,474,2005,1.55
131,2,20,474,2006,1.54
131,2,20,474,2007,1.61
131,2,20,474,2008,1.68
131,2,20,474,2009,1.76
131,2,20,474,2010,1.82
131,2,20,474,2011,1.93
131,2,20,474,2012,1.98
131,2,20,474,2013,2.02
131,2,20,474,2014,2.14
131,2,20,474,2015,2.14
131,2,20,474,2016,2.19
131,2,20,474,2017,2.29
131,2,22,474,1990,5.23
131,2,22,474,1991,5.59
131,2,22,474,1992,5.67
131,2,22,474,1993,6.07
131,2,22,474,1994,6.34
131,2,22,474,1995,6.78
131,2,22,474,1996,7.08
131,2,22,474,1997,7.5
131,2,22,474,1998,7.88
131,2,22,474,1999,8.29
131,2,22,474,2000,8.8
131,2,22,474,2001,9.53
131,2,22,474,2002,10.07
131,2,22,474,2003,10.06
131,2,22,474,2004,10.47
131,2,22,474,2005,10.95
131,2,22,474,2006,10.91
131,2,22,474,2007,11.37
131,2,22,474,2008,11.89
131,2,22,474,2009,12.35
131,2,22,474,2010,12.67
131,2,22,474,2011,13.3
131,2,22,474,2012,13.69
131,2,22,474,2013,14.17
131,2,22,474,2014,15.05
131,2,22,474,2015,15.19
131,2,22,474,2016,15.65
131,2,22,474,2017,16.22
131,2,30,474,1990,0.83
131,2,30,474,1991,0.89
131,2,30,474,1992,0.87
131,2,30,474,1993,0.92
131,2,30,474,1994,0.96
131,2,30,474,1995,1.01
131,2,30,474,1996,1.05
131,2,30,474,1997,1.12
131,2,30,474,1998,1.21
131,2,30,474,1999,1.28
131,2,30,474,2000,1.34
131,2,30,474,2001,1.44
131,2,30,474,2002,1.51
131,2,30,474,2003,1.52
131,2,30,474,2004,1.6
131,2,30,474,2005,1.69
131,2,30,474,2006,1.67
131,2,30,474,2007,1.73
131,2,30,474,2008,1.81
131,2,30,474,2009,1.87
131,2,30,474,2010,1.9
131,2,30,474,2011,2
131,2,30,474,2012,2.08
131,2,30,474,2013,2.18
131,2,30,474,2014,2.34
131,2,30,474,2015,2.42
131,2,30,474,2016,2.52
131,2,30,474,2017,2.6
131,2,31,474,1990,0.67
131,2,31,474,1991,0.71
131,2,31,474,1992,0.72
131,2,31,474,1993,0.77
131,2,31,474,1994,0.82
131,2,31,474,1995,0.87
131,2,31,474,1996,0.9
131,2,31,474,1997,0.98
131,2,31,474,1998,1.07
131,2,31,474,1999,1.14
131,2,31,474,2000,1.25
131,2,31,474,2001,1.39
131,2,31,474,2002,1.49
131,2,31,474,2003,1.54
131,2,31,474,2004,1.64
131,2,31,474,2005,1.74
131,2,31,474,2006,1.75
131,2,31,474,2007,1.79
131,2,31,474,2008,1.85
131,2,31,474,2009,1.93
131,2,31,474,2010,1.99
131,2,31,474,2011,2.09
131,2,31,474,2012,2.2
131,2,31,474,2013,2.31
131,2,31,474,2014,2.43
131,2,31,474,2015,2.49
131,2,31,474,2016,2.59
131,2,31,474,2017,2.65
131,2,32,474,1990,0.32
131,2,32,474,1991,0.35
131,2,32,474,1992,0.36
131,2,32,474,1993,0.38
131,2,32,474,1994,0.4
131,2,32,474,1995,0.41
131,2,32,474,1996,0.42
131,2,32,474,1997,0.48
131,2,32,474,1998,0.56
131,2,32,474,1999,0.63
131,2,32,474,2000,0.7
131,2,32,474,2001,0.78
131,2,32,474,2002,0.83
131,2,32,474,2003,0.86
131,2,32,474,2004,0.92
131,2,32,474,2005,0.98
131,2,32,474,2006,1.04
131,2,32,474,2007,1.1
131,2,32,474,2008,1.17
131,2,32,474,2009,1.25
131,2,32,474,2010,1.3
131,2,32,474,2011,1.39
131,2,32,474,2012,1.45
131,2,32,474,2013,1.51
131,2,32,474,2014,1.59
131,2,32,474,2015,1.63
131,2,32,474,2016,1.67
131,2,32,474,2017,1.76
131,2,235,474,1990,0.08
131,2,235,474,1991,0.09
131,2,235,474,1992,0.09
131,2,235,474,1993,0.1
131,2,235,474,1994,0.1
131,2,235,474,1995,0.11
131,2,235,474,1996,0.12
131,2,235,474,1997,0.13
131,2,235,474,1998,0.15
131,2,235,474,1999,0.17
131,2,235,474,2000,0.18
131,2,235,474,2001,0.21
131,2,235,474,2002,0.22
131,2,235,474,2003,0.23
131,2,235,474,2004,0.25
131,2,235,474,2005,0.27
131,2,235,474,2006,0.28
131,2,235,474,2007,0.3
131,2,235,474,2008,0.32
131,2,235,474,2009,0.34
131,2,235,474,2010,0.35
131,2,235,474,2011,0.38
131,2,235,474,2012,0.4
131,2,235,474,2013,0.42
131,2,235,474,2014,0.45
131,2,235,474,2015,0.47
131,2,235,474,2016,0.49
131,2,235,474,2017,0.52
132,2,8,474,1990,0.01
132,2,8,474,1991,0.01
132,2,8,474,1992,0.01
132,2,8,474,1993,0.01
132,2,8,474,1994,0.01
132,2,8,474,1995,0.01
132,2,8,474,1996,0.02
132,2,8,474,1997,0.02
132,2,8,474,1998,0.02
132,2,8,474,1999,0.02
132,2,8,474,2000,0.02
132,2,8,474,2001,0.02
132,2,8,474,2002,0.02
132,2,8,474,2003,0.02
132,2,8,474,2004,0.02
132,2,8,474,2005,0.01
132,2,8,474,2006,0.02
132,2,8,474,2007,0.02
132,2,8,474,2008,0.02
132,2,8,474,2009,0.02
132,2,8,474,2010,0.02
132,2,8,474,2011,0.02
132,2,8,474,2012,0.02
132,2,8,474,2013,0.02
132,2,8,474,2014,0.02
132,2,8,474,2015,0.02
132,2,8,474,2016,0.02
132,2,8,474,2017,0.02
132,2,9,474,1990,0.01
132,2,9,474,1991,0.02
132,2,9,474,1992,0.02
132,2,9,474,1993,0.02
132,2,9,474,1994,0.02
132,2,9,474,1995,0.02
132,2,9,474,1996,0.02
132,2,9,474,1997,0.02
132,2,9,474,1998,0.02
132,2,9,474,1999,0.02
132,2,9,474,2000,0.02
132,2,9,474,2001,0.02
132,2,9,474,2002,0.02
132,2,9,474,2003,0.02
132,2,9,474,2004,0.02
132,2,9,474,2005,0.02
132,2,9,474,2006,0.02
132,2,9,474,2007,0.02
132,2,9,474,2008,0.02
132,2,9,474,2009,0.02
132,2,9,474,2010,0.02
132,2,9,474,2011,0.02
132,2,9,474,2012,0.02
132,2,9,474,2013,0.02
132,2,9,474,2014,0.02
132,2,9,474,2015,0.02
132,2,9,474,2016,0.02
132,2,9,474,2017,0.02
132,2,10,474,1990,0.03
132,2,10,474,1991,0.03
132,2,10,474,1992,0.03
132,2,10,474,1993,0.03
132,2,10,474,1994,0.03
132,2,10,474,1995,0.03
132,2,10,474,1996,0.04
132,2,10,474,1997,0.04
132,2,10,474,1998,0.04
132,2,10,474,1999,0.03
132,2,10,474,2000,0.03
132,2,10,474,2001,0.03
132,2,10,474,2002,0.03
132,2,10,474,2003,0.03
132,2,10,474,2004,0.03
132,2,10,474,2005,0.03
132,2,10,474,2006,0.04
132,2,10,474,2007,0.03
132,2,10,474,2008,0.03
132,2,10,474,2009,0.03
132,2,10,474,2010,0.03
132,2,10,474,2011,0.03
132,2,10,474,2012,0.03
132,2,10,474,2013,0.03
132,2,10,474,2014,0.03
132,2,10,474,2015,0.03
132,2,10,474,2016,0.04
132,2,10,474,2017,0.03
132,2,11,474,1990,0.04
132,2,11,474,1991,0.05
132,2,11,474,1992,0.05
132,2,11,474,1993,0.06
132,2,11,474,1994,0.05
132,2,11,474,1995,0.06
132,2,11,474,1996,0.06
132,2,11,474,1997,0.07
132,2,11,474,1998,0.08
132,2,11,474,1999,0.07
132,2,11,474,2000,0.07
132,2,11,474,2001,0.08
132,2,11,474,2002,0.07
132,2,11,474,2003,0.08
132,2,11,474,2004,0.07
132,2,11,474,2005,0.07
132,2,11,474,2006,0.08
132,2,11,474,2007,0.09
132,2,11,474,2008,0.09
132,2,11,474,2009,0.09
132,2,11,474,2010,0.08
132,2,11,474,2011,0.09
132,2,11,474,2012,0.09
132,2,11,474,2013,0.1
132,2,11,474,2014,0.1
132,2,11,474,2015,0.09
132,2,11,474,2016,0.09
132,2,11,474,2017,0.09
132,2,12,474,1990,0.07
132,2,12,474,1991,0.07
132,2,12,474,1992,0.07
132,2,12,474,1993,0.07
132,2,12,474,1994,0.08
132,2,12,474,1995,0.09
132,2,12,474,1996,0.11
132,2,12,474,1997,0.12
132,2,12,474,1998,0.13
132,2,12,474,1999,0.12
132,2,12,474,2000,0.12
132,2,12,474,2001,0.11
132,2,12,474,2002,0.11
132,2,12,474,2003,0.12
132,2,12,474,2004,0.12
132,2,12,474,2005,0.13
132,2,12,474,2006,0.13
132,2,12,474,2007,0.13
132,2,12,474,2008,0.14
132,2,12,474,2009,0.14
132,2,12,474,2010,0.14
132,2,12,474,2011,0.13
132,2,12,474,2012,0.13
132,2,12,474,2013,0.14
132,2,12,474,2014,0.13
132,2,12,474,2015,0.12
132,2,12,474,2016,0.14
132,2,12,474,2017,0.15
132,2,13,474,1990,0.14
132,2,13,474,1991,0.13
132,2,13,474,1992,0.14
132,2,13,474,1993,0.15
132,2,13,474,1994,0.15
132,2,13,474,1995,0.17
132,2,13,474,1996,0.19
132,2,13,474,1997,0.22
132,2,13,474,1998,0.24
132,2,13,474,1999,0.24
132,2,13,474,2000,0.24
132,2,13,474,2001,0.23
132,2,13,474,2002,0.24
132,2,13,474,2003,0.24
132,2,13,474,2004,0.24
132,2,13,474,2005,0.24
132,2,13,474,2006,0.25
132,2,13,474,2007,0.26
132,2,13,474,2008,0.28
132,2,13,474,2009,0.27
132,2,13,474,2010,0.26
132,2,13,474,2011,0.29
132,2,13,474,2012,0.31
132,2,13,474,2013,0.32
132,2,13,474,2014,0.3
132,2,13,474,2015,0.29
132,2,13,474,2016,0.32
132,2,13,474,2017,0.32
132,2,14,474,1990,0.18
132,2,14,474,1991,0.19
132,2,14,474,1992,0.2
132,2,14,474,1993,0.2
132,2,14,474,1994,0.19
132,2,14,474,1995,0.21
132,2,14,474,1996,0.21
132,2,14,474,1997,0.23
132,2,14,474,1998,0.26
132,2,14,474,1999,0.27
132,2,14,474,2000,0.28
132,2,14,474,2001,0.28
132,2,14,474,2002,0.3
132,2,14,474,2003,0.31
132,2,14,474,2004,0.29
132,2,14,474,2005,0.29
132,2,14,474,2006,0.31
132,2,14,474,2007,0.33
132,2,14,474,2008,0.36
132,2,14,474,2009,0.38
132,2,14,474,2010,0.35
132,2,14,474,2011,0.37
132,2,14,474,2012,0.4
132,2,14,474,2013,0.42
132,2,14,474,2014,0.39
132,2,14,474,2015,0.37
132,2,14,474,2016,0.4
132,2,14,474,2017,0.41
132,2,15,474,1990,0.23
132,2,15,474,1991,0.23
132,2,15,474,1992,0.25
132,2,15,474,1993,0.27
132,2,15,474,1994,0.27
132,2,15,474,1995,0.29
132,2,15,474,1996,0.32
132,2,15,474,1997,0.36
132,2,15,474,1998,0.39
132,2,15,474,1999,0.37
132,2,15,474,2000,0.37
132,2,15,474,2001,0.34
132,2,15,474,2002,0.36
132,2,15,474,2003,0.37
132,2,15,474,2004,0.39
132,2,15,474,2005,0.39
132,2,15,474,2006,0.41
132,2,15,474,2007,0.45
132,2,15,474,2008,0.48
132,2,15,474,2009,0.49
132,2,15,474,2010,0.48
132,2,15,474,2011,0.5
132,2,15,474,2012,0.49
132,2,15,474,2013,0.53
132,2,15,474,2014,0.53
132,2,15,474,2015,0.5
132,2,15,474,2016,0.53
132,2,15,474,2017,0.54
132,2,16,474,1990,0.37
132,2,16,474,1991,0.38
132,2,16,474,1992,0.4
132,2,16,474,1993,0.39
132,2,16,474,1994,0.39
132,2,16,474,1995,0.41
132,2,16,474,1996,0.46
132,2,16,474,1997,0.51
132,2,16,474,1998,0.55
132,2,16,474,1999,0.56
132,2,16,474,2000,0.59
132,2,16,474,2001,0.59
132,2,16,474,2002,0.61
132,2,16,474,2003,0.61
132,2,16,474,2004,0.64
132,2,16,474,2005,0.68
132,2,16,474,2006,0.72
132,2,16,474,2007,0.73
132,2,16,474,2008,0.72
132,2,16,474,2009,0.72
132,2,16,474,2010,0.69
132,2,16,474,2011,0.72
132,2,16,474,2012,0.77
132,2,16,474,2013,0.88
132,2,16,474,2014,0.87
132,2,16,474,2015,0.83
132,2,16,474,2016,0.9
132,2,16,474,2017,0.95
132,2,17,474,1990,0.5
132,2,17,474,1991,0.52
132,2,17,474,1992,0.56
132,2,17,474,1993,0.57
132,2,17,474,1994,0.57
132,2,17,474,1995,0.57
132,2,17,474,1996,0.62
132,2,17,474,1997,0.69
132,2,17,474,1998,0.75
132,2,17,474,1999,0.73
132,2,17,474,2000,0.76
132,2,17,474,2001,0.73
132,2,17,474,2002,0.76
132,2,17,474,2003,0.8
132,2,17,474,2004,0.82
132,2,17,474,2005,0.85
132,2,17,474,2006,0.9
132,2,17,474,2007,0.88
132,2,17,474,2008,0.89
132,2,17,474,2009,0.93
132,2,17,474,2010,0.93
132,2,17,474,2011,0.95
132,2,17,474,2012,0.95
132,2,17,474,2013,0.99
132,2,17,474,2014,1.03
132,2,17,474,2015,1
132,2,17,474,2016,1.05
132,2,17,474,2017,1.09
132,2,18,474,1990,0.67
132,2,18,474,1991,0.69
132,2,18,474,1992,0.78
132,2,18,474,1993,0.82
132,2,18,474,1994,0.84
132,2,18,474,1995,0.89
132,2,18,474,1996,0.91
132,2,18,474,1997,0.95
132,2,18,474,1998,1.01
132,2,18,474,1999,0.97
132,2,18,474,2000,0.94
132,2,18,474,2001,0.86
132,2,18,474,2002,0.91
132,2,18,474,2003,0.95
132,2,18,474,2004,0.96
132,2,18,474,2005,0.98
132,2,18,474,2006,1.04
132,2,18,474,2007,1.06
132,2,18,474,2008,1.07
132,2,18,474,2009,1.07
132,2,18,474,2010,1.09
132,2,18,474,2011,1.17
132,2,18,474,2012,1.21
132,2,18,474,2013,1.32
132,2,18,474,2014,1.27
132,2,18,474,2015,1.32
132,2,18,474,2016,1.38
132,2,18,474,2017,1.41
132,2,19,474,1990,0.98
132,2,19,474,1991,1.03
132,2,19,474,1992,1.13
132,2,19,474,1993,1.14
132,2,19,474,1994,1.16
132,2,19,474,1995,1.15
132,2,19,474,1996,1.18
132,2,19,474,1997,1.3
132,2,19,474,1998,1.44
132,2,19,474,1999,1.39
132,2,19,474,2000,1.39
132,2,19,474,2001,1.31
132,2,19,474,2002,1.37
132,2,19,474,2003,1.4
132,2,19,474,2004,1.46
132,2,19,474,2005,1.47
132,2,19,474,2006,1.5
132,2,19,474,2007,1.49
132,2,19,474,2008,1.51
132,2,19,474,2009,1.57
132,2,19,474,2010,1.57
132,2,19,474,2011,1.65
132,2,19,474,2012,1.66
132,2,19,474,2013,1.79
132,2,19,474,2014,1.75
132,2,19,474,2015,1.77
132,2,19,474,2016,1.89
132,2,19,474,2017,1.95
132,2,20,474,1990,1.23
132,2,20,474,1991,1.28
132,2,20,474,1992,1.44
132,2,20,474,1993,1.51
132,2,20,474,1994,1.56
132,2,20,474,1995,1.57
132,2,20,474,1996,1.61
132,2,20,474,1997,1.82
132,2,20,474,1998,1.99
132,2,20,474,1999,1.84
132,2,20,474,2000,1.84
132,2,20,474,2001,1.74
132,2,20,474,2002,1.78
132,2,20,474,2003,1.84
132,2,20,474,2004,1.92
132,2,20,474,2005,1.92
132,2,20,474,2006,2.05
132,2,20,474,2007,2.09
132,2,20,474,2008,2.16
132,2,20,474,2009,2.24
132,2,20,474,2010,2.18
132,2,20,474,2011,2.22
132,2,20,474,2012,2.36
132,2,20,474,2013,2.69
132,2,20,474,2014,2.58
132,2,20,474,2015,2.52
132,2,20,474,2016,2.64
132,2,20,474,2017,2.73
132,2,22,474,1990,6.83
132,2,22,474,1991,7.08
132,2,22,474,1992,7.83
132,2,22,474,1993,8.17
132,2,22,474,1994,8.54
132,2,22,474,1995,8.9
132,2,22,474,1996,9.51
132,2,22,474,1997,10.47
132,2,22,474,1998,11.55
132,2,22,474,1999,11.06
132,2,22,474,2000,11.16
132,2,22,474,2001,10.57
132,2,22,474,2002,10.98
132,2,22,474,2003,11.33
132,2,22,474,2004,11.75
132,2,22,474,2005,12.02
132,2,22,474,2006,12.72
132,2,22,474,2007,13.01
132,2,22,474,2008,13.37
132,2,22,474,2009,13.69
132,2,22,474,2010,13.59
132,2,22,474,2011,14
132,2,22,474,2012,14.68
132,2,22,474,2013,16.06
132,2,22,474,2014,15.78
132,2,22,474,2015,15.87
132,2,22,474,2016,17.33
132,2,22,474,2017,18.11
132,2,30,474,1990,1.09
132,2,30,474,1991,1.12
132,2,30,474,1992,1.25
132,2,30,474,1993,1.34
132,2,30,474,1994,1.46
132,2,30,474,1995,1.55
132,2,30,474,1996,1.64
132,2,30,474,1997,1.77
132,2,30,474,1998,1.95
132,2,30,474,1999,1.86
132,2,30,474,2000,1.86
132,2,30,474,2001,1.8
132,2,30,474,2002,1.84
132,2,30,474,2003,1.83
132,2,30,474,2004,1.87
132,2,30,474,2005,1.88
132,2,30,474,2006,1.95
132,2,30,474,2007,1.98
132,2,30,474,2008,2
132,2,30,474,2009,2.05
132,2,30,474,2010,2.09
132,2,30,474,2011,2.12
132,2,30,474,2012,2.22
132,2,30,474,2013,2.4
132,2,30,474,2014,2.35
132,2,30,474,2015,2.32
132,2,30,474,2016,2.47
132,2,30,474,2017,2.6
132,2,31,474,1990,0.84
132,2,31,474,1991,0.88
132,2,31,474,1992,0.98
132,2,31,474,1993,1.04
132,2,31,474,1994,1.12
132,2,31,474,1995,1.18
132,2,31,474,1996,1.29
132,2,31,474,1997,1.4
132,2,31,474,1998,1.54
132,2,31,474,1999,1.45
132,2,31,474,2000,1.45
132,2,31,474,2001,1.32
132,2,31,474,2002,1.36
132,2,31,474,2003,1.41
132,2,31,474,2004,1.47
132,2,31,474,2005,1.51
132,2,31,474,2006,1.6
132,2,31,474,2007,1.66
132,2,31,474,2008,1.7
132,2,31,474,2009,1.7
132,2,31,474,2010,1.68
132,2,31,474,2011,1.68
132,2,31,474,2012,1.75
132,2,31,474,2013,1.9
132,2,31,474,2014,1.94
132,2,31,474,2015,2.04
132,2,31,474,2016,2.31
132,2,31,474,2017,2.44
132,2,32,474,1990,0.35
132,2,32,474,1991,0.36
132,2,32,474,1992,0.4
132,2,32,474,1993,0.44
132,2,32,474,1994,0.5
132,2,32,474,1995,0.58
132,2,32,474,1996,0.68
132,2,32,474,1997,0.77
132,2,32,474,1998,0.9
132,2,32,474,1999,0.89
132,2,32,474,2000,0.92
132,2,32,474,2001,0.85
132,2,32,474,2002,0.9
132,2,32,474,2003,0.96
132,2,32,474,2004,1.05
132,2,32,474,2005,1.13
132,2,32,474,2006,1.22
132,2,32,474,2007,1.28
132,2,32,474,2008,1.35
132,2,32,474,2009,1.41
132,2,32,474,2010,1.41
132,2,32,474,2011,1.46
132,2,32,474,2012,1.61
132,2,32,474,2013,1.76
132,2,32,474,2014,1.73
132,2,32,474,2015,1.8
132,2,32,474,2016,2.17
132,2,32,474,2017,2.31
132,2,235,474,1990,0.09
132,2,235,474,1991,0.09
132,2,235,474,1992,0.1
132,2,235,474,1993,0.1
132,2,235,474,1994,0.11
132,2,235,474,1995,0.12
132,2,235,474,1996,0.15
132,2,235,474,1997,0.18
132,2,235,474,1998,0.22
132,2,235,474,1999,0.24
132,2,235,474,2000,0.27
132,2,235,474,2001,0.27
132,2,235,474,2002,0.31
132,2,235,474,2003,0.35
132,2,235,474,2004,0.39
132,2,235,474,2005,0.43
132,2,235,474,2006,0.47
132,2,235,474,2007,0.5
132,2,235,474,2008,0.54
132,2,235,474,2009,0.56
132,2,235,474,2010,0.57
132,2,235,474,2011,0.6
132,2,235,474,2012,0.67
132,2,235,474,2013,0.76
132,2,235,474,2014,0.76
132,2,235,474,2015,0.8
132,2,235,474,2016,0.97
132,2,235,474,2017,1.04
133,2,8,474,1990,0.12
133,2,8,474,1991,0.12
133,2,8,474,1992,0.13
133,2,8,474,1993,0.13
133,2,8,474,1994,0.14
133,2,8,474,1995,0.14
133,2,8,474,1996,0.15
133,2,8,474,1997,0.15
133,2,8,474,1998,0.14
133,2,8,474,1999,0.14
133,2,8,474,2000,0.13
133,2,8,474,2001,0.14
133,2,8,474,2002,0.15
133,2,8,474,2003,0.15
133,2,8,474,2004,0.14
133,2,8,474,2005,0.15
133,2,8,474,2006,0.16
133,2,8,474,2007,0.17
133,2,8,474,2008,0.18
133,2,8,474,2009,0.18
133,2,8,474,2010,0.18
133,2,8,474,2011,0.18
133,2,8,474,2012,0.18
133,2,8,474,2013,0.18
133,2,8,474,2014,0.18
133,2,8,474,2015,0.17
133,2,8,474,2016,0.17
133,2,8,474,2017,0.17
133,2,9,474,1990,0.17
133,2,9,474,1991,0.17
133,2,9,474,1992,0.19
133,2,9,474,1993,0.18
133,2,9,474,1994,0.19
133,2,9,474,1995,0.2
133,2,9,474,1996,0.2
133,2,9,474,1997,0.2
133,2,9,474,1998,0.19
133,2,9,474,1999,0.19
133,2,9,474,2000,0.19
133,2,9,474,2001,0.2
133,2,9,474,2002,0.24
133,2,9,474,2003,0.24
133,2,9,474,2004,0.21
133,2,9,474,2005,0.21
133,2,9,474,2006,0.22
133,2,9,474,2007,0.23
133,2,9,474,2008,0.25
133,2,9,474,2009,0.25
133,2,9,474,2010,0.25
133,2,9,474,2011,0.25
133,2,9,474,2012,0.26
133,2,9,474,2013,0.27
133,2,9,474,2014,0.28
133,2,9,474,2015,0.28
133,2,9,474,2016,0.27
133,2,9,474,2017,0.26
133,2,10,474,1990,0.23
133,2,10,474,1991,0.24
133,2,10,474,1992,0.25
133,2,10,474,1993,0.24
133,2,10,474,1994,0.25
133,2,10,474,1995,0.26
133,2,10,474,1996,0.26
133,2,10,474,1997,0.26
133,2,10,474,1998,0.25
133,2,10,474,1999,0.24
133,2,10,474,2000,0.24
133,2,10,474,2001,0.26
133,2,10,474,2002,0.29
133,2,10,474,2003,0.29
133,2,10,474,2004,0.28
133,2,10,474,2005,0.28
133,2,10,474,2006,0.3
133,2,10,474,2007,0.31
133,2,10,474,2008,0.33
133,2,10,474,2009,0.35
133,2,10,474,2010,0.34
133,2,10,474,2011,0.34
133,2,10,474,2012,0.35
133,2,10,474,2013,0.36
133,2,10,474,2014,0.36
133,2,10,474,2015,0.36
133,2,10,474,2016,0.38
133,2,10,474,2017,0.39
133,2,11,474,1990,0.43
133,2,11,474,1991,0.45
133,2,11,474,1992,0.48
133,2,11,474,1993,0.46
133,2,11,474,1994,0.49
133,2,11,474,1995,0.51
133,2,11,474,1996,0.52
133,2,11,474,1997,0.51
133,2,11,474,1998,0.5
133,2,11,474,1999,0.49
133,2,11,474,2000,0.47
133,2,11,474,2001,0.5
133,2,11,474,2002,0.54
133,2,11,474,2003,0.54
133,2,11,474,2004,0.49
133,2,11,474,2005,0.52
133,2,11,474,2006,0.54
133,2,11,474,2007,0.56
133,2,11,474,2008,0.6
133,2,11,474,2009,0.62
133,2,11,474,2010,0.63
133,2,11,474,2011,0.65
133,2,11,474,2012,0.67
133,2,11,474,2013,0.68
133,2,11,474,2014,0.67
133,2,11,474,2015,0.67
133,2,11,474,2016,0.68
133,2,11,474,2017,0.69
133,2,12,474,1990,0.88
133,2,12,474,1991,0.93
133,2,12,474,1992,0.98
133,2,12,474,1993,0.93
133,2,12,474,1994,1.01
133,2,12,474,1995,1.06
133,2,12,474,1996,1.11
133,2,12,474,1997,1.1
133,2,12,474,1998,1.09
133,2,12,474,1999,1.09
133,2,12,474,2000,1.01
133,2,12,474,2001,1.02
133,2,12,474,2002,1.12
133,2,12,474,2003,1.08
133,2,12,474,2004,1.03
133,2,12,474,2005,1.06
133,2,12,474,2006,1.1
133,2,12,474,2007,1.13
133,2,12,474,2008,1.19
133,2,12,474,2009,1.19
133,2,12,474,2010,1.2
133,2,12,474,2011,1.2
133,2,12,474,2012,1.24
133,2,12,474,2013,1.33
133,2,12,474,2014,1.34
133,2,12,474,2015,1.36
133,2,12,474,2016,1.39
133,2,12,474,2017,1.43
133,2,13,474,1990,1.16
133,2,13,474,1991,1.28
133,2,13,474,1992,1.35
133,2,13,474,1993,1.32
133,2,13,474,1994,1.45
133,2,13,474,1995,1.56
133,2,13,474,1996,1.64
133,2,13,474,1997,1.62
133,2,13,474,1998,1.6
133,2,13,474,1999,1.64
133,2,13,474,2000,1.51
133,2,13,474,2001,1.58
133,2,13,474,2002,1.78
133,2,13,474,2003,1.76
133,2,13,474,2004,1.68
133,2,13,474,2005,1.71
133,2,13,474,2006,1.84
133,2,13,474,2007,1.87
133,2,13,474,2008,1.94
133,2,13,474,2009,1.95
133,2,13,474,2010,1.95
133,2,13,474,2011,1.94
133,2,13,474,2012,2.01
133,2,13,474,2013,2.01
133,2,13,474,2014,2.02
133,2,13,474,2015,2.05
133,2,13,474,2016,2.13
133,2,13,474,2017,2.21
133,2,14,474,1990,1.8
133,2,14,474,1991,1.93
133,2,14,474,1992,2.1
133,2,14,474,1993,2.09
133,2,14,474,1994,2.31
133,2,14,474,1995,2.49
133,2,14,474,1996,2.68
133,2,14,474,1997,2.82
133,2,14,474,1998,2.8
133,2,14,474,1999,2.87
133,2,14,474,2000,2.72
133,2,14,474,2001,2.88
133,2,14,474,2002,3.23
133,2,14,474,2003,3.2
133,2,14,474,2004,2.99
133,2,14,474,2005,3.27
133,2,14,474,2006,3.62
133,2,14,474,2007,3.81
133,2,14,474,2008,4.04
133,2,14,474,2009,4.02
133,2,14,474,2010,3.92
133,2,14,474,2011,4.02
133,2,14,474,2012,4.19
133,2,14,474,2013,4.32
133,2,14,474,2014,4.33
133,2,14,474,2015,4.34
133,2,14,474,2016,4.39
133,2,14,474,2017,4.43
133,2,15,474,1990,2.65
133,2,15,474,1991,2.64
133,2,15,474,1992,2.73
133,2,15,474,1993,2.77
133,2,15,474,1994,2.93
133,2,15,474,1995,3.11
133,2,15,474,1996,3.22
133,2,15,474,1997,3.37
133,2,15,474,1998,3.41
133,2,15,474,1999,3.62
133,2,15,474,2000,3.55
133,2,15,474,2001,3.85
133,2,15,474,2002,4.46
133,2,15,474,2003,4.65
133,2,15,474,2004,4.46
133,2,15,474,2005,4.52
133,2,15,474,2006,5.14
133,2,15,474,2007,5.25
133,2,15,474,2008,5.63
133,2,15,474,2009,5.68
133,2,15,474,2010,5.77
133,2,15,474,2011,6.09
133,2,15,474,2012,6.33
133,2,15,474,2013,6.63
133,2,15,474,2014,6.66
133,2,15,474,2015,6.68
133,2,15,474,2016,6.74
133,2,15,474,2017,6.9
133,2,16,474,1990,3.69
133,2,16,474,1991,4
133,2,16,474,1992,4.09
133,2,16,474,1993,4.01
133,2,16,474,1994,4.16
133,2,16,474,1995,4.6
133,2,16,474,1996,4.91
133,2,16,474,1997,5.06
133,2,16,474,1998,4.73
133,2,16,474,1999,5.14
133,2,16,474,2000,5.07
133,2,16,474,2001,5.35
133,2,16,474,2002,5.99
133,2,16,474,2003,6.48
133,2,16,474,2004,6.38
133,2,16,474,2005,6.86
133,2,16,474,2006,7.53
133,2,16,474,2007,7.68
133,2,16,474,2008,8.46
133,2,16,474,2009,8.73
133,2,16,474,2010,8.81
133,2,16,474,2011,9.09
133,2,16,474,2012,9.28
133,2,16,474,2013,9.65
133,2,16,474,2014,9.85
133,2,16,474,2015,10.09
133,2,16,474,2016,10.43
133,2,16,474,2017,10.8
133,2,17,474,1990,4.88
133,2,17,474,1991,4.99
133,2,17,474,1992,5.14
133,2,17,474,1993,5.23
133,2,17,474,1994,5.77
133,2,17,474,1995,5.89
133,2,17,474,1996,6.1
133,2,17,474,1997,6.2
133,2,17,474,1998,5.99
133,2,17,474,1999,6.08
133,2,17,474,2000,5.75
133,2,17,474,2001,6.16
133,2,17,474,2002,6.52
133,2,17,474,2003,6.43
133,2,17,474,2004,6.24
133,2,17,474,2005,6.52
133,2,17,474,2006,6.84
133,2,17,474,2007,7.08
133,2,17,474,2008,7.72
133,2,17,474,2009,8.49
133,2,17,474,2010,8.75
133,2,17,474,2011,9.41
133,2,17,474,2012,10.18
133,2,17,474,2013,10.79
133,2,17,474,2014,11.35
133,2,17,474,2015,11.83
133,2,17,474,2016,12.18
133,2,17,474,2017,12.6
133,2,18,474,1990,6.47
133,2,18,474,1991,6.85
133,2,18,474,1992,7.23
133,2,18,474,1993,7.22
133,2,18,474,1994,8.03
133,2,18,474,1995,8.34
133,2,18,474,1996,8.37
133,2,18,474,1997,8.36
133,2,18,474,1998,8.07
133,2,18,474,1999,8.04
133,2,18,474,2000,7.52
133,2,18,474,2001,8.1
133,2,18,474,2002,8.87
133,2,18,474,2003,8.58
133,2,18,474,2004,8.33
133,2,18,474,2005,8.63
133,2,18,474,2006,8.83
133,2,18,474,2007,9.45
133,2,18,474,2008,10.2
133,2,18,474,2009,10.57
133,2,18,474,2010,11.08
133,2,18,474,2011,11.31
133,2,18,474,2012,11.88
133,2,18,474,2013,13.21
133,2,18,474,2014,14.1
133,2,18,474,2015,14.94
133,2,18,474,2016,15.94
133,2,18,474,2017,16.88
133,2,19,474,1990,7.93
133,2,19,474,1991,8.26
133,2,19,474,1992,8.73
133,2,19,474,1993,8.31
133,2,19,474,1994,8.91
133,2,19,474,1995,9.1
133,2,19,474,1996,9.13
133,2,19,474,1997,9.77
133,2,19,474,1998,10.12
133,2,19,474,1999,10.77
133,2,19,474,2000,10.67
133,2,19,474,2001,11.48
133,2,19,474,2002,12.35
133,2,19,474,2003,11.91
133,2,19,474,2004,11.1
133,2,19,474,2005,11.46
133,2,19,474,2006,12.23
133,2,19,474,2007,12.58
133,2,19,474,2008,13.72
133,2,19,474,2009,14
133,2,19,474,2010,14.79
133,2,19,474,2011,14.93
133,2,19,474,2012,15.03
133,2,19,474,2013,15.81
133,2,19,474,2014,16.58
133,2,19,474,2015,17.24
133,2,19,474,2016,17.89
133,2,19,474,2017,19.21
133,2,20,474,1990,9.69
133,2,20,474,1991,10.36
133,2,20,474,1992,11.06
133,2,20,474,1993,10.49
133,2,20,474,1994,10.95
133,2,20,474,1995,11.47
133,2,20,474,1996,11.87
133,2,20,474,1997,11.69
133,2,20,474,1998,11.89
133,2,20,474,1999,12.52
133,2,20,474,2000,12.41
133,2,20,474,2001,13.13
133,2,20,474,2002,14.14
133,2,20,474,2003,14.49
133,2,20,474,2004,14.36
133,2,20,474,2005,15.13
133,2,20,474,2006,15.94
133,2,20,474,2007,16.57
133,2,20,474,2008,17.81
133,2,20,474,2009,18.38
133,2,20,474,2010,18.8
133,2,20,474,2011,19.85
133,2,20,474,2012,20.89
133,2,20,474,2013,22.14
133,2,20,474,2014,23.06
133,2,20,474,2015,23.83
133,2,20,474,2016,24.04
133,2,20,474,2017,24.99
133,2,22,474,1990,59.35
133,2,22,474,1991,63.11
133,2,22,474,1992,67.29
133,2,22,474,1993,66.03
133,2,22,474,1994,71.44
133,2,22,474,1995,72.9
133,2,22,474,1996,73
133,2,22,474,1997,74.22
133,2,22,474,1998,74.09
133,2,22,474,1999,76.4
133,2,22,474,2000,76.6
133,2,22,474,2001,81.54
133,2,22,474,2002,88.7
133,2,22,474,2003,89.52
133,2,22,474,2004,87.23
133,2,22,474,2005,91.4
133,2,22,474,2006,97.75
133,2,22,474,2007,102.67
133,2,22,474,2008,110.15
133,2,22,474,2009,113.92
133,2,22,474,2010,118.08
133,2,22,474,2011,123.58
133,2,22,474,2012,129.84
133,2,22,474,2013,140.97
133,2,22,474,2014,150.62
133,2,22,474,2015,155.61
133,2,22,474,2016,154.26
133,2,22,474,2017,160.32
133,2,30,474,1990,8.49
133,2,30,474,1991,9.2
133,2,30,474,1992,10.06
133,2,30,474,1993,9.69
133,2,30,474,1994,10.57
133,2,30,474,1995,10.62
133,2,30,474,1996,10.49
133,2,30,474,1997,10.26
133,2,30,474,1998,10.62
133,2,30,474,1999,10.44
133,2,30,474,2000,10.91
133,2,30,474,2001,11.67
133,2,30,474,2002,12.54
133,2,30,474,2003,12.59
133,2,30,474,2004,12.38
133,2,30,474,2005,12.98
133,2,30,474,2006,13.92
133,2,30,474,2007,14.78
133,2,30,474,2008,15.75
133,2,30,474,2009,16.73
133,2,30,474,2010,17.69
133,2,30,474,2011,18.39
133,2,30,474,2012,19.23
133,2,30,474,2013,20.32
133,2,30,474,2014,21.29
133,2,30,474,2015,21.9
133,2,30,474,2016,22.32
133,2,30,474,2017,23.2
133,2,31,474,1990,7.16
133,2,31,474,1991,7.6
133,2,31,474,1992,8.31
133,2,31,474,1993,8.4
133,2,31,474,1994,9.26
133,2,31,474,1995,8.86
133,2,31,474,1996,8.15
133,2,31,474,1997,8.3
133,2,31,474,1998,7.94
133,2,31,474,1999,7.87
133,2,31,474,2000,8.53
133,2,31,474,2001,9.06
133,2,31,474,2002,9.97
133,2,31,474,2003,10.35
133,2,31,474,2004,10.42
133,2,31,474,2005,11.2
133,2,31,474,2006,12.13
133,2,31,474,2007,12.94
133,2,31,474,2008,13.52
133,2,31,474,2009,13.61
133,2,31,474,2010,14.31
133,2,31,474,2011,15.32
133,2,31,474,2012,16.5
133,2,31,474,2013,18.77
133,2,31,474,2014,21.29
133,2,31,474,2015,22.13
133,2,31,474,2016,20.17
133,2,31,474,2017,20.56
133,2,32,474,1990,2.95
133,2,32,474,1991,3.35
133,2,32,474,1992,3.67
133,2,32,474,1993,3.73
133,2,32,474,1994,4.09
133,2,32,474,1995,3.82
133,2,32,474,1996,3.39
133,2,32,474,1997,3.65
133,2,32,474,1998,3.82
133,2,32,474,1999,4.17
133,2,32,474,2000,4.65
133,2,32,474,2001,4.74
133,2,32,474,2002,4.97
133,2,32,474,2003,5.07
133,2,32,474,2004,4.92
133,2,32,474,2005,4.96
133,2,32,474,2006,5.25
133,2,32,474,2007,5.75
133,2,32,474,2008,5.98
133,2,32,474,2009,6.25
133,2,32,474,2010,6.53
133,2,32,474,2011,7.15
133,2,32,474,2012,7.89
133,2,32,474,2013,9.84
133,2,32,474,2014,11.69
133,2,32,474,2015,12.06
133,2,32,474,2016,10.51
133,2,32,474,2017,11
133,2,235,474,1990,0.65
133,2,235,474,1991,0.72
133,2,235,474,1992,0.81
133,2,235,474,1993,0.84
133,2,235,474,1994,0.93
133,2,235,474,1995,0.88
133,2,235,474,1996,0.83
133,2,235,474,1997,0.89
133,2,235,474,1998,0.92
133,2,235,474,1999,1.09
133,2,235,474,2000,1.28
133,2,235,474,2001,1.42
133,2,235,474,2002,1.53
133,2,235,474,2003,1.72
133,2,235,474,2004,1.81
133,2,235,474,2005,1.92
133,2,235,474,2006,2.14
133,2,235,474,2007,2.53
133,2,235,474,2008,2.82
133,2,235,474,2009,2.93
133,2,235,474,2010,3.08
133,2,235,474,2011,3.45
133,2,235,474,2012,3.72
133,2,235,474,2013,4.65
133,2,235,474,2014,5.57
133,2,235,474,2015,5.66
133,2,235,474,2016,4.63
133,2,235,474,2017,4.6
135,2,8,474,1990,0.93
135,2,8,474,1991,0.95
135,2,8,474,1992,0.95
135,2,8,474,1993,0.98
135,2,8,474,1994,1.03
135,2,8,474,1995,1.08
135,2,8,474,1996,1.1
135,2,8,474,1997,1.1
135,2,8,474,1998,1.09
135,2,8,474,1999,1.1
135,2,8,474,2000,1.09
135,2,8,474,2001,1.1
135,2,8,474,2002,1.09
135,2,8,474,2003,1.09
135,2,8,474,2004,1.09
135,2,8,474,2005,1.09
135,2,8,474,2006,1.09
135,2,8,474,2007,1.09
135,2,8,474,2008,1.07
135,2,8,474,2009,1.08
135,2,8,474,2010,1.09
135,2,8,474,2011,1.11
135,2,8,474,2012,1.11
135,2,8,474,2013,1.09
135,2,8,474,2014,1.08
135,2,8,474,2015,1.08
135,2,8,474,2016,1.08
135,2,8,474,2017,1.08
135,2,9,474,1990,1.06
135,2,9,474,1991,1.07
135,2,9,474,1992,1.08
135,2,9,474,1993,1.1
135,2,9,474,1994,1.14
135,2,9,474,1995,1.19
135,2,9,474,1996,1.22
135,2,9,474,1997,1.24
135,2,9,474,1998,1.24
135,2,9,474,1999,1.26
135,2,9,474,2000,1.25
135,2,9,474,2001,1.25
135,2,9,474,2002,1.27
135,2,9,474,2003,1.29
135,2,9,474,2004,1.3
135,2,9,474,2005,1.3
135,2,9,474,2006,1.31
135,2,9,474,2007,1.3
135,2,9,474,2008,1.31
135,2,9,474,2009,1.35
135,2,9,474,2010,1.36
135,2,9,474,2011,1.34
135,2,9,474,2012,1.3
135,2,9,474,2013,1.27
135,2,9,474,2014,1.26
135,2,9,474,2015,1.25
135,2,9,474,2016,1.26
135,2,9,474,2017,1.29
135,2,10,474,1990,1.97
135,2,10,474,1991,1.99
135,2,10,474,1992,2
135,2,10,474,1993,2.02
135,2,10,474,1994,2.05
135,2,10,474,1995,2.05
135,2,10,474,1996,2.05
135,2,10,474,1997,2.13
135,2,10,474,1998,2.12
135,2,10,474,1999,2.09
135,2,10,474,2000,2.09
135,2,10,474,2001,2.1
135,2,10,474,2002,2.11
135,2,10,474,2003,2.17
135,2,10,474,2004,2.22
135,2,10,474,2005,2.27
135,2,10,474,2006,2.32
135,2,10,474,2007,2.39
135,2,10,474,2008,2.42
135,2,10,474,2009,2.48
135,2,10,474,2010,2.53
135,2,10,474,2011,2.52
135,2,10,474,2012,2.43
135,2,10,474,2013,2.4
135,2,10,474,2014,2.42
135,2,10,474,2015,2.35
135,2,10,474,2016,2.35
135,2,10,474,2017,2.38
135,2,11,474,1990,3.65
135,2,11,474,1991,3.71
135,2,11,474,1992,3.87
135,2,11,474,1993,3.93
135,2,11,474,1994,4.02
135,2,11,474,1995,4.03
135,2,11,474,1996,4.26
135,2,11,474,1997,4.52
135,2,11,474,1998,4.58
135,2,11,474,1999,4.63
135,2,11,474,2000,4.32
135,2,11,474,2001,4.44
135,2,11,474,2002,4.31
135,2,11,474,2003,4.15
135,2,11,474,2004,4.3
135,2,11,474,2005,4.36
135,2,11,474,2006,4.26
135,2,11,474,2007,4.54
135,2,11,474,2008,4.56
135,2,11,474,2009,4.63
135,2,11,474,2010,4.98
135,2,11,474,2011,5.05
135,2,11,474,2012,5.26
135,2,11,474,2013,5.31
135,2,11,474,2014,5.22
135,2,11,474,2015,5.21
135,2,11,474,2016,5.09
135,2,11,474,2017,5.17
135,2,12,474,1990,6.51
135,2,12,474,1991,6.61
135,2,12,474,1992,7
135,2,12,474,1993,7.29
135,2,12,474,1994,7.56
135,2,12,474,1995,7.68
135,2,12,474,1996,7.91
135,2,12,474,1997,8.34
135,2,12,474,1998,8.4
135,2,12,474,1999,8.99
135,2,12,474,2000,8.93
135,2,12,474,2001,8.89
135,2,12,474,2002,8.95
135,2,12,474,2003,9
135,2,12,474,2004,8.95
135,2,12,474,2005,8.77
135,2,12,474,2006,8.59
135,2,12,474,2007,8.57
135,2,12,474,2008,8.23
135,2,12,474,2009,8.38
135,2,12,474,2010,8.4
135,2,12,474,2011,8.33
135,2,12,474,2012,8.52
135,2,12,474,2013,8.84
135,2,12,474,2014,9.09
135,2,12,474,2015,9.43
135,2,12,474,2016,9.79
135,2,12,474,2017,10.11
135,2,13,474,1990,10.55
135,2,13,474,1991,10.64
135,2,13,474,1992,11.02
135,2,13,474,1993,11.69
135,2,13,474,1994,12.3
135,2,13,474,1995,13.16
135,2,13,474,1996,13.82
135,2,13,474,1997,14.65
135,2,13,474,1998,15.41
135,2,13,474,1999,16.78
135,2,13,474,2000,17.35
135,2,13,474,2001,17.87
135,2,13,474,2002,17.69
135,2,13,474,2003,17.68
135,2,13,474,2004,17.9
135,2,13,474,2005,18.28
135,2,13,474,2006,18.39
135,2,13,474,2007,18.73
135,2,13,474,2008,18.45
135,2,13,474,2009,18.48
135,2,13,474,2010,17.45
135,2,13,474,2011,17.36
135,2,13,474,2012,17.18
135,2,13,474,2013,17.11
135,2,13,474,2014,16.98
135,2,13,474,2015,17.04
135,2,13,474,2016,17.84
135,2,13,474,2017,18.64
135,2,14,474,1990,17.77
135,2,14,474,1991,17.86
135,2,14,474,1992,18.7
135,2,14,474,1993,19.63
135,2,14,474,1994,20.74
135,2,14,474,1995,21.91
135,2,14,474,1996,23.11
135,2,14,474,1997,24.88
135,2,14,474,1998,25.86
135,2,14,474,1999,27.86
135,2,14,474,2000,30.03
135,2,14,474,2001,31.22
135,2,14,474,2002,32.25
135,2,14,474,2003,32.39
135,2,14,474,2004,32.36
135,2,14,474,2005,32.89
135,2,14,474,2006,33.38
135,2,14,474,2007,33.92
135,2,14,474,2008,34.22
135,2,14,474,2009,35.63
135,2,14,474,2010,35.42
135,2,14,474,2011,35.77
135,2,14,474,2012,35.72
135,2,14,474,2013,35.96
135,2,14,474,2014,36.16
135,2,14,474,2015,35.78
135,2,14,474,2016,36.61
135,2,14,474,2017,37.59
135,2,15,474,1990,29.19
135,2,15,474,1991,29.12
135,2,15,474,1992,29.79
135,2,15,474,1993,30.5
135,2,15,474,1994,31.75
135,2,15,474,1995,33.1
135,2,15,474,1996,34.88
135,2,15,474,1997,37.39
135,2,15,474,1998,38.92
135,2,15,474,1999,41.91
135,2,15,474,2000,43.83
135,2,15,474,2001,45.9
135,2,15,474,2002,46.76
135,2,15,474,2003,48.26
135,2,15,474,2004,49.85
135,2,15,474,2005,51.91
135,2,15,474,2006,52.42
135,2,15,474,2007,54.54
135,2,15,474,2008,56.86
135,2,15,474,2009,60.32
135,2,15,474,2010,61.75
135,2,15,474,2011,63.59
135,2,15,474,2012,64.09
135,2,15,474,2013,64.26
135,2,15,474,2014,65.31
135,2,15,474,2015,66.59
135,2,15,474,2016,68.95
135,2,15,474,2017,70.72
135,2,16,474,1990,40.64
135,2,16,474,1991,41
135,2,16,474,1992,42.29
135,2,16,474,1993,44.63
135,2,16,474,1994,47.67
135,2,16,474,1995,49.62
135,2,16,474,1996,51.29
135,2,16,474,1997,52.41
135,2,16,474,1998,53.76
135,2,16,474,1999,55.23
135,2,16,474,2000,56.33
135,2,16,474,2001,57.55
135,2,16,474,2002,59
135,2,16,474,2003,61.56
135,2,16,474,2004,64.42
135,2,16,474,2005,64.75
135,2,16,474,2006,67.57
135,2,16,474,2007,71.5
135,2,16,474,2008,74.67
135,2,16,474,2009,79.96
135,2,16,474,2010,84.6
135,2,16,474,2011,89
135,2,16,474,2012,91.85
135,2,16,474,2013,94.71
135,2,16,474,2014,96.57
135,2,16,474,2015,98.32
135,2,16,474,2016,101.48
135,2,16,474,2017,105.47
135,2,17,474,1990,49.98
135,2,17,474,1991,51.59
135,2,17,474,1992,53.84
135,2,17,474,1993,56.32
135,2,17,474,1994,59.68
135,2,17,474,1995,62.6
135,2,17,474,1996,65.77
135,2,17,474,1997,67.38
135,2,17,474,1998,69.72
135,2,17,474,1999,75.23
135,2,17,474,2000,77.49
135,2,17,474,2001,78.08
135,2,17,474,2002,79.11
135,2,17,474,2003,80.62
135,2,17,474,2004,83.95
135,2,17,474,2005,83.41
135,2,17,474,2006,86.03
135,2,17,474,2007,90.72
135,2,17,474,2008,94.37
135,2,17,474,2009,98.48
135,2,17,474,2010,103.15
135,2,17,474,2011,109.49
135,2,17,474,2012,113.11
135,2,17,474,2013,117.53
135,2,17,474,2014,122.83
135,2,17,474,2015,129.08
135,2,17,474,2016,133.69
135,2,17,474,2017,139.65
135,2,18,474,1990,59.56
135,2,18,474,1991,62.09
135,2,18,474,1992,66.04
135,2,18,474,1993,70.89
135,2,18,474,1994,75.89
135,2,18,474,1995,79.6
135,2,18,474,1996,83.95
135,2,18,474,1997,87.23
135,2,18,474,1998,90.68
135,2,18,474,1999,94.79
135,2,18,474,2000,95.64
135,2,18,474,2001,99.89
135,2,18,474,2002,105.49
135,2,18,474,2003,109.59
135,2,18,474,2004,114.75
135,2,18,474,2005,116.81
135,2,18,474,2006,118.48
135,2,18,474,2007,120.31
135,2,18,474,2008,123.12
135,2,18,474,2009,124.75
135,2,18,474,2010,127.93
135,2,18,474,2011,132.03
135,2,18,474,2012,136.09
135,2,18,474,2013,141.27
135,2,18,474,2014,147.58
135,2,18,474,2015,152.06
135,2,18,474,2016,161.14
135,2,18,474,2017,168.16
135,2,19,474,1990,76.9
135,2,19,474,1991,77.99
135,2,19,474,1992,82.16
135,2,19,474,1993,86.06
135,2,19,474,1994,90.54
135,2,19,474,1995,94.34
135,2,19,474,1996,99.01
135,2,19,474,1997,104.83
135,2,19,474,1998,111.44
135,2,19,474,1999,118.76
135,2,19,474,2000,122.7
135,2,19,474,2001,127.17
135,2,19,474,2002,132.64
135,2,19,474,2003,136.13
135,2,19,474,2004,136.9
135,2,19,474,2005,137.19
135,2,19,474,2006,139.6
135,2,19,474,2007,144.25
135,2,19,474,2008,148.8
135,2,19,474,2009,152.44
135,2,19,474,2010,158.8
135,2,19,474,2011,162.35
135,2,19,474,2012,165.71
135,2,19,474,2013,169.16
135,2,19,474,2014,173.46
135,2,19,474,2015,178.69
135,2,19,474,2016,186.63
135,2,19,474,2017,197.6
135,2,20,474,1990,93.12
135,2,20,474,1991,95.74
135,2,20,474,1992,100.4
135,2,20,474,1993,105.32
135,2,20,474,1994,110.19
135,2,20,474,1995,114.5
135,2,20,474,1996,117.01
135,2,20,474,1997,123.03
135,2,20,474,1998,128.73
135,2,20,474,1999,135.03
135,2,20,474,2000,139.97
135,2,20,474,2001,148.86
135,2,20,474,2002,157.68
135,2,20,474,2003,165.19
135,2,20,474,2004,169.92
135,2,20,474,2005,175.15
135,2,20,474,2006,180.67
135,2,20,474,2007,185.29
135,2,20,474,2008,188.47
135,2,20,474,2009,192.38
135,2,20,474,2010,198.26
135,2,20,474,2011,204.79
135,2,20,474,2012,212.68
135,2,20,474,2013,220.31
135,2,20,474,2014,228.77
135,2,20,474,2015,237.9
135,2,20,474,2016,245.16
135,2,20,474,2017,253.7
135,2,22,474,1990,536.39
135,2,22,474,1991,551.45
135,2,22,474,1992,580.54
135,2,22,474,1993,616.4
135,2,22,474,1994,655.21
135,2,22,474,1995,689.88
135,2,22,474,1996,718.69
135,2,22,474,1997,753.16
135,2,22,474,1998,788.13
135,2,22,474,1999,831.85
135,2,22,474,2000,862.63
135,2,22,474,2001,902.16
135,2,22,474,2002,949.1
135,2,22,474,2003,988.2
135,2,22,474,2004,1018.22
135,2,22,474,2005,1043.34
135,2,22,474,2006,1075.75
135,2,22,474,2007,1117.86
135,2,22,474,2008,1154.68
135,2,22,474,2009,1204.63
135,2,22,474,2010,1253.69
135,2,22,474,2011,1302.44
135,2,22,474,2012,1342.37
135,2,22,474,2013,1386.7
135,2,22,474,2014,1436.96
135,2,22,474,2015,1492.16
135,2,22,474,2016,1558.34
135,2,22,474,2017,1628.84
135,2,30,474,1990,75.83
135,2,30,474,1991,76.12
135,2,30,474,1992,81.72
135,2,30,474,1993,88.38
135,2,30,474,1994,95.11
135,2,30,474,1995,102.06
135,2,30,474,1996,107.6
135,2,30,474,1997,112.39
135,2,30,474,1998,116.23
135,2,30,474,1999,121.25
135,2,30,474,2000,124.33
135,2,30,474,2001,129.32
135,2,30,474,2002,136.7
135,2,30,474,2003,144.01
135,2,30,474,2004,147.63
135,2,30,474,2005,152.93
135,2,30,474,2006,160.36
135,2,30,474,2007,168.57
135,2,30,474,2008,176.8
135,2,30,474,2009,187.5
135,2,30,474,2010,197.21
135,2,30,474,2011,205.19
135,2,30,474,2012,210.1
135,2,30,474,2013,213.8
135,2,30,474,2014,219.15
135,2,30,474,2015,226.21
135,2,30,474,2016,236.41
135,2,30,474,2017,247.68
135,2,31,474,1990,49.98
135,2,31,474,1991,54.32
135,2,31,474,1992,57.34
135,2,31,474,1993,62.38
135,2,31,474,1994,66.84
135,2,31,474,1995,70.84
135,2,31,474,1996,70.93
135,2,31,474,1997,74.14
135,2,31,474,1998,78.67
135,2,31,474,1999,83.58
135,2,31,474,2000,89.53
135,2,31,474,2001,96.51
135,2,31,474,2002,104.69
135,2,31,474,2003,109.72
135,2,31,474,2004,113.05
135,2,31,474,2005,116.96
135,2,31,474,2006,119.86
135,2,31,474,2007,125.53
135,2,31,474,2008,130.3
135,2,31,474,2009,138.98
135,2,31,474,2010,146.86
135,2,31,474,2011,155.08
135,2,31,474,2012,162.58
135,2,31,474,2013,170.08
135,2,31,474,2014,179.74
135,2,31,474,2015,190.17
135,2,31,474,2016,201.64
135,2,31,474,2017,209.62
135,2,32,474,1990,15.68
135,2,32,474,1991,17.21
135,2,32,474,1992,18.64
135,2,32,474,1993,21.13
135,2,32,474,1994,24
135,2,32,474,1995,26.91
135,2,32,474,1996,29.27
135,2,32,474,1997,31.5
135,2,32,474,1998,34.35
135,2,32,474,1999,35.71
135,2,32,474,2000,38.92
135,2,32,474,2001,41.53
135,2,32,474,2002,47.27
135,2,32,474,2003,51.8
135,2,32,474,2004,54.63
135,2,32,474,2005,58.49
135,2,32,474,2006,62.43
135,2,32,474,2007,65.35
135,2,32,474,2008,68.1
135,2,32,474,2009,72.27
135,2,32,474,2010,76.38
135,2,32,474,2011,80.01
135,2,32,474,2012,83.91
135,2,32,474,2013,90.24
135,2,32,474,2014,94.96
135,2,32,474,2015,101.84
135,2,32,474,2016,107.71
135,2,32,474,2017,114.16
135,2,235,474,1990,3.07
135,2,235,474,1991,3.43
135,2,235,474,1992,3.69
135,2,235,474,1993,4.16
135,2,235,474,1994,4.72
135,2,235,474,1995,5.23
135,2,235,474,1996,5.5
135,2,235,474,1997,6
135,2,235,474,1998,6.93
135,2,235,474,1999,7.66
135,2,235,474,2000,8.81
135,2,235,474,2001,10.48
135,2,235,474,2002,12.09
135,2,235,474,2003,13.53
135,2,235,474,2004,15.01
135,2,235,474,2005,16.77
135,2,235,474,2006,18.99
135,2,235,474,2007,21.29
135,2,235,474,2008,22.94
135,2,235,474,2009,25.53
135,2,235,474,2010,27.54
135,2,235,474,2011,29.44
135,2,235,474,2012,30.73
135,2,235,474,2013,33.36
135,2,235,474,2014,36.38
135,2,235,474,2015,39.15
135,2,235,474,2016,41.53
135,2,235,474,2017,45.83
136,2,8,474,1990,0.02
136,2,8,474,1991,0.02
136,2,8,474,1992,0.02
136,2,8,474,1993,0.02
136,2,8,474,1994,0.02
136,2,8,474,1995,0.02
136,2,8,474,1996,0.02
136,2,8,474,1997,0.03
136,2,8,474,1998,0.03
136,2,8,474,1999,0.03
136,2,8,474,2000,0.03
136,2,8,474,2001,0.03
136,2,8,474,2002,0.03
136,2,8,474,2003,0.03
136,2,8,474,2004,0.03
136,2,8,474,2005,0.03
136,2,8,474,2006,0.03
136,2,8,474,2007,0.03
136,2,8,474,2008,0.03
136,2,8,474,2009,0.03
136,2,8,474,2010,0.03
136,2,8,474,2011,0.03
136,2,8,474,2012,0.03
136,2,8,474,2013,0.03
136,2,8,474,2014,0.03
136,2,8,474,2015,0.03
136,2,8,474,2016,0.03
136,2,8,474,2017,0.03
136,2,9,474,1990,0.02
136,2,9,474,1991,0.02
136,2,9,474,1992,0.02
136,2,9,474,1993,0.02
136,2,9,474,1994,0.02
136,2,9,474,1995,0.02
136,2,9,474,1996,0.02
136,2,9,474,1997,0.02
136,2,9,474,1998,0.02
136,2,9,474,1999,0.02
136,2,9,474,2000,0.02
136,2,9,474,2001,0.02
136,2,9,474,2002,0.02
136,2,9,474,2003,0.03
136,2,9,474,2004,0.03
136,2,9,474,2005,0.03
136,2,9,474,2006,0.03
136,2,9,474,2007,0.03
136,2,9,474,2008,0.03
136,2,9,474,2009,0.03
136,2,9,474,2010,0.03
136,2,9,474,2011,0.03
136,2,9,474,2012,0.03
136,2,9,474,2013,0.03
136,2,9,474,2014,0.03
136,2,9,474,2015,0.03
136,2,9,474,2016,0.03
136,2,9,474,2017,0.03
136,2,10,474,1990,0.02
136,2,10,474,1991,0.02
136,2,10,474,1992,0.02
136,2,10,474,1993,0.02
136,2,10,474,1994,0.02
136,2,10,474,1995,0.02
136,2,10,474,1996,0.02
136,2,10,474,1997,0.02
136,2,10,474,1998,0.02
136,2,10,474,1999,0.02
136,2,10,474,2000,0.02
136,2,10,474,2001,0.02
136,2,10,474,2002,0.02
136,2,10,474,2003,0.02
136,2,10,474,2004,0.02
136,2,10,474,2005,0.02
136,2,10,474,2006,0.02
136,2,10,474,2007,0.02
136,2,10,474,2008,0.03
136,2,10,474,2009,0.03
136,2,10,474,2010,0.03
136,2,10,474,2011,0.03
136,2,10,474,2012,0.03
136,2,10,474,2013,0.03
136,2,10,474,2014,0.03
136,2,10,474,2015,0.03
136,2,10,474,2016,0.03
136,2,10,474,2017,0.03
136,2,11,474,1990,0.04
136,2,11,474,1991,0.04
136,2,11,474,1992,0.04
136,2,11,474,1993,0.04
136,2,11,474,1994,0.04
136,2,11,474,1995,0.04
136,2,11,474,1996,0.04
136,2,11,474,1997,0.04
136,2,11,474,1998,0.04
136,2,11,474,1999,0.04
136,2,11,474,2000,0.04
136,2,11,474,2001,0.04
136,2,11,474,2002,0.04
136,2,11,474,2003,0.04
136,2,11,474,2004,0.04
136,2,11,474,2005,0.04
136,2,11,474,2006,0.04
136,2,11,474,2007,0.04
136,2,11,474,2008,0.04
136,2,11,474,2009,0.04
136,2,11,474,2010,0.04
136,2,11,474,2011,0.05
136,2,11,474,2012,0.05
136,2,11,474,2013,0.05
136,2,11,474,2014,0.05
136,2,11,474,2015,0.05
136,2,11,474,2016,0.05
136,2,11,474,2017,0.05
136,2,12,474,1990,0.06
136,2,12,474,1991,0.06
136,2,12,474,1992,0.06
136,2,12,474,1993,0.07
136,2,12,474,1994,0.07
136,2,12,474,1995,0.07
136,2,12,474,1996,0.07
136,2,12,474,1997,0.07
136,2,12,474,1998,0.07
136,2,12,474,1999,0.08
136,2,12,474,2000,0.08
136,2,12,474,2001,0.08
136,2,12,474,2002,0.08
136,2,12,474,2003,0.07
136,2,12,474,2004,0.08
136,2,12,474,2005,0.08
136,2,12,474,2006,0.08
136,2,12,474,2007,0.08
136,2,12,474,2008,0.08
136,2,12,474,2009,0.08
136,2,12,474,2010,0.08
136,2,12,474,2011,0.08
136,2,12,474,2012,0.08
136,2,12,474,2013,0.08
136,2,12,474,2014,0.08
136,2,12,474,2015,0.09
136,2,12,474,2016,0.09
136,2,12,474,2017,0.1
136,2,13,474,1990,0.12
136,2,13,474,1991,0.13
136,2,13,474,1992,0.14
136,2,13,474,1993,0.16
136,2,13,474,1994,0.16
136,2,13,474,1995,0.17
136,2,13,474,1996,0.16
136,2,13,474,1997,0.17
136,2,13,474,1998,0.17
136,2,13,474,1999,0.18
136,2,13,474,2000,0.2
136,2,13,474,2001,0.18
136,2,13,474,2002,0.18
136,2,13,474,2003,0.19
136,2,13,474,2004,0.19
136,2,13,474,2005,0.19
136,2,13,474,2006,0.2
136,2,13,474,2007,0.19
136,2,13,474,2008,0.2
136,2,13,474,2009,0.2
136,2,13,474,2010,0.19
136,2,13,474,2011,0.19
136,2,13,474,2012,0.19
136,2,13,474,2013,0.2
136,2,13,474,2014,0.21
136,2,13,474,2015,0.21
136,2,13,474,2016,0.21
136,2,13,474,2017,0.21
136,2,14,474,1990,0.16
136,2,14,474,1991,0.18
136,2,14,474,1992,0.18
136,2,14,474,1993,0.2
136,2,14,474,1994,0.2
136,2,14,474,1995,0.19
136,2,14,474,1996,0.2
136,2,14,474,1997,0.2
136,2,14,474,1998,0.21
136,2,14,474,1999,0.22
136,2,14,474,2000,0.24
136,2,14,474,2001,0.23
136,2,14,474,2002,0.24
136,2,14,474,2003,0.25
136,2,14,474,2004,0.25
136,2,14,474,2005,0.26
136,2,14,474,2006,0.26
136,2,14,474,2007,0.26
136,2,14,474,2008,0.27
136,2,14,474,2009,0.29
136,2,14,474,2010,0.29
136,2,14,474,2011,0.29
136,2,14,474,2012,0.29
136,2,14,474,2013,0.31
136,2,14,474,2014,0.32
136,2,14,474,2015,0.33
136,2,14,474,2016,0.32
136,2,14,474,2017,0.33
136,2,15,474,1990,0.27
136,2,15,474,1991,0.3
136,2,15,474,1992,0.31
136,2,15,474,1993,0.33
136,2,15,474,1994,0.34
136,2,15,474,1995,0.34
136,2,15,474,1996,0.35
136,2,15,474,1997,0.37
136,2,15,474,1998,0.37
136,2,15,474,1999,0.38
136,2,15,474,2000,0.4
136,2,15,474,2001,0.41
136,2,15,474,2002,0.42
136,2,15,474,2003,0.43
136,2,15,474,2004,0.45
136,2,15,474,2005,0.48
136,2,15,474,2006,0.48
136,2,15,474,2007,0.48
136,2,15,474,2008,0.5
136,2,15,474,2009,0.54
136,2,15,474,2010,0.56
136,2,15,474,2011,0.56
136,2,15,474,2012,0.57
136,2,15,474,2013,0.61
136,2,15,474,2014,0.62
136,2,15,474,2015,0.63
136,2,15,474,2016,0.64
136,2,15,474,2017,0.65
136,2,16,474,1990,0.38
136,2,16,474,1991,0.39
136,2,16,474,1992,0.4
136,2,16,474,1993,0.44
136,2,16,474,1994,0.46
136,2,16,474,1995,0.48
136,2,16,474,1996,0.49
136,2,16,474,1997,0.5
136,2,16,474,1998,0.52
136,2,16,474,1999,0.52
136,2,16,474,2000,0.53
136,2,16,474,2001,0.52
136,2,16,474,2002,0.53
136,2,16,474,2003,0.56
136,2,16,474,2004,0.58
136,2,16,474,2005,0.57
136,2,16,474,2006,0.61
136,2,16,474,2007,0.63
136,2,16,474,2008,0.65
136,2,16,474,2009,0.71
136,2,16,474,2010,0.77
136,2,16,474,2011,0.76
136,2,16,474,2012,0.77
136,2,16,474,2013,0.81
136,2,16,474,2014,0.81
136,2,16,474,2015,0.84
136,2,16,474,2016,0.88
136,2,16,474,2017,0.91
136,2,17,474,1990,0.58
136,2,17,474,1991,0.6
136,2,17,474,1992,0.61
136,2,17,474,1993,0.63
136,2,17,474,1994,0.64
136,2,17,474,1995,0.64
136,2,17,474,1996,0.65
136,2,17,474,1997,0.66
136,2,17,474,1998,0.68
136,2,17,474,1999,0.71
136,2,17,474,2000,0.74
136,2,17,474,2001,0.72
136,2,17,474,2002,0.74
136,2,17,474,2003,0.77
136,2,17,474,2004,0.81
136,2,17,474,2005,0.83
136,2,17,474,2006,0.87
136,2,17,474,2007,0.88
136,2,17,474,2008,0.92
136,2,17,474,2009,0.98
136,2,17,474,2010,0.96
136,2,17,474,2011,1
136,2,17,474,2012,1.03
136,2,17,474,2013,1.12
136,2,17,474,2014,1.18
136,2,17,474,2015,1.26
136,2,17,474,2016,1.26
136,2,17,474,2017,1.26
136,2,18,474,1990,0.76
136,2,18,474,1991,0.78
136,2,18,474,1992,0.81
136,2,18,474,1993,0.98
136,2,18,474,1994,1
136,2,18,474,1995,0.98
136,2,18,474,1996,0.99
136,2,18,474,1997,1.04
136,2,18,474,1998,1.07
136,2,18,474,1999,1.07
136,2,18,474,2000,1.03
136,2,18,474,2001,0.98
136,2,18,474,2002,0.95
136,2,18,474,2003,0.99
136,2,18,474,2004,1.05
136,2,18,474,2005,1.1
136,2,18,474,2006,1.16
136,2,18,474,2007,1.16
136,2,18,474,2008,1.2
136,2,18,474,2009,1.25
136,2,18,474,2010,1.27
136,2,18,474,2011,1.3
136,2,18,474,2012,1.36
136,2,18,474,2013,1.41
136,2,18,474,2014,1.4
136,2,18,474,2015,1.4
136,2,18,474,2016,1.52
136,2,18,474,2017,1.63
136,2,19,474,1990,0.88
136,2,19,474,1991,0.92
136,2,19,474,1992,0.95
136,2,19,474,1993,1.08
136,2,19,474,1994,1.1
136,2,19,474,1995,1.1
136,2,19,474,1996,1.13
136,2,19,474,1997,1.17
136,2,19,474,1998,1.25
136,2,19,474,1999,1.3
136,2,19,474,2000,1.34
136,2,19,474,2001,1.28
136,2,19,474,2002,1.26
136,2,19,474,2003,1.28
136,2,19,474,2004,1.32
136,2,19,474,2005,1.33
136,2,19,474,2006,1.37
136,2,19,474,2007,1.34
136,2,19,474,2008,1.39
136,2,19,474,2009,1.5
136,2,19,474,2010,1.57
136,2,19,474,2011,1.61
136,2,19,474,2012,1.65
136,2,19,474,2013,1.7
136,2,19,474,2014,1.65
136,2,19,474,2015,1.69
136,2,19,474,2016,1.82
136,2,19,474,2017,1.87
136,2,20,474,1990,1.26
136,2,20,474,1991,1.32
136,2,20,474,1992,1.35
136,2,20,474,1993,1.51
136,2,20,474,1994,1.53
136,2,20,474,1995,1.5
136,2,20,474,1996,1.52
136,2,20,474,1997,1.57
136,2,20,474,1998,1.64
136,2,20,474,1999,1.65
136,2,20,474,2000,1.7
136,2,20,474,2001,1.73
136,2,20,474,2002,1.77
136,2,20,474,2003,1.83
136,2,20,474,2004,1.94
136,2,20,474,2005,2.02
136,2,20,474,2006,2.09
136,2,20,474,2007,2.07
136,2,20,474,2008,2.11
136,2,20,474,2009,2.2
136,2,20,474,2010,2.26
136,2,20,474,2011,2.27
136,2,20,474,2012,2.24
136,2,20,474,2013,2.39
136,2,20,474,2014,2.45
136,2,20,474,2015,2.53
136,2,20,474,2016,2.57
136,2,20,474,2017,2.65
136,2,22,474,1990,7.62
136,2,22,474,1991,8.05
136,2,22,474,1992,8.32
136,2,22,474,1993,9.22
136,2,22,474,1994,9.38
136,2,22,474,1995,9.34
136,2,22,474,1996,9.64
136,2,22,474,1997,9.99
136,2,22,474,1998,10.4
136,2,22,474,1999,10.53
136,2,22,474,2000,10.8
136,2,22,474,2001,10.64
136,2,22,474,2002,10.76
136,2,22,474,2003,11.16
136,2,22,474,2004,11.71
136,2,22,474,2005,12.1
136,2,22,474,2006,12.58
136,2,22,474,2007,12.68
136,2,22,474,2008,13.19
136,2,22,474,2009,14.1
136,2,22,474,2010,14.64
136,2,22,474,2011,14.84
136,2,22,474,2012,15.04
136,2,22,474,2013,15.99
136,2,22,474,2014,16.25
136,2,22,474,2015,16.65
136,2,22,474,2016,17.09
136,2,22,474,2017,17.52
136,2,30,474,1990,1.41
136,2,30,474,1991,1.49
136,2,30,474,1992,1.52
136,2,30,474,1993,1.67
136,2,30,474,1994,1.68
136,2,30,474,1995,1.63
136,2,30,474,1996,1.67
136,2,30,474,1997,1.72
136,2,30,474,1998,1.77
136,2,30,474,1999,1.74
136,2,30,474,2000,1.78
136,2,30,474,2001,1.77
136,2,30,474,2002,1.8
136,2,30,474,2003,1.87
136,2,30,474,2004,1.98
136,2,30,474,2005,2.05
136,2,30,474,2006,2.16
136,2,30,474,2007,2.2
136,2,30,474,2008,2.33
136,2,30,474,2009,2.5
136,2,30,474,2010,2.63
136,2,30,474,2011,2.64
136,2,30,474,2012,2.65
136,2,30,474,2013,2.75
136,2,30,474,2014,2.82
136,2,30,474,2015,2.89
136,2,30,474,2016,2.94
136,2,30,474,2017,2.97
136,2,31,474,1990,1.01
136,2,31,474,1991,1.1
136,2,31,474,1992,1.17
136,2,31,474,1993,1.29
136,2,31,474,1994,1.31
136,2,31,474,1995,1.31
136,2,31,474,1996,1.34
136,2,31,474,1997,1.39
136,2,31,474,1998,1.44
136,2,31,474,1999,1.47
136,2,31,474,2000,1.51
136,2,31,474,2001,1.47
136,2,31,474,2002,1.48
136,2,31,474,2003,1.5
136,2,31,474,2004,1.57
136,2,31,474,2005,1.64
136,2,31,474,2006,1.72
136,2,31,474,2007,1.75
136,2,31,474,2008,1.85
136,2,31,474,2009,1.98
136,2,31,474,2010,2.09
136,2,31,474,2011,2.15
136,2,31,474,2012,2.18
136,2,31,474,2013,2.39
136,2,31,474,2014,2.46
136,2,31,474,2015,2.51
136,2,31,474,2016,2.5
136,2,31,474,2017,2.56
136,2,32,474,1990,0.49
136,2,32,474,1991,0.51
136,2,32,474,1992,0.53
136,2,32,474,1993,0.58
136,2,32,474,1994,0.61
136,2,32,474,1995,0.66
136,2,32,474,1996,0.73
136,2,32,474,1997,0.8
136,2,32,474,1998,0.85
136,2,32,474,1999,0.87
136,2,32,474,2000,0.89
136,2,32,474,2001,0.9
136,2,32,474,2002,0.92
136,2,32,474,2003,0.97
136,2,32,474,2004,1.02
136,2,32,474,2005,1.06
136,2,32,474,2006,1.09
136,2,32,474,2007,1.11
136,2,32,474,2008,1.16
136,2,32,474,2009,1.27
136,2,32,474,2010,1.33
136,2,32,474,2011,1.32
136,2,32,474,2012,1.35
136,2,32,474,2013,1.47
136,2,32,474,2014,1.49
136,2,32,474,2015,1.51
136,2,32,474,2016,1.54
136,2,32,474,2017,1.57
136,2,235,474,1990,0.15
136,2,235,474,1991,0.16
136,2,235,474,1992,0.17
136,2,235,474,1993,0.18
136,2,235,474,1994,0.18
136,2,235,474,1995,0.19
136,2,235,474,1996,0.2
136,2,235,474,1997,0.22
136,2,235,474,1998,0.23
136,2,235,474,1999,0.24
136,2,235,474,2000,0.26
136,2,235,474,2001,0.28
136,2,235,474,2002,0.3
136,2,235,474,2003,0.32
136,2,235,474,2004,0.35
136,2,235,474,2005,0.36
136,2,235,474,2006,0.38
136,2,235,474,2007,0.39
136,2,235,474,2008,0.41
136,2,235,474,2009,0.47
136,2,235,474,2010,0.51
136,2,235,474,2011,0.52
136,2,235,474,2012,0.54
136,2,235,474,2013,0.59
136,2,235,474,2014,0.6
136,2,235,474,2015,0.61
136,2,235,474,2016,0.63
136,2,235,474,2017,0.65
139,2,8,474,1990,0.15
139,2,8,474,1991,0.15
139,2,8,474,1992,0.16
139,2,8,474,1993,0.17
139,2,8,474,1994,0.18
139,2,8,474,1995,0.19
139,2,8,474,1996,0.2
139,2,8,474,1997,0.22
139,2,8,474,1998,0.22
139,2,8,474,1999,0.23
139,2,8,474,2000,0.23
139,2,8,474,2001,0.23
139,2,8,474,2002,0.24
139,2,8,474,2003,0.23
139,2,8,474,2004,0.23
139,2,8,474,2005,0.23
139,2,8,474,2006,0.23
139,2,8,474,2007,0.23
139,2,8,474,2008,0.23
139,2,8,474,2009,0.23
139,2,8,474,2010,0.23
139,2,8,474,2011,0.23
139,2,8,474,2012,0.23
139,2,8,474,2013,0.22
139,2,8,474,2014,0.21
139,2,8,474,2015,0.21
139,2,8,474,2016,0.2
139,2,8,474,2017,0.19
139,2,9,474,1990,0.18
139,2,9,474,1991,0.19
139,2,9,474,1992,0.19
139,2,9,474,1993,0.19
139,2,9,474,1994,0.21
139,2,9,474,1995,0.22
139,2,9,474,1996,0.22
139,2,9,474,1997,0.23
139,2,9,474,1998,0.23
139,2,9,474,1999,0.23
139,2,9,474,2000,0.23
139,2,9,474,2001,0.24
139,2,9,474,2002,0.25
139,2,9,474,2003,0.24
139,2,9,474,2004,0.25
139,2,9,474,2005,0.25
139,2,9,474,2006,0.26
139,2,9,474,2007,0.26
139,2,9,474,2008,0.26
139,2,9,474,2009,0.26
139,2,9,474,2010,0.26
139,2,9,474,2011,0.27
139,2,9,474,2012,0.26
139,2,9,474,2013,0.26
139,2,9,474,2014,0.26
139,2,9,474,2015,0.25
139,2,9,474,2016,0.24
139,2,9,474,2017,0.24
139,2,10,474,1990,0.25
139,2,10,474,1991,0.26
139,2,10,474,1992,0.27
139,2,10,474,1993,0.28
139,2,10,474,1994,0.3
139,2,10,474,1995,0.31
139,2,10,474,1996,0.32
139,2,10,474,1997,0.33
139,2,10,474,1998,0.33
139,2,10,474,1999,0.34
139,2,10,474,2000,0.34
139,2,10,474,2001,0.35
139,2,10,474,2002,0.36
139,2,10,474,2003,0.35
139,2,10,474,2004,0.35
139,2,10,474,2005,0.36
139,2,10,474,2006,0.38
139,2,10,474,2007,0.39
139,2,10,474,2008,0.4
139,2,10,474,2009,0.41
139,2,10,474,2010,0.43
139,2,10,474,2011,0.43
139,2,10,474,2012,0.43
139,2,10,474,2013,0.43
139,2,10,474,2014,0.43
139,2,10,474,2015,0.42
139,2,10,474,2016,0.4
139,2,10,474,2017,0.39
139,2,11,474,1990,0.36
139,2,11,474,1991,0.37
139,2,11,474,1992,0.38
139,2,11,474,1993,0.4
139,2,11,474,1994,0.44
139,2,11,474,1995,0.46
139,2,11,474,1996,0.48
139,2,11,474,1997,0.5
139,2,11,474,1998,0.5
139,2,11,474,1999,0.52
139,2,11,474,2000,0.52
139,2,11,474,2001,0.53
139,2,11,474,2002,0.55
139,2,11,474,2003,0.53
139,2,11,474,2004,0.54
139,2,11,474,2005,0.55
139,2,11,474,2006,0.56
139,2,11,474,2007,0.58
139,2,11,474,2008,0.59
139,2,11,474,2009,0.61
139,2,11,474,2010,0.64
139,2,11,474,2011,0.66
139,2,11,474,2012,0.69
139,2,11,474,2013,0.7
139,2,11,474,2014,0.73
139,2,11,474,2015,0.75
139,2,11,474,2016,0.77
139,2,11,474,2017,0.77
139,2,12,474,1990,0.55
139,2,12,474,1991,0.57
139,2,12,474,1992,0.58
139,2,12,474,1993,0.61
139,2,12,474,1994,0.65
139,2,12,474,1995,0.68
139,2,12,474,1996,0.7
139,2,12,474,1997,0.72
139,2,12,474,1998,0.74
139,2,12,474,1999,0.78
139,2,12,474,2000,0.81
139,2,12,474,2001,0.85
139,2,12,474,2002,0.89
139,2,12,474,2003,0.89
139,2,12,474,2004,0.91
139,2,12,474,2005,0.93
139,2,12,474,2006,0.95
139,2,12,474,2007,0.98
139,2,12,474,2008,1
139,2,12,474,2009,1.03
139,2,12,474,2010,1.06
139,2,12,474,2011,1.07
139,2,12,474,2012,1.08
139,2,12,474,2013,1.1
139,2,12,474,2014,1.13
139,2,12,474,2015,1.16
139,2,12,474,2016,1.18
139,2,12,474,2017,1.22
139,2,13,474,1990,0.85
139,2,13,474,1991,0.93
139,2,13,474,1992,0.99
139,2,13,474,1993,1.04
139,2,13,474,1994,1.1
139,2,13,474,1995,1.16
139,2,13,474,1996,1.19
139,2,13,474,1997,1.22
139,2,13,474,1998,1.25
139,2,13,474,1999,1.31
139,2,13,474,2000,1.36
139,2,13,474,2001,1.42
139,2,13,474,2002,1.49
139,2,13,474,2003,1.55
139,2,13,474,2004,1.64
139,2,13,474,2005,1.72
139,2,13,474,2006,1.8
139,2,13,474,2007,1.87
139,2,13,474,2008,1.93
139,2,13,474,2009,1.98
139,2,13,474,2010,2.05
139,2,13,474,2011,2.08
139,2,13,474,2012,2.1
139,2,13,474,2013,2.14
139,2,13,474,2014,2.18
139,2,13,474,2015,2.2
139,2,13,474,2016,2.2
139,2,13,474,2017,2.23
139,2,14,474,1990,1.3
139,2,14,474,1991,1.3
139,2,14,474,1992,1.3
139,2,14,474,1993,1.34
139,2,14,474,1994,1.37
139,2,14,474,1995,1.42
139,2,14,474,1996,1.54
139,2,14,474,1997,1.64
139,2,14,474,1998,1.72
139,2,14,474,1999,1.84
139,2,14,474,2000,1.96
139,2,14,474,2001,2.05
139,2,14,474,2002,2.15
139,2,14,474,2003,2.26
139,2,14,474,2004,2.36
139,2,14,474,2005,2.46
139,2,14,474,2006,2.54
139,2,14,474,2007,2.62
139,2,14,474,2008,2.72
139,2,14,474,2009,2.84
139,2,14,474,2010,2.96
139,2,14,474,2011,3.03
139,2,14,474,2012,3.09
139,2,14,474,2013,3.15
139,2,14,474,2014,3.2
139,2,14,474,2015,3.24
139,2,14,474,2016,3.28
139,2,14,474,2017,3.36
139,2,15,474,1990,2.14
139,2,15,474,1991,2.12
139,2,15,474,1992,2.1
139,2,15,474,1993,2.09
139,2,15,474,1994,2.03
139,2,15,474,1995,2.01
139,2,15,474,1996,1.99
139,2,15,474,1997,1.99
139,2,15,474,1998,2.03
139,2,15,474,1999,2.14
139,2,15,474,2000,2.26
139,2,15,474,2001,2.51
139,2,15,474,2002,2.75
139,2,15,474,2003,3.02
139,2,15,474,2004,3.23
139,2,15,474,2005,3.46
139,2,15,474,2006,3.57
139,2,15,474,2007,3.69
139,2,15,474,2008,3.81
139,2,15,474,2009,3.93
139,2,15,474,2010,4.04
139,2,15,474,2011,4.09
139,2,15,474,2012,4.17
139,2,15,474,2013,4.29
139,2,15,474,2014,4.44
139,2,15,474,2015,4.59
139,2,15,474,2016,4.74
139,2,15,474,2017,4.9
139,2,16,474,1990,3.18
139,2,16,474,1991,3.25
139,2,16,474,1992,3.28
139,2,16,474,1993,3.3
139,2,16,474,1994,3.26
139,2,16,474,1995,3.27
139,2,16,474,1996,3.26
139,2,16,474,1997,3.26
139,2,16,474,1998,3.27
139,2,16,474,1999,3.32
139,2,16,474,2000,3.35
139,2,16,474,2001,3.4
139,2,16,474,2002,3.48
139,2,16,474,2003,3.64
139,2,16,474,2004,3.82
139,2,16,474,2005,4.03
139,2,16,474,2006,4.4
139,2,16,474,2007,4.72
139,2,16,474,2008,5
139,2,16,474,2009,5.27
139,2,16,474,2010,5.53
139,2,16,474,2011,5.57
139,2,16,474,2012,5.69
139,2,16,474,2013,5.79
139,2,16,474,2014,5.93
139,2,16,474,2015,6.11
139,2,16,474,2016,6.37
139,2,16,474,2017,6.62
139,2,17,474,1990,4.65
139,2,17,474,1991,4.85
139,2,17,474,1992,4.98
139,2,17,474,1993,5.16
139,2,17,474,1994,5.21
139,2,17,474,1995,5.35
139,2,17,474,1996,5.42
139,2,17,474,1997,5.48
139,2,17,474,1998,5.51
139,2,17,474,1999,5.63
139,2,17,474,2000,5.74
139,2,17,474,2001,5.86
139,2,17,474,2002,5.99
139,2,17,474,2003,6.16
139,2,17,474,2004,6.24
139,2,17,474,2005,6.27
139,2,17,474,2006,6.25
139,2,17,474,2007,6.29
139,2,17,474,2008,6.46
139,2,17,474,2009,6.7
139,2,17,474,2010,6.97
139,2,17,474,2011,7.48
139,2,17,474,2012,7.92
139,2,17,474,2013,8.28
139,2,17,474,2014,8.68
139,2,17,474,2015,9.12
139,2,17,474,2016,9.3
139,2,17,474,2017,9.58
139,2,18,474,1990,6.67
139,2,18,474,1991,6.58
139,2,18,474,1992,6.63
139,2,18,474,1993,6.77
139,2,18,474,1994,6.67
139,2,18,474,1995,6.92
139,2,18,474,1996,7.09
139,2,18,474,1997,7.2
139,2,18,474,1998,7.43
139,2,18,474,1999,7.79
139,2,18,474,2000,8.17
139,2,18,474,2001,8.54
139,2,18,474,2002,8.86
139,2,18,474,2003,9.33
139,2,18,474,2004,9.53
139,2,18,474,2005,9.71
139,2,18,474,2006,9.83
139,2,18,474,2007,9.96
139,2,18,474,2008,10.09
139,2,18,474,2009,10.15
139,2,18,474,2010,10.04
139,2,18,474,2011,9.88
139,2,18,474,2012,9.8
139,2,18,474,2013,9.89
139,2,18,474,2014,10.27
139,2,18,474,2015,10.77
139,2,18,474,2016,11.6
139,2,18,474,2017,12.38
139,2,19,474,1990,8.66
139,2,19,474,1991,8.59
139,2,19,474,1992,8.52
139,2,19,474,1993,8.22
139,2,19,474,1994,8.1
139,2,19,474,1995,8.12
139,2,19,474,1996,8.1
139,2,19,474,1997,8.3
139,2,19,474,1998,8.59
139,2,19,474,1999,9.1
139,2,19,474,2000,9.72
139,2,19,474,2001,10.43
139,2,19,474,2002,11.09
139,2,19,474,2003,11.87
139,2,19,474,2004,12.5
139,2,19,474,2005,13.02
139,2,19,474,2006,13.45
139,2,19,474,2007,13.79
139,2,19,474,2008,13.98
139,2,19,474,2009,14.17
139,2,19,474,2010,14.44
139,2,19,474,2011,14.28
139,2,19,474,2012,14.13
139,2,19,474,2013,14.31
139,2,19,474,2014,14.23
139,2,19,474,2015,13.87
139,2,19,474,2016,13.4
139,2,19,474,2017,13.41
139,2,20,474,1990,7.6
139,2,20,474,1991,8.01
139,2,20,474,1992,8.34
139,2,20,474,1993,8.94
139,2,20,474,1994,9.45
139,2,20,474,1995,9.72
139,2,20,474,1996,9.71
139,2,20,474,1997,9.72
139,2,20,474,1998,9.31
139,2,20,474,1999,9.4
139,2,20,474,2000,9.44
139,2,20,474,2001,9.68
139,2,20,474,2002,10.19
139,2,20,474,2003,10.75
139,2,20,474,2004,11.5
139,2,20,474,2005,12.42
139,2,20,474,2006,13.46
139,2,20,474,2007,14.47
139,2,20,474,2008,15.54
139,2,20,474,2009,16.49
139,2,20,474,2010,17.24
139,2,20,474,2011,17.53
139,2,20,474,2012,17.69
139,2,20,474,2013,17.75
139,2,20,474,2014,17.93
139,2,20,474,2015,18.1
139,2,20,474,2016,18.1
139,2,20,474,2017,18.29
139,2,22,474,1990,45.09
139,2,22,474,1991,46.9
139,2,22,474,1992,48.82
139,2,22,474,1993,50.94
139,2,22,474,1994,53.02
139,2,22,474,1995,55.45
139,2,22,474,1996,57.18
139,2,22,474,1997,59.15
139,2,22,474,1998,60.93
139,2,22,474,1999,63.7
139,2,22,474,2000,66.14
139,2,22,474,2001,68.96
139,2,22,474,2002,71.94
139,2,22,474,2003,75.05
139,2,22,474,2004,77.92
139,2,22,474,2005,80.68
139,2,22,474,2006,83.51
139,2,22,474,2007,86.59
139,2,22,474,2008,89.71
139,2,22,474,2009,93.09
139,2,22,474,2010,96.37
139,2,22,474,2011,98.15
139,2,22,474,2012,99.91
139,2,22,474,2013,102.32
139,2,22,474,2014,105.28
139,2,22,474,2015,108.05
139,2,22,474,2016,110.31
139,2,22,474,2017,113.55
139,2,30,474,1990,5.51
139,2,30,474,1991,6.52
139,2,30,474,1992,7.67
139,2,30,474,1993,8.61
139,2,30,474,1994,9.59
139,2,30,474,1995,10.37
139,2,30,474,1996,10.9
139,2,30,474,1997,11.33
139,2,30,474,1998,11.94
139,2,30,474,1999,12.33
139,2,30,474,2000,12.4
139,2,30,474,2001,12.41
139,2,30,474,2002,12.41
139,2,30,474,2003,12.03
139,2,30,474,2004,12.1
139,2,30,474,2005,12.24
139,2,30,474,2006,12.63
139,2,30,474,2007,13.41
139,2,30,474,2008,14.36
139,2,30,474,2009,15.5
139,2,30,474,2010,16.83
139,2,30,474,2011,17.84
139,2,30,474,2012,18.67
139,2,30,474,2013,19.64
139,2,30,474,2014,20.58
139,2,30,474,2015,21.3
139,2,30,474,2016,21.64
139,2,30,474,2017,22.04
139,2,31,474,1990,2.14
139,2,31,474,1991,2.32
139,2,31,474,1992,2.48
139,2,31,474,1993,2.86
139,2,31,474,1994,3.42
139,2,31,474,1995,4.11
139,2,31,474,1996,4.87
139,2,31,474,1997,5.73
139,2,31,474,1998,6.36
139,2,31,474,1999,6.99
139,2,31,474,2000,7.5
139,2,31,474,2001,7.98
139,2,31,474,2002,8.38
139,2,31,474,2003,8.98
139,2,31,474,2004,9.2
139,2,31,474,2005,9.23
139,2,31,474,2006,9.14
139,2,31,474,2007,9.05
139,2,31,474,2008,8.78
139,2,31,474,2009,8.87
139,2,31,474,2010,8.99
139,2,31,474,2011,9.11
139,2,31,474,2012,9.47
139,2,31,474,2013,9.97
139,2,31,474,2014,10.66
139,2,31,474,2015,11.5
139,2,31,474,2016,12.31
139,2,31,474,2017,13.12
139,2,32,474,1990,0.72
139,2,32,474,1991,0.73
139,2,32,474,1992,0.76
139,2,32,474,1993,0.8
139,2,32,474,1994,0.86
139,2,32,474,1995,0.94
139,2,32,474,1996,1.02
139,2,32,474,1997,1.1
139,2,32,474,1998,1.28
139,2,32,474,1999,1.54
139,2,32,474,2000,1.86
139,2,32,474,2001,2.22
139,2,32,474,2002,2.61
139,2,32,474,2003,2.9
139,2,32,474,2004,3.14
139,2,32,474,2005,3.34
139,2,32,474,2006,3.52
139,2,32,474,2007,3.66
139,2,32,474,2008,3.89
139,2,32,474,2009,3.94
139,2,32,474,2010,3.91
139,2,32,474,2011,3.81
139,2,32,474,2012,3.7
139,2,32,474,2013,3.54
139,2,32,474,2014,3.56
139,2,32,474,2015,3.6
139,2,32,474,2016,3.7
139,2,32,474,2017,3.94
139,2,235,474,1990,0.17
139,2,235,474,1991,0.17
139,2,235,474,1992,0.17
139,2,235,474,1993,0.17
139,2,235,474,1994,0.18
139,2,235,474,1995,0.18
139,2,235,474,1996,0.19
139,2,235,474,1997,0.2
139,2,235,474,1998,0.21
139,2,235,474,1999,0.22
139,2,235,474,2000,0.24
139,2,235,474,2001,0.26
139,2,235,474,2002,0.28
139,2,235,474,2003,0.33
139,2,235,474,2004,0.39
139,2,235,474,2005,0.46
139,2,235,474,2006,0.53
139,2,235,474,2007,0.61
139,2,235,474,2008,0.66
139,2,235,474,2009,0.71
139,2,235,474,2010,0.75
139,2,235,474,2011,0.79
139,2,235,474,2012,0.81
139,2,235,474,2013,0.86
139,2,235,474,2014,0.87
139,2,235,474,2015,0.87
139,2,235,474,2016,0.86
139,2,235,474,2017,0.85
140,2,8,474,1990,0
140,2,8,474,1991,0
140,2,8,474,1992,0
140,2,8,474,1993,0
140,2,8,474,1994,0
140,2,8,474,1995,0
140,2,8,474,1996,0
140,2,8,474,1997,0
140,2,8,474,1998,0
140,2,8,474,1999,0
140,2,8,474,2000,0
140,2,8,474,2001,0
140,2,8,474,2002,0
140,2,8,474,2003,0
140,2,8,474,2004,0
140,2,8,474,2005,0
140,2,8,474,2006,0
140,2,8,474,2007,0
140,2,8,474,2008,0
140,2,8,474,2009,0
140,2,8,474,2010,0
140,2,8,474,2011,0
140,2,8,474,2012,0
140,2,8,474,2013,0
140,2,8,474,2014,0
140,2,8,474,2015,0
140,2,8,474,2016,0
140,2,8,474,2017,0
140,2,9,474,1990,0
140,2,9,474,1991,0
140,2,9,474,1992,0
140,2,9,474,1993,0
140,2,9,474,1994,0
140,2,9,474,1995,0
140,2,9,474,1996,0
140,2,9,474,1997,0
140,2,9,474,1998,0
140,2,9,474,1999,0
140,2,9,474,2000,0
140,2,9,474,2001,0
140,2,9,474,2002,0
140,2,9,474,2003,0
140,2,9,474,2004,0
140,2,9,474,2005,0
140,2,9,474,2006,0
140,2,9,474,2007,0
140,2,9,474,2008,0
140,2,9,474,2009,0
140,2,9,474,2010,0
140,2,9,474,2011,0
140,2,9,474,2012,0
140,2,9,474,2013,0
140,2,9,474,2014,0
140,2,9,474,2015,0
140,2,9,474,2016,0
140,2,9,474,2017,0
140,2,10,474,1990,0
140,2,10,474,1991,0
140,2,10,474,1992,0
140,2,10,474,1993,0
140,2,10,474,1994,0
140,2,10,474,1995,0
140,2,10,474,1996,0
140,2,10,474,1997,0
140,2,10,474,1998,0
140,2,10,474,1999,0
140,2,10,474,2000,0
140,2,10,474,2001,0.01
140,2,10,474,2002,0.01
140,2,10,474,2003,0.01
140,2,10,474,2004,0.01
140,2,10,474,2005,0.01
140,2,10,474,2006,0.01
140,2,10,474,2007,0.01
140,2,10,474,2008,0.01
140,2,10,474,2009,0.01
140,2,10,474,2010,0.01
140,2,10,474,2011,0.01
140,2,10,474,2012,0.01
140,2,10,474,2013,0.01
140,2,10,474,2014,0.01
140,2,10,474,2015,0.01
140,2,10,474,2016,0.01
140,2,10,474,2017,0
140,2,11,474,1990,0.01
140,2,11,474,1991,0.01
140,2,11,474,1992,0.01
140,2,11,474,1993,0.01
140,2,11,474,1994,0.01
140,2,11,474,1995,0.01
140,2,11,474,1996,0.01
140,2,11,474,1997,0.01
140,2,11,474,1998,0.01
140,2,11,474,1999,0.01
140,2,11,474,2000,0.01
140,2,11,474,2001,0.01
140,2,11,474,2002,0.01
140,2,11,474,2003,0.01
140,2,11,474,2004,0.01
140,2,11,474,2005,0.01
140,2,11,474,2006,0.01
140,2,11,474,2007,0.01
140,2,11,474,2008,0.01
140,2,11,474,2009,0.01
140,2,11,474,2010,0.01
140,2,11,474,2011,0.01
140,2,11,474,2012,0.01
140,2,11,474,2013,0.01
140,2,11,474,2014,0.01
140,2,11,474,2015,0.01
140,2,11,474,2016,0.01
140,2,11,474,2017,0.01
140,2,12,474,1990,0.01
140,2,12,474,1991,0.01
140,2,12,474,1992,0.01
140,2,12,474,1993,0.01
140,2,12,474,1994,0.01
140,2,12,474,1995,0.01
140,2,12,474,1996,0.01
140,2,12,474,1997,0.01
140,2,12,474,1998,0.02
140,2,12,474,1999,0.02
140,2,12,474,2000,0.02
140,2,12,474,2001,0.02
140,2,12,474,2002,0.02
140,2,12,474,2003,0.02
140,2,12,474,2004,0.02
140,2,12,474,2005,0.02
140,2,12,474,2006,0.02
140,2,12,474,2007,0.02
140,2,12,474,2008,0.01
140,2,12,474,2009,0.01
140,2,12,474,2010,0.01
140,2,12,474,2011,0.02
140,2,12,474,2012,0.02
140,2,12,474,2013,0.02
140,2,12,474,2014,0.02
140,2,12,474,2015,0.02
140,2,12,474,2016,0.02
140,2,12,474,2017,0.02
140,2,13,474,1990,0.02
140,2,13,474,1991,0.02
140,2,13,474,1992,0.02
140,2,13,474,1993,0.02
140,2,13,474,1994,0.03
140,2,13,474,1995,0.03
140,2,13,474,1996,0.03
140,2,13,474,1997,0.04
140,2,13,474,1998,0.04
140,2,13,474,1999,0.05
140,2,13,474,2000,0.05
140,2,13,474,2001,0.05
140,2,13,474,2002,0.05
140,2,13,474,2003,0.05
140,2,13,474,2004,0.05
140,2,13,474,2005,0.05
140,2,13,474,2006,0.05
140,2,13,474,2007,0.04
140,2,13,474,2008,0.04
140,2,13,474,2009,0.04
140,2,13,474,2010,0.04
140,2,13,474,2011,0.04
140,2,13,474,2012,0.04
140,2,13,474,2013,0.04
140,2,13,474,2014,0.05
140,2,13,474,2015,0.05
140,2,13,474,2016,0.05
140,2,13,474,2017,0.05
140,2,14,474,1990,0.02
140,2,14,474,1991,0.02
140,2,14,474,1992,0.02
140,2,14,474,1993,0.02
140,2,14,474,1994,0.02
140,2,14,474,1995,0.02
140,2,14,474,1996,0.02
140,2,14,474,1997,0.02
140,2,14,474,1998,0.03
140,2,14,474,1999,0.03
140,2,14,474,2000,0.04
140,2,14,474,2001,0.04
140,2,14,474,2002,0.05
140,2,14,474,2003,0.05
140,2,14,474,2004,0.05
140,2,14,474,2005,0.05
140,2,14,474,2006,0.05
140,2,14,474,2007,0.05
140,2,14,474,2008,0.05
140,2,14,474,2009,0.05
140,2,14,474,2010,0.05
140,2,14,474,2011,0.05
140,2,14,474,2012,0.05
140,2,14,474,2013,0.05
140,2,14,474,2014,0.05
140,2,14,474,2015,0.06
140,2,14,474,2016,0.06
140,2,14,474,2017,0.06
140,2,15,474,1990,0.05
140,2,15,474,1991,0.05
140,2,15,474,1992,0.05
140,2,15,474,1993,0.05
140,2,15,474,1994,0.05
140,2,15,474,1995,0.05
140,2,15,474,1996,0.05
140,2,15,474,1997,0.05
140,2,15,474,1998,0.05
140,2,15,474,1999,0.05
140,2,15,474,2000,0.05
140,2,15,474,2001,0.05
140,2,15,474,2002,0.05
140,2,15,474,2003,0.06
140,2,15,474,2004,0.06
140,2,15,474,2005,0.07
140,2,15,474,2006,0.07
140,2,15,474,2007,0.08
140,2,15,474,2008,0.08
140,2,15,474,2009,0.08
140,2,15,474,2010,0.08
140,2,15,474,2011,0.1
140,2,15,474,2012,0.11
140,2,15,474,2013,0.11
140,2,15,474,2014,0.12
140,2,15,474,2015,0.13
140,2,15,474,2016,0.13
140,2,15,474,2017,0.13
140,2,16,474,1990,0.08
140,2,16,474,1991,0.08
140,2,16,474,1992,0.09
140,2,16,474,1993,0.09
140,2,16,474,1994,0.1
140,2,16,474,1995,0.09
140,2,16,474,1996,0.09
140,2,16,474,1997,0.08
140,2,16,474,1998,0.09
140,2,16,474,1999,0.09
140,2,16,474,2000,0.07
140,2,16,474,2001,0.07
140,2,16,474,2002,0.07
140,2,16,474,2003,0.07
140,2,16,474,2004,0.08
140,2,16,474,2005,0.08
140,2,16,474,2006,0.08
140,2,16,474,2007,0.09
140,2,16,474,2008,0.09
140,2,16,474,2009,0.11
140,2,16,474,2010,0.11
140,2,16,474,2011,0.12
140,2,16,474,2012,0.13
140,2,16,474,2013,0.14
140,2,16,474,2014,0.15
140,2,16,474,2015,0.16
140,2,16,474,2016,0.18
140,2,16,474,2017,0.19
140,2,17,474,1990,0.11
140,2,17,474,1991,0.12
140,2,17,474,1992,0.11
140,2,17,474,1993,0.11
140,2,17,474,1994,0.11
140,2,17,474,1995,0.12
140,2,17,474,1996,0.12
140,2,17,474,1997,0.12
140,2,17,474,1998,0.14
140,2,17,474,1999,0.15
140,2,17,474,2000,0.13
140,2,17,474,2001,0.12
140,2,17,474,2002,0.13
140,2,17,474,2003,0.12
140,2,17,474,2004,0.12
140,2,17,474,2005,0.12
140,2,17,474,2006,0.11
140,2,17,474,2007,0.11
140,2,17,474,2008,0.1
140,2,17,474,2009,0.1
140,2,17,474,2010,0.11
140,2,17,474,2011,0.11
140,2,17,474,2012,0.11
140,2,17,474,2013,0.12
140,2,17,474,2014,0.15
140,2,17,474,2015,0.17
140,2,17,474,2016,0.19
140,2,17,474,2017,0.22
140,2,18,474,1990,0.14
140,2,18,474,1991,0.15
140,2,18,474,1992,0.17
140,2,18,474,1993,0.18
140,2,18,474,1994,0.2
140,2,18,474,1995,0.21
140,2,18,474,1996,0.21
140,2,18,474,1997,0.21
140,2,18,474,1998,0.25
140,2,18,474,1999,0.25
140,2,18,474,2000,0.22
140,2,18,474,2001,0.22
140,2,18,474,2002,0.23
140,2,18,474,2003,0.24
140,2,18,474,2004,0.26
140,2,18,474,2005,0.24
140,2,18,474,2006,0.22
140,2,18,474,2007,0.21
140,2,18,474,2008,0.18
140,2,18,474,2009,0.17
140,2,18,474,2010,0.17
140,2,18,474,2011,0.17
140,2,18,474,2012,0.18
140,2,18,474,2013,0.19
140,2,18,474,2014,0.21
140,2,18,474,2015,0.22
140,2,18,474,2016,0.23
140,2,18,474,2017,0.26
140,2,19,474,1990,0.19
140,2,19,474,1991,0.2
140,2,19,474,1992,0.22
140,2,19,474,1993,0.23
140,2,19,474,1994,0.24
140,2,19,474,1995,0.24
140,2,19,474,1996,0.26
140,2,19,474,1997,0.27
140,2,19,474,1998,0.33
140,2,19,474,1999,0.36
140,2,19,474,2000,0.32
140,2,19,474,2001,0.34
140,2,19,474,2002,0.36
140,2,19,474,2003,0.35
140,2,19,474,2004,0.35
140,2,19,474,2005,0.32
140,2,19,474,2006,0.3
140,2,19,474,2007,0.31
140,2,19,474,2008,0.3
140,2,19,474,2009,0.3
140,2,19,474,2010,0.32
140,2,19,474,2011,0.35
140,2,19,474,2012,0.36
140,2,19,474,2013,0.35
140,2,19,474,2014,0.36
140,2,19,474,2015,0.36
140,2,19,474,2016,0.36
140,2,19,474,2017,0.36
140,2,20,474,1990,0.2
140,2,20,474,1991,0.23
140,2,20,474,1992,0.27
140,2,20,474,1993,0.29
140,2,20,474,1994,0.3
140,2,20,474,1995,0.3
140,2,20,474,1996,0.3
140,2,20,474,1997,0.29
140,2,20,474,1998,0.35
140,2,20,474,1999,0.37
140,2,20,474,2000,0.32
140,2,20,474,2001,0.35
140,2,20,474,2002,0.39
140,2,20,474,2003,0.41
140,2,20,474,2004,0.44
140,2,20,474,2005,0.44
140,2,20,474,2006,0.41
140,2,20,474,2007,0.43
140,2,20,474,2008,0.42
140,2,20,474,2009,0.41
140,2,20,474,2010,0.43
140,2,20,474,2011,0.47
140,2,20,474,2012,0.51
140,2,20,474,2013,0.55
140,2,20,474,2014,0.61
140,2,20,474,2015,0.63
140,2,20,474,2016,0.62
140,2,20,474,2017,0.61
140,2,22,474,1990,1.19
140,2,22,474,1991,1.27
140,2,22,474,1992,1.34
140,2,22,474,1993,1.4
140,2,22,474,1994,1.45
140,2,22,474,1995,1.48
140,2,22,474,1996,1.52
140,2,22,474,1997,1.53
140,2,22,474,1998,1.84
140,2,22,474,1999,1.92
140,2,22,474,2000,1.74
140,2,22,474,2001,1.84
140,2,22,474,2002,1.96
140,2,22,474,2003,1.97
140,2,22,474,2004,2.04
140,2,22,474,2005,1.98
140,2,22,474,2006,1.88
140,2,22,474,2007,1.95
140,2,22,474,2008,1.89
140,2,22,474,2009,1.88
140,2,22,474,2010,2.04
140,2,22,474,2011,2.23
140,2,22,474,2012,2.37
140,2,22,474,2013,2.5
140,2,22,474,2014,2.75
140,2,22,474,2015,2.86
140,2,22,474,2016,2.97
140,2,22,474,2017,3.11
140,2,30,474,1990,0.2
140,2,30,474,1991,0.2
140,2,30,474,1992,0.2
140,2,30,474,1993,0.2
140,2,30,474,1994,0.21
140,2,30,474,1995,0.22
140,2,30,474,1996,0.25
140,2,30,474,1997,0.26
140,2,30,474,1998,0.32
140,2,30,474,1999,0.34
140,2,30,474,2000,0.29
140,2,30,474,2001,0.3
140,2,30,474,2002,0.31
140,2,30,474,2003,0.3
140,2,30,474,2004,0.31
140,2,30,474,2005,0.3
140,2,30,474,2006,0.3
140,2,30,474,2007,0.33
140,2,30,474,2008,0.34
140,2,30,474,2009,0.35
140,2,30,474,2010,0.4
140,2,30,474,2011,0.44
140,2,30,474,2012,0.46
140,2,30,474,2013,0.48
140,2,30,474,2014,0.53
140,2,30,474,2015,0.54
140,2,30,474,2016,0.57
140,2,30,474,2017,0.61
140,2,31,474,1990,0.11
140,2,31,474,1991,0.11
140,2,31,474,1992,0.11
140,2,31,474,1993,0.11
140,2,31,474,1994,0.12
140,2,31,474,1995,0.12
140,2,31,474,1996,0.12
140,2,31,474,1997,0.11
140,2,31,474,1998,0.14
140,2,31,474,1999,0.15
140,2,31,474,2000,0.15
140,2,31,474,2001,0.19
140,2,31,474,2002,0.22
140,2,31,474,2003,0.22
140,2,31,474,2004,0.23
140,2,31,474,2005,0.21
140,2,31,474,2006,0.19
140,2,31,474,2007,0.19
140,2,31,474,2008,0.18
140,2,31,474,2009,0.18
140,2,31,474,2010,0.21
140,2,31,474,2011,0.24
140,2,31,474,2012,0.28
140,2,31,474,2013,0.31
140,2,31,474,2014,0.35
140,2,31,474,2015,0.38
140,2,31,474,2016,0.39
140,2,31,474,2017,0.4
140,2,32,474,1990,0.04
140,2,32,474,1991,0.04
140,2,32,474,1992,0.04
140,2,32,474,1993,0.04
140,2,32,474,1994,0.04
140,2,32,474,1995,0.03
140,2,32,474,1996,0.03
140,2,32,474,1997,0.03
140,2,32,474,1998,0.04
140,2,32,474,1999,0.04
140,2,32,474,2000,0.04
140,2,32,474,2001,0.04
140,2,32,474,2002,0.04
140,2,32,474,2003,0.05
140,2,32,474,2004,0.05
140,2,32,474,2005,0.06
140,2,32,474,2006,0.06
140,2,32,474,2007,0.06
140,2,32,474,2008,0.06
140,2,32,474,2009,0.06
140,2,32,474,2010,0.07
140,2,32,474,2011,0.08
140,2,32,474,2012,0.09
140,2,32,474,2013,0.09
140,2,32,474,2014,0.1
140,2,32,474,2015,0.11
140,2,32,474,2016,0.12
140,2,32,474,2017,0.14
140,2,235,474,1990,0
140,2,235,474,1991,0
140,2,235,474,1992,0
140,2,235,474,1993,0
140,2,235,474,1994,0.01
140,2,235,474,1995,0.01
140,2,235,474,1996,0.01
140,2,235,474,1997,0.01
140,2,235,474,1998,0.01
140,2,235,474,1999,0.01
140,2,235,474,2000,0
140,2,235,474,2001,0
140,2,235,474,2002,0
140,2,235,474,2003,0
140,2,235,474,2004,0.01
140,2,235,474,2005,0.01
140,2,235,474,2006,0.01
140,2,235,474,2007,0.01
140,2,235,474,2008,0.01
140,2,235,474,2009,0.01
140,2,235,474,2010,0.01
140,2,235,474,2011,0.01
140,2,235,474,2012,0.02
140,2,235,474,2013,0.02
140,2,235,474,2014,0.02
140,2,235,474,2015,0.02
140,2,235,474,2016,0.02
140,2,235,474,2017,0.03
141,2,8,474,1990,0.8
141,2,8,474,1991,0.82
141,2,8,474,1992,0.84
141,2,8,474,1993,0.89
141,2,8,474,1994,0.93
141,2,8,474,1995,0.94
141,2,8,474,1996,1
141,2,8,474,1997,1.06
141,2,8,474,1998,1.09
141,2,8,474,1999,1.08
141,2,8,474,2000,0.99
141,2,8,474,2001,1.07
141,2,8,474,2002,1.14
141,2,8,474,2003,1.18
141,2,8,474,2004,1.19
141,2,8,474,2005,1.2
141,2,8,474,2006,1.15
141,2,8,474,2007,1.12
141,2,8,474,2008,1.07
141,2,8,474,2009,1.03
141,2,8,474,2010,1
141,2,8,474,2011,1.02
141,2,8,474,2012,1.04
141,2,8,474,2013,1.04
141,2,8,474,2014,1.08
141,2,8,474,2015,1.08
141,2,8,474,2016,1.15
141,2,8,474,2017,1.17
141,2,9,474,1990,3.52
141,2,9,474,1991,3.6
141,2,9,474,1992,3.63
141,2,9,474,1993,3.74
141,2,9,474,1994,3.79
141,2,9,474,1995,3.75
141,2,9,474,1996,3.9
141,2,9,474,1997,4.04
141,2,9,474,1998,4.08
141,2,9,474,1999,4.2
141,2,9,474,2000,4.16
141,2,9,474,2001,4.44
141,2,9,474,2002,4.66
141,2,9,474,2003,4.8
141,2,9,474,2004,4.91
141,2,9,474,2005,5.07
141,2,9,474,2006,4.97
141,2,9,474,2007,4.97
141,2,9,474,2008,4.89
141,2,9,474,2009,4.77
141,2,9,474,2010,4.66
141,2,9,474,2011,4.54
141,2,9,474,2012,4.55
141,2,9,474,2013,4.46
141,2,9,474,2014,4.61
141,2,9,474,2015,4.77
141,2,9,474,2016,5.06
141,2,9,474,2017,5.1
141,2,10,474,1990,8.22
141,2,10,474,1991,8.46
141,2,10,474,1992,8.57
141,2,10,474,1993,8.84
141,2,10,474,1994,8.9
141,2,10,474,1995,8.71
141,2,10,474,1996,8.9
141,2,10,474,1997,8.97
141,2,10,474,1998,8.83
141,2,10,474,1999,8.53
141,2,10,474,2000,8.02
141,2,10,474,2001,8.39
141,2,10,474,2002,8.63
141,2,10,474,2003,8.91
141,2,10,474,2004,9.14
141,2,10,474,2005,9.47
141,2,10,474,2006,9.34
141,2,10,474,2007,9.21
141,2,10,474,2008,9.23
141,2,10,474,2009,9.29
141,2,10,474,2010,9.35
141,2,10,474,2011,9.29
141,2,10,474,2012,9.69
141,2,10,474,2013,9.67
141,2,10,474,2014,10.2
141,2,10,474,2015,10.63
141,2,10,474,2016,11.17
141,2,10,474,2017,11.1
141,2,11,474,1990,9.88
141,2,11,474,1991,10.11
141,2,11,474,1992,10.22
141,2,11,474,1993,10.56
141,2,11,474,1994,10.7
141,2,11,474,1995,10.6
141,2,11,474,1996,10.97
141,2,11,474,1997,11.23
141,2,11,474,1998,11.18
141,2,11,474,1999,10.98
141,2,11,474,2000,10.57
141,2,11,474,2001,11.21
141,2,11,474,2002,11.54
141,2,11,474,2003,11.82
141,2,11,474,2004,11.98
141,2,11,474,2005,12.3
141,2,11,474,2006,12.07
141,2,11,474,2007,11.89
141,2,11,474,2008,12.01
141,2,11,474,2009,12.4
141,2,11,474,2010,12.78
141,2,11,474,2011,12.41
141,2,11,474,2012,13.17
141,2,11,474,2013,13.12
141,2,11,474,2014,13.92
141,2,11,474,2015,15.06
141,2,11,474,2016,15.81
141,2,11,474,2017,16.18
141,2,12,474,1990,21.12
141,2,12,474,1991,21.31
141,2,12,474,1992,21.15
141,2,12,474,1993,21.75
141,2,12,474,1994,21.92
141,2,12,474,1995,21.43
141,2,12,474,1996,22.22
141,2,12,474,1997,22.74
141,2,12,474,1998,22.54
141,2,12,474,1999,21.22
141,2,12,474,2000,18.82
141,2,12,474,2001,19.78
141,2,12,474,2002,20.27
141,2,12,474,2003,20.74
141,2,12,474,2004,20.81
141,2,12,474,2005,21.06
141,2,12,474,2006,20.37
141,2,12,474,2007,19.51
141,2,12,474,2008,19.38
141,2,12,474,2009,19.63
141,2,12,474,2010,19.89
141,2,12,474,2011,19.36
141,2,12,474,2012,20.55
141,2,12,474,2013,20.72
141,2,12,474,2014,22.22
141,2,12,474,2015,24.38
141,2,12,474,2016,25.58
141,2,12,474,2017,26.43
141,2,13,474,1990,30.35
141,2,13,474,1991,31.28
141,2,13,474,1992,32.29
141,2,13,474,1993,33.39
141,2,13,474,1994,33.3
141,2,13,474,1995,32.03
141,2,13,474,1996,32.5
141,2,13,474,1997,32.82
141,2,13,474,1998,32.48
141,2,13,474,1999,32.27
141,2,13,474,2000,32.14
141,2,13,474,2001,34.35
141,2,13,474,2002,35.85
141,2,13,474,2003,37.21
141,2,13,474,2004,37.93
141,2,13,474,2005,39.03
141,2,13,474,2006,38.38
141,2,13,474,2007,36.9
141,2,13,474,2008,37.25
141,2,13,474,2009,37.99
141,2,13,474,2010,38.33
141,2,13,474,2011,36.24
141,2,13,474,2012,37.46
141,2,13,474,2013,36.69
141,2,13,474,2014,38.31
141,2,13,474,2015,41.17
141,2,13,474,2016,42.63
141,2,13,474,2017,43.97
141,2,14,474,1990,32.25
141,2,14,474,1991,32.81
141,2,14,474,1992,32.58
141,2,14,474,1993,33.93
141,2,14,474,1994,34.79
141,2,14,474,1995,35.01
141,2,14,474,1996,36.92
141,2,14,474,1997,38.88
141,2,14,474,1998,39.06
141,2,14,474,1999,39.46
141,2,14,474,2000,38.55
141,2,14,474,2001,40.93
141,2,14,474,2002,42.59
141,2,14,474,2003,44.22
141,2,14,474,2004,45.32
141,2,14,474,2005,46.92
141,2,14,474,2006,46.45
141,2,14,474,2007,45.07
141,2,14,474,2008,45.88
141,2,14,474,2009,47.44
141,2,14,474,2010,48.62
141,2,14,474,2011,46.62
141,2,14,474,2012,48.61
141,2,14,474,2013,47.47
141,2,14,474,2014,49
141,2,14,474,2015,51.9
141,2,14,474,2016,52.64
141,2,14,474,2017,53.22
141,2,15,474,1990,47.22
141,2,15,474,1991,47.95
141,2,15,474,1992,48.06
141,2,15,474,1993,49.56
141,2,15,474,1994,50.12
141,2,15,474,1995,49.47
141,2,15,474,1996,50.74
141,2,15,474,1997,50.52
141,2,15,474,1998,50.27
141,2,15,474,1999,49.06
141,2,15,474,2000,47.34
141,2,15,474,2001,50.88
141,2,15,474,2002,53.9
141,2,15,474,2003,55.71
141,2,15,474,2004,56.42
141,2,15,474,2005,57.21
141,2,15,474,2006,56.05
141,2,15,474,2007,54.2
141,2,15,474,2008,55.15
141,2,15,474,2009,57.15
141,2,15,474,2010,58.71
141,2,15,474,2011,58.31
141,2,15,474,2012,61.19
141,2,15,474,2013,60.63
141,2,15,474,2014,63.1
141,2,15,474,2015,67.4
141,2,15,474,2016,68.64
141,2,15,474,2017,69.56
141,2,16,474,1990,35.57
141,2,16,474,1991,36.32
141,2,16,474,1992,36.82
141,2,16,474,1993,38.36
141,2,16,474,1994,39.21
141,2,16,474,1995,38.92
141,2,16,474,1996,40.43
141,2,16,474,1997,41
141,2,16,474,1998,40.94
141,2,16,474,1999,42.49
141,2,16,474,2000,44.59
141,2,16,474,2001,46.71
141,2,16,474,2002,46.93
141,2,16,474,2003,48.28
141,2,16,474,2004,49.55
141,2,16,474,2005,51.78
141,2,16,474,2006,51.81
141,2,16,474,2007,51.92
141,2,16,474,2008,53.3
141,2,16,474,2009,55.16
141,2,16,474,2010,56.11
141,2,16,474,2011,54.61
141,2,16,474,2012,57.34
141,2,16,474,2013,56.93
141,2,16,474,2014,60.01
141,2,16,474,2015,64.56
141,2,16,474,2016,67.21
141,2,16,474,2017,69.25
141,2,17,474,1990,36.23
141,2,17,474,1991,36.83
141,2,17,474,1992,37.29
141,2,17,474,1993,38.73
141,2,17,474,1994,39.51
141,2,17,474,1995,39.21
141,2,17,474,1996,40.92
141,2,17,474,1997,42.11
141,2,17,474,1998,42.35
141,2,17,474,1999,42.3
141,2,17,474,2000,40.88
141,2,17,474,2001,42.82
141,2,17,474,2002,43.28
141,2,17,474,2003,44.08
141,2,17,474,2004,44.84
141,2,17,474,2005,46.14
141,2,17,474,2006,45.04
141,2,17,474,2007,42.7
141,2,17,474,2008,43.3
141,2,17,474,2009,45.18
141,2,17,474,2010,47.15
141,2,17,474,2011,48.15
141,2,17,474,2012,52.16
141,2,17,474,2013,52.57
141,2,17,474,2014,55.05
141,2,17,474,2015,58.01
141,2,17,474,2016,60.05
141,2,17,474,2017,61.7
141,2,18,474,1990,42.19
141,2,18,474,1991,42.55
141,2,18,474,1992,42.9
141,2,18,474,1993,44.5
141,2,18,474,1994,45.43
141,2,18,474,1995,45.17
141,2,18,474,1996,46.41
141,2,18,474,1997,47.25
141,2,18,474,1998,47.1
141,2,18,474,1999,45.89
141,2,18,474,2000,43.38
141,2,18,474,2001,45.44
141,2,18,474,2002,45.91
141,2,18,474,2003,46.26
141,2,18,474,2004,46.41
141,2,18,474,2005,46.93
141,2,18,474,2006,45.53
141,2,18,474,2007,43.64
141,2,18,474,2008,43.97
141,2,18,474,2009,45.46
141,2,18,474,2010,46.89
141,2,18,474,2011,46.3
141,2,18,474,2012,47.56
141,2,18,474,2013,47.51
141,2,18,474,2014,50.56
141,2,18,474,2015,55.3
141,2,18,474,2016,59.02
141,2,18,474,2017,63.24
141,2,19,474,1990,24.98
141,2,19,474,1991,25.98
141,2,19,474,1992,26.46
141,2,19,474,1993,27.48
141,2,19,474,1994,27.96
141,2,19,474,1995,27.75
141,2,19,474,1996,28.84
141,2,19,474,1997,30.03
141,2,19,474,1998,30.71
141,2,19,474,1999,30.84
141,2,19,474,2000,29.7
141,2,19,474,2001,31.52
141,2,19,474,2002,32.31
141,2,19,474,2003,33
141,2,19,474,2004,33.53
141,2,19,474,2005,34.19
141,2,19,474,2006,33.63
141,2,19,474,2007,32.57
141,2,19,474,2008,32.74
141,2,19,474,2009,33.54
141,2,19,474,2010,33.98
141,2,19,474,2011,33.81
141,2,19,474,2012,35.26
141,2,19,474,2013,34.87
141,2,19,474,2014,36.71
141,2,19,474,2015,39.43
141,2,19,474,2016,41.39
141,2,19,474,2017,42.17
141,2,20,474,1990,14.46
141,2,20,474,1991,14.58
141,2,20,474,1992,14.92
141,2,20,474,1993,15.77
141,2,20,474,1994,16.52
141,2,20,474,1995,17.02
141,2,20,474,1996,18.28
141,2,20,474,1997,19.21
141,2,20,474,1998,19.62
141,2,20,474,1999,19.49
141,2,20,474,2000,18.7
141,2,20,474,2001,19.83
141,2,20,474,2002,20.49
141,2,20,474,2003,21.16
141,2,20,474,2004,21.84
141,2,20,474,2005,22.67
141,2,20,474,2006,22.49
141,2,20,474,2007,22.1
141,2,20,474,2008,22.66
141,2,20,474,2009,23.46
141,2,20,474,2010,23.94
141,2,20,474,2011,24.16
141,2,20,474,2012,25.28
141,2,20,474,2013,24.71
141,2,20,474,2014,25.7
141,2,20,474,2015,27.1
141,2,20,474,2016,28.3
141,2,20,474,2017,29.2
141,2,22,474,1990,326.58
141,2,22,474,1991,332.69
141,2,22,474,1992,336.12
141,2,22,474,1993,348.58
141,2,22,474,1994,354.65
141,2,22,474,1995,351.89
141,2,22,474,1996,364.78
141,2,22,474,1997,373.65
141,2,22,474,1998,374.91
141,2,22,474,1999,372.79
141,2,22,474,2000,362.66
141,2,22,474,2001,384.42
141,2,22,474,2002,395.97
141,2,22,474,2003,407.14
141,2,22,474,2004,414.84
141,2,22,474,2005,426.28
141,2,22,474,2006,419.6
141,2,22,474,2007,408.01
141,2,22,474,2008,414.02
141,2,22,474,2009,426.69
141,2,22,474,2010,436.27
141,2,22,474,2011,430.24
141,2,22,474,2012,450.6
141,2,22,474,2013,446.94
141,2,22,474,2014,468.65
141,2,22,474,2015,501.24
141,2,22,474,2016,521.46
141,2,22,474,2017,537.22
141,2,30,474,1990,11.13
141,2,30,474,1991,11.28
141,2,30,474,1992,11.47
141,2,30,474,1993,11.92
141,2,30,474,1994,12.28
141,2,30,474,1995,12.51
141,2,30,474,1996,13.05
141,2,30,474,1997,13.81
141,2,30,474,1998,14.48
141,2,30,474,1999,14.83
141,2,30,474,2000,14.84
141,2,30,474,2001,16.27
141,2,30,474,2002,17
141,2,30,474,2003,17.6
141,2,30,474,2004,18.08
141,2,30,474,2005,18.62
141,2,30,474,2006,18.42
141,2,30,474,2007,18.16
141,2,30,474,2008,18.73
141,2,30,474,2009,19.42
141,2,30,474,2010,19.86
141,2,30,474,2011,20.06
141,2,30,474,2012,20.89
141,2,30,474,2013,20.64
141,2,30,474,2014,21.52
141,2,30,474,2015,22.7
141,2,30,474,2016,23.97
141,2,30,474,2017,24.94
141,2,31,474,1990,6.21
141,2,31,474,1991,6.3
141,2,31,474,1992,6.36
141,2,31,474,1993,6.51
141,2,31,474,1994,6.59
141,2,31,474,1995,6.63
141,2,31,474,1996,6.86
141,2,31,474,1997,7.1
141,2,31,474,1998,7.27
141,2,31,474,1999,7.28
141,2,31,474,2000,7.18
141,2,31,474,2001,7.72
141,2,31,474,2002,8.23
141,2,31,474,2003,8.77
141,2,31,474,2004,9.33
141,2,31,474,2005,9.94
141,2,31,474,2006,10.13
141,2,31,474,2007,10.15
141,2,31,474,2008,10.37
141,2,31,474,2009,10.53
141,2,31,474,2010,10.55
141,2,31,474,2011,10.72
141,2,31,474,2012,11.01
141,2,31,474,2013,11.04
141,2,31,474,2014,11.54
141,2,31,474,2015,12.3
141,2,31,474,2016,13.01
141,2,31,474,2017,13.74
141,2,32,474,1990,2.08
141,2,32,474,1991,2.13
141,2,32,474,1992,2.18
141,2,32,474,1993,2.25
141,2,32,474,1994,2.3
141,2,32,474,1995,2.33
141,2,32,474,1996,2.39
141,2,32,474,1997,2.44
141,2,32,474,1998,2.46
141,2,32,474,1999,2.43
141,2,32,474,2000,2.38
141,2,32,474,2001,2.59
141,2,32,474,2002,2.73
141,2,32,474,2003,2.85
141,2,32,474,2004,3
141,2,32,474,2005,3.15
141,2,32,474,2006,3.15
141,2,32,474,2007,3.27
141,2,32,474,2008,3.43
141,2,32,474,2009,3.6
141,2,32,474,2010,3.74
141,2,32,474,2011,3.92
141,2,32,474,2012,4.08
141,2,32,474,2013,4.09
141,2,32,474,2014,4.25
141,2,32,474,2015,4.49
141,2,32,474,2016,4.78
141,2,32,474,2017,5.09
141,2,235,474,1990,0.36
141,2,235,474,1991,0.37
141,2,235,474,1992,0.38
141,2,235,474,1993,0.4
141,2,235,474,1994,0.4
141,2,235,474,1995,0.41
141,2,235,474,1996,0.43
141,2,235,474,1997,0.44
141,2,235,474,1998,0.45
141,2,235,474,1999,0.45
141,2,235,474,2000,0.44
141,2,235,474,2001,0.49
141,2,235,474,2002,0.51
141,2,235,474,2003,0.54
141,2,235,474,2004,0.56
141,2,235,474,2005,0.59
141,2,235,474,2006,0.6
141,2,235,474,2007,0.62
141,2,235,474,2008,0.65
141,2,235,474,2009,0.67
141,2,235,474,2010,0.69
141,2,235,474,2011,0.71
141,2,235,474,2012,0.77
141,2,235,474,2013,0.8
141,2,235,474,2014,0.87
141,2,235,474,2015,0.96
141,2,235,474,2016,1.06
141,2,235,474,2017,1.14
142,2,8,474,1990,0.62
142,2,8,474,1991,0.64
142,2,8,474,1992,0.65
142,2,8,474,1993,0.66
142,2,8,474,1994,0.69
142,2,8,474,1995,0.71
142,2,8,474,1996,0.73
142,2,8,474,1997,0.77
142,2,8,474,1998,0.81
142,2,8,474,1999,0.85
142,2,8,474,2000,0.85
142,2,8,474,2001,0.85
142,2,8,474,2002,0.86
142,2,8,474,2003,0.86
142,2,8,474,2004,0.88
142,2,8,474,2005,0.89
142,2,8,474,2006,0.87
142,2,8,474,2007,0.84
142,2,8,474,2008,0.83
142,2,8,474,2009,0.82
142,2,8,474,2010,0.78
142,2,8,474,2011,0.78
142,2,8,474,2012,0.77
142,2,8,474,2013,0.75
142,2,8,474,2014,0.7
142,2,8,474,2015,0.63
142,2,8,474,2016,0.58
142,2,8,474,2017,0.56
142,2,9,474,1990,0.77
142,2,9,474,1991,0.77
142,2,9,474,1992,0.74
142,2,9,474,1993,0.73
142,2,9,474,1994,0.74
142,2,9,474,1995,0.76
142,2,9,474,1996,0.77
142,2,9,474,1997,0.78
142,2,9,474,1998,0.81
142,2,9,474,1999,0.86
142,2,9,474,2000,0.91
142,2,9,474,2001,0.97
142,2,9,474,2002,1.05
142,2,9,474,2003,1.12
142,2,9,474,2004,1.2
142,2,9,474,2005,1.25
142,2,9,474,2006,1.26
142,2,9,474,2007,1.35
142,2,9,474,2008,1.38
142,2,9,474,2009,1.43
142,2,9,474,2010,1.57
142,2,9,474,2011,1.58
142,2,9,474,2012,1.46
142,2,9,474,2013,1.3
142,2,9,474,2014,1.11
142,2,9,474,2015,0.96
142,2,9,474,2016,0.85
142,2,9,474,2017,0.75
142,2,10,474,1990,0.88
142,2,10,474,1991,0.9
142,2,10,474,1992,0.9
142,2,10,474,1993,0.89
142,2,10,474,1994,0.91
142,2,10,474,1995,0.91
142,2,10,474,1996,0.91
142,2,10,474,1997,0.91
142,2,10,474,1998,0.94
142,2,10,474,1999,0.98
142,2,10,474,2000,1.04
142,2,10,474,2001,1.1
142,2,10,474,2002,1.17
142,2,10,474,2003,1.23
142,2,10,474,2004,1.31
142,2,10,474,2005,1.38
142,2,10,474,2006,1.44
142,2,10,474,2007,1.6
142,2,10,474,2008,1.73
142,2,10,474,2009,1.86
142,2,10,474,2010,2.04
142,2,10,474,2011,2.08
142,2,10,474,2012,2
142,2,10,474,2013,1.91
142,2,10,474,2014,1.69
142,2,10,474,2015,1.4
142,2,10,474,2016,1.24
142,2,10,474,2017,1.11
142,2,11,474,1990,1.22
142,2,11,474,1991,1.25
142,2,11,474,1992,1.26
142,2,11,474,1993,1.27
142,2,11,474,1994,1.29
142,2,11,474,1995,1.31
142,2,11,474,1996,1.3
142,2,11,474,1997,1.3
142,2,11,474,1998,1.33
142,2,11,474,1999,1.38
142,2,11,474,2000,1.44
142,2,11,474,2001,1.49
142,2,11,474,2002,1.54
142,2,11,474,2003,1.6
142,2,11,474,2004,1.67
142,2,11,474,2005,1.71
142,2,11,474,2006,1.74
142,2,11,474,2007,1.83
142,2,11,474,2008,1.93
142,2,11,474,2009,2.03
142,2,11,474,2010,2.21
142,2,11,474,2011,2.36
142,2,11,474,2012,2.47
142,2,11,474,2013,2.54
142,2,11,474,2014,2.49
142,2,11,474,2015,2.31
142,2,11,474,2016,2.17
142,2,11,474,2017,2.08
142,2,12,474,1990,1.36
142,2,12,474,1991,1.4
142,2,12,474,1992,1.45
142,2,12,474,1993,1.47
142,2,12,474,1994,1.51
142,2,12,474,1995,1.54
142,2,12,474,1996,1.52
142,2,12,474,1997,1.5
142,2,12,474,1998,1.5
142,2,12,474,1999,1.54
142,2,12,474,2000,1.6
142,2,12,474,2001,1.66
142,2,12,474,2002,1.71
142,2,12,474,2003,1.77
142,2,12,474,2004,1.83
142,2,12,474,2005,1.87
142,2,12,474,2006,1.89
142,2,12,474,2007,1.84
142,2,12,474,2008,1.92
142,2,12,474,2009,1.99
142,2,12,474,2010,1.98
142,2,12,474,2011,2.08
142,2,12,474,2012,2.2
142,2,12,474,2013,2.33
142,2,12,474,2014,2.48
142,2,12,474,2015,2.53
142,2,12,474,2016,2.57
142,2,12,474,2017,2.66
142,2,13,474,1990,2.23
142,2,13,474,1991,2.3
142,2,13,474,1992,2.37
142,2,13,474,1993,2.43
142,2,13,474,1994,2.51
142,2,13,474,1995,2.57
142,2,13,474,1996,2.62
142,2,13,474,1997,2.68
142,2,13,474,1998,2.77
142,2,13,474,1999,2.89
142,2,13,474,2000,3.04
142,2,13,474,2001,3.14
142,2,13,474,2002,3.23
142,2,13,474,2003,3.33
142,2,13,474,2004,3.46
142,2,13,474,2005,3.57
142,2,13,474,2006,3.7
142,2,13,474,2007,3.73
142,2,13,474,2008,3.95
142,2,13,474,2009,4.16
142,2,13,474,2010,4.17
142,2,13,474,2011,4.3
142,2,13,474,2012,4.45
142,2,13,474,2013,4.56
142,2,13,474,2014,4.57
142,2,13,474,2015,4.58
142,2,13,474,2016,4.57
142,2,13,474,2017,4.6
142,2,14,474,1990,3.13
142,2,14,474,1991,3.18
142,2,14,474,1992,3.24
142,2,14,474,1993,3.35
142,2,14,474,1994,3.49
142,2,14,474,1995,3.58
142,2,14,474,1996,3.67
142,2,14,474,1997,3.81
142,2,14,474,1998,3.95
142,2,14,474,1999,4.16
142,2,14,474,2000,4.4
142,2,14,474,2001,4.66
142,2,14,474,2002,4.92
142,2,14,474,2003,5.18
142,2,14,474,2004,5.47
142,2,14,474,2005,5.76
142,2,14,474,2006,5.9
142,2,14,474,2007,5.95
142,2,14,474,2008,6.19
142,2,14,474,2009,6.44
142,2,14,474,2010,6.59
142,2,14,474,2011,6.82
142,2,14,474,2012,7.04
142,2,14,474,2013,7.28
142,2,14,474,2014,7.46
142,2,14,474,2015,7.69
142,2,14,474,2016,7.69
142,2,14,474,2017,7.61
142,2,15,474,1990,5.34
142,2,15,474,1991,5.23
142,2,15,474,1992,5.2
142,2,15,474,1993,5.17
142,2,15,474,1994,5.19
142,2,15,474,1995,5.22
142,2,15,474,1996,5.26
142,2,15,474,1997,5.34
142,2,15,474,1998,5.54
142,2,15,474,1999,5.89
142,2,15,474,2000,6.33
142,2,15,474,2001,6.65
142,2,15,474,2002,6.95
142,2,15,474,2003,7.35
142,2,15,474,2004,7.79
142,2,15,474,2005,8.34
142,2,15,474,2006,8.86
142,2,15,474,2007,9.34
142,2,15,474,2008,10.09
142,2,15,474,2009,10.79
142,2,15,474,2010,11.15
142,2,15,474,2011,11.54
142,2,15,474,2012,11.89
142,2,15,474,2013,12.23
142,2,15,474,2014,12.29
142,2,15,474,2015,12.36
142,2,15,474,2016,12.28
142,2,15,474,2017,12.25
142,2,16,474,1990,8.41
142,2,16,474,1991,8.33
142,2,16,474,1992,8.33
142,2,16,474,1993,8.24
142,2,16,474,1994,8.1
142,2,16,474,1995,7.94
142,2,16,474,1996,7.75
142,2,16,474,1997,7.66
142,2,16,474,1998,7.66
142,2,16,474,1999,7.87
142,2,16,474,2000,8.27
142,2,16,474,2001,8.7
142,2,16,474,2002,9.15
142,2,16,474,2003,9.68
142,2,16,474,2004,10.29
142,2,16,474,2005,11.05
142,2,16,474,2006,11.67
142,2,16,474,2007,12.47
142,2,16,474,2008,13.33
142,2,16,474,2009,14.25
142,2,16,474,2010,15.19
142,2,16,474,2011,15.83
142,2,16,474,2012,16.44
142,2,16,474,2013,17.31
142,2,16,474,2014,18.1
142,2,16,474,2015,18.62
142,2,16,474,2016,18.8
142,2,16,474,2017,18.61
142,2,17,474,1990,10.38
142,2,17,474,1991,10.55
142,2,17,474,1992,10.8
142,2,17,474,1993,10.95
142,2,17,474,1994,11.08
142,2,17,474,1995,11.1
142,2,17,474,1996,10.94
142,2,17,474,1997,10.85
142,2,17,474,1998,10.84
142,2,17,474,1999,10.97
142,2,17,474,2000,11.3
142,2,17,474,2001,11.59
142,2,17,474,2002,12.01
142,2,17,474,2003,12.49
142,2,17,474,2004,13.09
142,2,17,474,2005,13.87
142,2,17,474,2006,14.66
142,2,17,474,2007,15.49
142,2,17,474,2008,16.62
142,2,17,474,2009,17.87
142,2,17,474,2010,18.64
142,2,17,474,2011,19.29
142,2,17,474,2012,20.2
142,2,17,474,2013,21.48
142,2,17,474,2014,22.59
142,2,17,474,2015,23.4
142,2,17,474,2016,24.23
142,2,17,474,2017,24.87
142,2,18,474,1990,14.02
142,2,18,474,1991,14.46
142,2,18,474,1992,14.97
142,2,18,474,1993,15.41
142,2,18,474,1994,15.77
142,2,18,474,1995,15.94
142,2,18,474,1996,16.04
142,2,18,474,1997,16.14
142,2,18,474,1998,16.35
142,2,18,474,1999,16.95
142,2,18,474,2000,17.84
142,2,18,474,2001,18.55
142,2,18,474,2002,19.27
142,2,18,474,2003,19.91
142,2,18,474,2004,20.47
142,2,18,474,2005,20.97
142,2,18,474,2006,21.69
142,2,18,474,2007,22.7
142,2,18,474,2008,24.1
142,2,18,474,2009,25.5
142,2,18,474,2010,25.92
142,2,18,474,2011,26.52
142,2,18,474,2012,27.56
142,2,18,474,2013,28.95
142,2,18,474,2014,29.88
142,2,18,474,2015,31.1
142,2,18,474,2016,32.17
142,2,18,474,2017,33.06
142,2,19,474,1990,16.12
142,2,19,474,1991,16.82
142,2,19,474,1992,17.9
142,2,19,474,1993,18.82
142,2,19,474,1994,19.69
142,2,19,474,1995,20.44
142,2,19,474,1996,20.83
142,2,19,474,1997,21.13
142,2,19,474,1998,21.6
142,2,19,474,1999,22.39
142,2,19,474,2000,23.75
142,2,19,474,2001,25.24
142,2,19,474,2002,26.81
142,2,19,474,2003,28.47
142,2,19,474,2004,30.3
142,2,19,474,2005,32.16
142,2,19,474,2006,33.9
142,2,19,474,2007,35.82
142,2,19,474,2008,37.62
142,2,19,474,2009,39.16
142,2,19,474,2010,39.58
142,2,19,474,2011,38.84
142,2,19,474,2012,38.4
142,2,19,474,2013,38.57
142,2,19,474,2014,39.49
142,2,19,474,2015,40.17
142,2,19,474,2016,40.2
142,2,19,474,2017,40.6
142,2,20,474,1990,11.84
142,2,20,474,1991,13.33
142,2,20,474,1992,14.89
142,2,20,474,1993,16.3
142,2,20,474,1994,17.7
142,2,20,474,1995,19.07
142,2,20,474,1996,20.08
142,2,20,474,1997,21.02
142,2,20,474,1998,22.25
142,2,20,474,1999,23.82
142,2,20,474,2000,25.93
142,2,20,474,2001,28.33
142,2,20,474,2002,30.77
142,2,20,474,2003,32.84
142,2,20,474,2004,35.3
142,2,20,474,2005,38
142,2,20,474,2006,40.77
142,2,20,474,2007,44.38
142,2,20,474,2008,48.95
142,2,20,474,2009,54.02
142,2,20,474,2010,57.43
142,2,20,474,2011,59.29
142,2,20,474,2012,59.96
142,2,20,474,2013,59.47
142,2,20,474,2014,57.61
142,2,20,474,2015,56.46
142,2,20,474,2016,54.77
142,2,20,474,2017,54.7
142,2,22,474,1990,101
142,2,22,474,1991,103.03
142,2,22,474,1992,106.91
142,2,22,474,1993,110.36
142,2,22,474,1994,114.27
142,2,22,474,1995,118.6
142,2,22,474,1996,121.26
142,2,22,474,1997,123.92
142,2,22,474,1998,128.1
142,2,22,474,1999,134.88
142,2,22,474,2000,144.66
142,2,22,474,2001,154.57
142,2,22,474,2002,165.23
142,2,22,474,2003,175.55
142,2,22,474,2004,187.94
142,2,22,474,2005,201.84
142,2,22,474,2006,214.8
142,2,22,474,2007,231.13
142,2,22,474,2008,250.46
142,2,22,474,2009,272.09
142,2,22,474,2010,289.23
142,2,22,474,2011,301.01
142,2,22,474,2012,311.65
142,2,22,474,2013,322.95
142,2,22,474,2014,330.87
142,2,22,474,2015,340.63
142,2,22,474,2016,346.21
142,2,22,474,2017,350.97
142,2,30,474,1990,9.83
142,2,30,474,1991,9.65
142,2,30,474,1992,10.44
142,2,30,474,1993,11.55
142,2,30,474,1994,13.13
142,2,30,474,1995,15.5
142,2,30,474,1996,17.49
142,2,30,474,1997,18.97
142,2,30,474,1998,20.43
142,2,30,474,1999,22.14
142,2,30,474,2000,24.13
142,2,30,474,2001,25.67
142,2,30,474,2002,27.48
142,2,30,474,2003,29.19
142,2,30,474,2004,31.89
142,2,30,474,2005,35.44
142,2,30,474,2006,39
142,2,30,474,2007,44
142,2,30,474,2008,48.48
142,2,30,474,2009,53.5
142,2,30,474,2010,58.43
142,2,30,474,2011,61.18
142,2,30,474,2012,64.06
142,2,30,474,2013,67.5
142,2,30,474,2014,69.26
142,2,30,474,2015,71.68
142,2,30,474,2016,72.3
142,2,30,474,2017,71.77
142,2,31,474,1990,9.78
142,2,31,474,1991,9.07
142,2,31,474,1992,8.56
142,2,31,474,1993,8
142,2,31,474,1994,7.56
142,2,31,474,1995,7.32
142,2,31,474,1996,7.13
142,2,31,474,1997,7.33
142,2,31,474,1998,7.99
142,2,31,474,1999,9.12
142,2,31,474,2000,10.81
142,2,31,474,2001,12.83
142,2,31,474,2002,14.72
142,2,31,474,2003,16.24
142,2,31,474,2004,17.83
142,2,31,474,2005,19.33
142,2,31,474,2006,20.36
142,2,31,474,2007,22.04
142,2,31,474,2008,24.73
142,2,31,474,2009,28.43
142,2,31,474,2010,32.28
142,2,31,474,2011,36.11
142,2,31,474,2012,39.02
142,2,31,474,2013,41.49
142,2,31,474,2014,43.98
142,2,31,474,2015,47.27
142,2,31,474,2016,50.23
142,2,31,474,2017,52.63
142,2,32,474,1990,4.54
142,2,32,474,1991,4.6
142,2,32,474,1992,4.63
142,2,32,474,1993,4.48
142,2,32,474,1994,4.24
142,2,32,474,1995,4
142,2,32,474,1996,3.58
142,2,32,474,1997,3.14
142,2,32,474,1998,2.81
142,2,32,474,1999,2.6
142,2,32,474,2000,2.57
142,2,32,474,2001,2.71
142,2,32,474,2002,3.14
142,2,32,474,2003,3.8
142,2,32,474,2004,4.66
142,2,32,474,2005,5.68
142,2,32,474,2006,6.5
142,2,32,474,2007,7.07
142,2,32,474,2008,7.81
142,2,32,474,2009,8.83
142,2,32,474,2010,10.02
142,2,32,474,2011,10.91
142,2,32,474,2012,11.98
142,2,32,474,2013,13.27
142,2,32,474,2014,14.84
142,2,32,474,2015,16.82
142,2,32,474,2016,18.56
142,2,32,474,2017,19.85
142,2,235,474,1990,0.53
142,2,235,474,1991,0.56
142,2,235,474,1992,0.6
142,2,235,474,1993,0.64
142,2,235,474,1994,0.67
142,2,235,474,1995,0.69
142,2,235,474,1996,0.65
142,2,235,474,1997,0.59
142,2,235,474,1998,0.53
142,2,235,474,1999,0.48
142,2,235,474,2000,0.45
142,2,235,474,2001,0.45
142,2,235,474,2002,0.46
142,2,235,474,2003,0.49
142,2,235,474,2004,0.52
142,2,235,474,2005,0.57
142,2,235,474,2006,0.6
142,2,235,474,2007,0.67
142,2,235,474,2008,0.8
142,2,235,474,2009,1.01
142,2,235,474,2010,1.27
142,2,235,474,2011,1.51
142,2,235,474,2012,1.74
142,2,235,474,2013,2.01
142,2,235,474,2014,2.32
142,2,235,474,2015,2.65
142,2,235,474,2016,2.99
142,2,235,474,2017,3.25
143,2,8,474,1990,0.23
143,2,8,474,1991,0.25
143,2,8,474,1992,0.27
143,2,8,474,1993,0.29
143,2,8,474,1994,0.29
143,2,8,474,1995,0.31
143,2,8,474,1996,0.33
143,2,8,474,1997,0.35
143,2,8,474,1998,0.35
143,2,8,474,1999,0.36
143,2,8,474,2000,0.38
143,2,8,474,2001,0.38
143,2,8,474,2002,0.4
143,2,8,474,2003,0.4
143,2,8,474,2004,0.4
143,2,8,474,2005,0.39
143,2,8,474,2006,0.38
143,2,8,474,2007,0.37
143,2,8,474,2008,0.38
143,2,8,474,2009,0.37
143,2,8,474,2010,0.38
143,2,8,474,2011,0.37
143,2,8,474,2012,0.37
143,2,8,474,2013,0.37
143,2,8,474,2014,0.36
143,2,8,474,2015,0.34
143,2,8,474,2016,0.35
143,2,8,474,2017,0.36
143,2,9,474,1990,0.29
143,2,9,474,1991,0.31
143,2,9,474,1992,0.38
143,2,9,474,1993,0.43
143,2,9,474,1994,0.45
143,2,9,474,1995,0.47
143,2,9,474,1996,0.5
143,2,9,474,1997,0.51
143,2,9,474,1998,0.51
143,2,9,474,1999,0.52
143,2,9,474,2000,0.55
143,2,9,474,2001,0.55
143,2,9,474,2002,0.57
143,2,9,474,2003,0.58
143,2,9,474,2004,0.58
143,2,9,474,2005,0.56
143,2,9,474,2006,0.51
143,2,9,474,2007,0.5
143,2,9,474,2008,0.51
143,2,9,474,2009,0.52
143,2,9,474,2010,0.54
143,2,9,474,2011,0.54
143,2,9,474,2012,0.56
143,2,9,474,2013,0.58
143,2,9,474,2014,0.55
143,2,9,474,2015,0.52
143,2,9,474,2016,0.52
143,2,9,474,2017,0.52
143,2,10,474,1990,0.41
143,2,10,474,1991,0.42
143,2,10,474,1992,0.5
143,2,10,474,1993,0.55
143,2,10,474,1994,0.59
143,2,10,474,1995,0.63
143,2,10,474,1996,0.7
143,2,10,474,1997,0.77
143,2,10,474,1998,0.79
143,2,10,474,1999,0.83
143,2,10,474,2000,0.89
143,2,10,474,2001,0.89
143,2,10,474,2002,0.92
143,2,10,474,2003,0.91
143,2,10,474,2004,0.91
143,2,10,474,2005,0.87
143,2,10,474,2006,0.8
143,2,10,474,2007,0.76
143,2,10,474,2008,0.77
143,2,10,474,2009,0.77
143,2,10,474,2010,0.76
143,2,10,474,2011,0.79
143,2,10,474,2012,0.83
143,2,10,474,2013,0.81
143,2,10,474,2014,0.84
143,2,10,474,2015,0.88
143,2,10,474,2016,0.88
143,2,10,474,2017,0.88
143,2,11,474,1990,0.63
143,2,11,474,1991,0.66
143,2,11,474,1992,0.74
143,2,11,474,1993,0.79
143,2,11,474,1994,0.83
143,2,11,474,1995,0.87
143,2,11,474,1996,0.94
143,2,11,474,1997,1
143,2,11,474,1998,1.04
143,2,11,474,1999,1.11
143,2,11,474,2000,1.21
143,2,11,474,2001,1.26
143,2,11,474,2002,1.35
143,2,11,474,2003,1.38
143,2,11,474,2004,1.38
143,2,11,474,2005,1.34
143,2,11,474,2006,1.26
143,2,11,474,2007,1.18
143,2,11,474,2008,1.16
143,2,11,474,2009,1.11
143,2,11,474,2010,1.08
143,2,11,474,2011,1.05
143,2,11,474,2012,1.05
143,2,11,474,2013,1.01
143,2,11,474,2014,1.01
143,2,11,474,2015,1.01
143,2,11,474,2016,1.04
143,2,11,474,2017,1.08
143,2,12,474,1990,0.99
143,2,12,474,1991,1.05
143,2,12,474,1992,1.14
143,2,12,474,1993,1.23
143,2,12,474,1994,1.29
143,2,12,474,1995,1.36
143,2,12,474,1996,1.47
143,2,12,474,1997,1.55
143,2,12,474,1998,1.57
143,2,12,474,1999,1.62
143,2,12,474,2000,1.73
143,2,12,474,2001,1.76
143,2,12,474,2002,1.87
143,2,12,474,2003,1.92
143,2,12,474,2004,1.96
143,2,12,474,2005,1.98
143,2,12,474,2006,1.97
143,2,12,474,2007,1.97
143,2,12,474,2008,2
143,2,12,474,2009,1.97
143,2,12,474,2010,1.9
143,2,12,474,2011,1.87
143,2,12,474,2012,1.83
143,2,12,474,2013,1.68
143,2,12,474,2014,1.65
143,2,12,474,2015,1.66
143,2,12,474,2016,1.66
143,2,12,474,2017,1.68
143,2,13,474,1990,1.69
143,2,13,474,1991,1.84
143,2,13,474,1992,2.02
143,2,13,474,1993,2.18
143,2,13,474,1994,2.29
143,2,13,474,1995,2.44
143,2,13,474,1996,2.6
143,2,13,474,1997,2.71
143,2,13,474,1998,2.75
143,2,13,474,1999,2.83
143,2,13,474,2000,3
143,2,13,474,2001,3
143,2,13,474,2002,3.11
143,2,13,474,2003,3.08
143,2,13,474,2004,3.04
143,2,13,474,2005,2.97
143,2,13,474,2006,2.89
143,2,13,474,2007,2.86
143,2,13,474,2008,2.92
143,2,13,474,2009,2.97
143,2,13,474,2010,3.04
143,2,13,474,2011,3.13
143,2,13,474,2012,3.24
143,2,13,474,2013,3.23
143,2,13,474,2014,3.21
143,2,13,474,2015,3.17
143,2,13,474,2016,3.17
143,2,13,474,2017,3.13
143,2,14,474,1990,2.83
143,2,14,474,1991,3.02
143,2,14,474,1992,3.31
143,2,14,474,1993,3.54
143,2,14,474,1994,3.68
143,2,14,474,1995,3.85
143,2,14,474,1996,4.16
143,2,14,474,1997,4.38
143,2,14,474,1998,4.45
143,2,14,474,1999,4.55
143,2,14,474,2000,4.8
143,2,14,474,2001,4.74
143,2,14,474,2002,4.88
143,2,14,474,2003,4.86
143,2,14,474,2004,4.82
143,2,14,474,2005,4.73
143,2,14,474,2006,4.59
143,2,14,474,2007,4.45
143,2,14,474,2008,4.41
143,2,14,474,2009,4.36
143,2,14,474,2010,4.24
143,2,14,474,2011,4.27
143,2,14,474,2012,4.3
143,2,14,474,2013,4.25
143,2,14,474,2014,4.39
143,2,14,474,2015,4.65
143,2,14,474,2016,4.99
143,2,14,474,2017,5.27
143,2,15,474,1990,4.19
143,2,15,474,1991,4.42
143,2,15,474,1992,4.72
143,2,15,474,1993,4.92
143,2,15,474,1994,5.04
143,2,15,474,1995,5.26
143,2,15,474,1996,5.62
143,2,15,474,1997,5.94
143,2,15,474,1998,6.03
143,2,15,474,1999,6.19
143,2,15,474,2000,6.47
143,2,15,474,2001,6.57
143,2,15,474,2002,6.84
143,2,15,474,2003,6.86
143,2,15,474,2004,6.82
143,2,15,474,2005,6.78
143,2,15,474,2006,6.6
143,2,15,474,2007,6.47
143,2,15,474,2008,6.52
143,2,15,474,2009,6.55
143,2,15,474,2010,6.54
143,2,15,474,2011,6.52
143,2,15,474,2012,6.53
143,2,15,474,2013,6.48
143,2,15,474,2014,6.44
143,2,15,474,2015,6.51
143,2,15,474,2016,6.78
143,2,15,474,2017,7.1
143,2,16,474,1990,5.46
143,2,16,474,1991,5.66
143,2,16,474,1992,5.91
143,2,16,474,1993,6.25
143,2,16,474,1994,6.46
143,2,16,474,1995,6.75
143,2,16,474,1996,7.14
143,2,16,474,1997,7.41
143,2,16,474,1998,7.36
143,2,16,474,1999,7.48
143,2,16,474,2000,7.9
143,2,16,474,2001,7.98
143,2,16,474,2002,8.42
143,2,16,474,2003,8.46
143,2,16,474,2004,8.47
143,2,16,474,2005,8.39
143,2,16,474,2006,8.45
143,2,16,474,2007,8.45
143,2,16,474,2008,8.69
143,2,16,474,2009,8.86
143,2,16,474,2010,9.28
143,2,16,474,2011,9.23
143,2,16,474,2012,9.33
143,2,16,474,2013,9.69
143,2,16,474,2014,9.52
143,2,16,474,2015,9.25
143,2,16,474,2016,9.27
143,2,16,474,2017,9.52
143,2,17,474,1990,8.22
143,2,17,474,1991,8.46
143,2,17,474,1992,8.74
143,2,17,474,1993,9.2
143,2,17,474,1994,9.52
143,2,17,474,1995,9.97
143,2,17,474,1996,10.42
143,2,17,474,1997,10.69
143,2,17,474,1998,10.92
143,2,17,474,1999,11.4
143,2,17,474,2000,12.26
143,2,17,474,2001,12.57
143,2,17,474,2002,13.26
143,2,17,474,2003,13.41
143,2,17,474,2004,13.54
143,2,17,474,2005,13.75
143,2,17,474,2006,14.08
143,2,17,474,2007,14.59
143,2,17,474,2008,15.27
143,2,17,474,2009,15.83
143,2,17,474,2010,17.35
143,2,17,474,2011,17.7
143,2,17,474,2012,18.56
143,2,17,474,2013,20.65
143,2,17,474,2014,20.05
143,2,17,474,2015,18.68
143,2,17,474,2016,18.36
143,2,17,474,2017,18.86
143,2,18,474,1990,10.6
143,2,18,474,1991,11.1
143,2,18,474,1992,11.58
143,2,18,474,1993,12
143,2,18,474,1994,12.18
143,2,18,474,1995,12.48
143,2,18,474,1996,12.77
143,2,18,474,1997,12.86
143,2,18,474,1998,12.91
143,2,18,474,1999,13.38
143,2,18,474,2000,14.39
143,2,18,474,2001,14.48
143,2,18,474,2002,14.98
143,2,18,474,2003,15.31
143,2,18,474,2004,15.53
143,2,18,474,2005,15.68
143,2,18,474,2006,15.81
143,2,18,474,2007,16.02
143,2,18,474,2008,16.52
143,2,18,474,2009,17.04
143,2,18,474,2010,19.21
143,2,18,474,2011,20.27
143,2,18,474,2012,22.29
143,2,18,474,2013,25.39
143,2,18,474,2014,26.04
143,2,18,474,2015,25.25
143,2,18,474,2016,26
143,2,18,474,2017,27.06
143,2,19,474,1990,11.51
143,2,19,474,1991,12.07
143,2,19,474,1992,12.57
143,2,19,474,1993,12.98
143,2,19,474,1994,13.11
143,2,19,474,1995,13.35
143,2,19,474,1996,13.89
143,2,19,474,1997,14.18
143,2,19,474,1998,14.04
143,2,19,474,1999,14.35
143,2,19,474,2000,15.25
143,2,19,474,2001,15.21
143,2,19,474,2002,15.63
143,2,19,474,2003,15.9
143,2,19,474,2004,16.12
143,2,19,474,2005,16.36
143,2,19,474,2006,16.33
143,2,19,474,2007,16.36
143,2,19,474,2008,17.39
143,2,19,474,2009,18.31
143,2,19,474,2010,21.29
143,2,19,474,2011,22.44
143,2,19,474,2012,24.44
143,2,19,474,2013,27.48
143,2,19,474,2014,27.19
143,2,19,474,2015,25.88
143,2,19,474,2016,26.48
143,2,19,474,2017,27.98
143,2,20,474,1990,10.29
143,2,20,474,1991,10.78
143,2,20,474,1992,11.25
143,2,20,474,1993,11.45
143,2,20,474,1994,11.49
143,2,20,474,1995,11.66
143,2,20,474,1996,12.13
143,2,20,474,1997,12.4
143,2,20,474,1998,12.28
143,2,20,474,1999,12.52
143,2,20,474,2000,13.25
143,2,20,474,2001,13.56
143,2,20,474,2002,14.2
143,2,20,474,2003,14.31
143,2,20,474,2004,14.32
143,2,20,474,2005,14.32
143,2,20,474,2006,14.2
143,2,20,474,2007,14.14
143,2,20,474,2008,14.93
143,2,20,474,2009,15.7
143,2,20,474,2010,18.25
143,2,20,474,2011,19.19
143,2,20,474,2012,20.62
143,2,20,474,2013,23.69
143,2,20,474,2014,24.31
143,2,20,474,2015,23.77
143,2,20,474,2016,24.39
143,2,20,474,2017,25.43
143,2,22,474,1990,74.71
143,2,22,474,1991,77.47
143,2,22,474,1992,80.56
143,2,22,474,1993,83.25
143,2,22,474,1994,84.49
143,2,22,474,1995,86.7
143,2,22,474,1996,90.29
143,2,22,474,1997,92.54
143,2,22,474,1998,92.48
143,2,22,474,1999,94.83
143,2,22,474,2000,100.57
143,2,22,474,2001,101.96
143,2,22,474,2002,106.26
143,2,22,474,2003,107.41
143,2,22,474,2004,107.98
143,2,22,474,2005,108.35
143,2,22,474,2006,108.63
143,2,22,474,2007,109.52
143,2,22,474,2008,113.69
143,2,22,474,2009,117.32
143,2,22,474,2010,129.83
143,2,22,474,2011,134.39
143,2,22,474,2012,143.1
143,2,22,474,2013,158.65
143,2,22,474,2014,159.33
143,2,22,474,2015,154.57
143,2,22,474,2016,158.77
143,2,22,474,2017,166.78
143,2,30,474,1990,9.66
143,2,30,474,1991,9.7
143,2,30,474,1992,9.77
143,2,30,474,1993,9.82
143,2,30,474,1994,9.8
143,2,30,474,1995,9.92
143,2,30,474,1996,10.28
143,2,30,474,1997,10.54
143,2,30,474,1998,10.36
143,2,30,474,1999,10.46
143,2,30,474,2000,10.88
143,2,30,474,2001,11.1
143,2,30,474,2002,11.55
143,2,30,474,2003,11.6
143,2,30,474,2004,11.55
143,2,30,474,2005,11.51
143,2,30,474,2006,11.65
143,2,30,474,2007,11.81
143,2,30,474,2008,12.07
143,2,30,474,2009,12.25
143,2,30,474,2010,13.65
143,2,30,474,2011,13.71
143,2,30,474,2012,14.14
143,2,30,474,2013,16.21
143,2,30,474,2014,16.42
143,2,30,474,2015,16.08
143,2,30,474,2016,16.73
143,2,30,474,2017,17.88
143,2,31,474,1990,5.82
143,2,31,474,1991,5.71
143,2,31,474,1992,5.57
143,2,31,474,1993,5.5
143,2,31,474,1994,5.38
143,2,31,474,1995,5.34
143,2,31,474,1996,5.34
143,2,31,474,1997,5.32
143,2,31,474,1998,5.25
143,2,31,474,1999,5.36
143,2,31,474,2000,5.67
143,2,31,474,2001,5.92
143,2,31,474,2002,6.27
143,2,31,474,2003,6.35
143,2,31,474,2004,6.44
143,2,31,474,2005,6.56
143,2,31,474,2006,6.86
143,2,31,474,2007,7.18
143,2,31,474,2008,7.59
143,2,31,474,2009,7.95
143,2,31,474,2010,9.04
143,2,31,474,2011,9.71
143,2,31,474,2012,10.75
143,2,31,474,2013,12.07
143,2,31,474,2014,12.19
143,2,31,474,2015,11.88
143,2,31,474,2016,12.34
143,2,31,474,2017,13.26
143,2,32,474,1990,1.7
143,2,32,474,1991,1.79
143,2,32,474,1992,1.86
143,2,32,474,1993,1.86
143,2,32,474,1994,1.82
143,2,32,474,1995,1.77
143,2,32,474,1996,1.72
143,2,32,474,1997,1.65
143,2,32,474,1998,1.59
143,2,32,474,1999,1.6
143,2,32,474,2000,1.66
143,2,32,474,2001,1.69
143,2,32,474,2002,1.74
143,2,32,474,2003,1.77
143,2,32,474,2004,1.82
143,2,32,474,2005,1.88
143,2,32,474,2006,1.98
143,2,32,474,2007,2.1
143,2,32,474,2008,2.25
143,2,32,474,2009,2.39
143,2,32,474,2010,2.84
143,2,32,474,2011,3.12
143,2,32,474,2012,3.71
143,2,32,474,2013,4.35
143,2,32,474,2014,4.46
143,2,32,474,2015,4.36
143,2,32,474,2016,4.97
143,2,32,474,2017,5.76
143,2,235,474,1990,0.21
143,2,235,474,1991,0.23
143,2,235,474,1992,0.24
143,2,235,474,1993,0.25
143,2,235,474,1994,0.26
143,2,235,474,1995,0.27
143,2,235,474,1996,0.28
143,2,235,474,1997,0.29
143,2,235,474,1998,0.28
143,2,235,474,1999,0.28
143,2,235,474,2000,0.29
143,2,235,474,2001,0.29
143,2,235,474,2002,0.29
143,2,235,474,2003,0.28
143,2,235,474,2004,0.28
143,2,235,474,2005,0.28
143,2,235,474,2006,0.28
143,2,235,474,2007,0.29
143,2,235,474,2008,0.32
143,2,235,474,2009,0.34
143,2,235,474,2010,0.43
143,2,235,474,2011,0.46
143,2,235,474,2012,0.56
143,2,235,474,2013,0.68
143,2,235,474,2014,0.7
143,2,235,474,2015,0.7
143,2,235,474,2016,0.83
143,2,235,474,2017,1.02
144,2,8,474,1990,0.04
144,2,8,474,1991,0.04
144,2,8,474,1992,0.04
144,2,8,474,1993,0.04
144,2,8,474,1994,0.04
144,2,8,474,1995,0.04
144,2,8,474,1996,0.05
144,2,8,474,1997,0.05
144,2,8,474,1998,0.05
144,2,8,474,1999,0.05
144,2,8,474,2000,0.05
144,2,8,474,2001,0.05
144,2,8,474,2002,0.05
144,2,8,474,2003,0.05
144,2,8,474,2004,0.05
144,2,8,474,2005,0.06
144,2,8,474,2006,0.07
144,2,8,474,2007,0.07
144,2,8,474,2008,0.08
144,2,8,474,2009,0.09
144,2,8,474,2010,0.1
144,2,8,474,2011,0.11
144,2,8,474,2012,0.12
144,2,8,474,2013,0.13
144,2,8,474,2014,0.13
144,2,8,474,2015,0.13
144,2,8,474,2016,0.13
144,2,8,474,2017,0.13
144,2,9,474,1990,0.04
144,2,9,474,1991,0.04
144,2,9,474,1992,0.05
144,2,9,474,1993,0.05
144,2,9,474,1994,0.05
144,2,9,474,1995,0.05
144,2,9,474,1996,0.05
144,2,9,474,1997,0.05
144,2,9,474,1998,0.05
144,2,9,474,1999,0.05
144,2,9,474,2000,0.05
144,2,9,474,2001,0.05
144,2,9,474,2002,0.05
144,2,9,474,2003,0.05
144,2,9,474,2004,0.05
144,2,9,474,2005,0.06
144,2,9,474,2006,0.06
144,2,9,474,2007,0.06
144,2,9,474,2008,0.05
144,2,9,474,2009,0.05
144,2,9,474,2010,0.05
144,2,9,474,2011,0.05
144,2,9,474,2012,0.06
144,2,9,474,2013,0.07
144,2,9,474,2014,0.07
144,2,9,474,2015,0.07
144,2,9,474,2016,0.07
144,2,9,474,2017,0.07
144,2,10,474,1990,0.05
144,2,10,474,1991,0.05
144,2,10,474,1992,0.06
144,2,10,474,1993,0.06
144,2,10,474,1994,0.06
144,2,10,474,1995,0.07
144,2,10,474,1996,0.07
144,2,10,474,1997,0.07
144,2,10,474,1998,0.08
144,2,10,474,1999,0.08
144,2,10,474,2000,0.08
144,2,10,474,2001,0.08
144,2,10,474,2002,0.08
144,2,10,474,2003,0.08
144,2,10,474,2004,0.08
144,2,10,474,2005,0.09
144,2,10,474,2006,0.1
144,2,10,474,2007,0.1
144,2,10,474,2008,0.09
144,2,10,474,2009,0.09
144,2,10,474,2010,0.09
144,2,10,474,2011,0.09
144,2,10,474,2012,0.1
144,2,10,474,2013,0.1
144,2,10,474,2014,0.1
144,2,10,474,2015,0.1
144,2,10,474,2016,0.1
144,2,10,474,2017,0.1
144,2,11,474,1990,0.06
144,2,11,474,1991,0.06
144,2,11,474,1992,0.07
144,2,11,474,1993,0.07
144,2,11,474,1994,0.07
144,2,11,474,1995,0.08
144,2,11,474,1996,0.08
144,2,11,474,1997,0.09
144,2,11,474,1998,0.09
144,2,11,474,1999,0.09
144,2,11,474,2000,0.1
144,2,11,474,2001,0.1
144,2,11,474,2002,0.1
144,2,11,474,2003,0.1
144,2,11,474,2004,0.09
144,2,11,474,2005,0.09
144,2,11,474,2006,0.09
144,2,11,474,2007,0.09
144,2,11,474,2008,0.09
144,2,11,474,2009,0.08
144,2,11,474,2010,0.08
144,2,11,474,2011,0.08
144,2,11,474,2012,0.09
144,2,11,474,2013,0.09
144,2,11,474,2014,0.09
144,2,11,474,2015,0.09
144,2,11,474,2016,0.1
144,2,11,474,2017,0.1
144,2,12,474,1990,0.09
144,2,12,474,1991,0.1
144,2,12,474,1992,0.1
144,2,12,474,1993,0.11
144,2,12,474,1994,0.11
144,2,12,474,1995,0.12
144,2,12,474,1996,0.13
144,2,12,474,1997,0.13
144,2,12,474,1998,0.14
144,2,12,474,1999,0.15
144,2,12,474,2000,0.16
144,2,12,474,2001,0.16
144,2,12,474,2002,0.17
144,2,12,474,2003,0.18
144,2,12,474,2004,0.18
144,2,12,474,2005,0.18
144,2,12,474,2006,0.19
144,2,12,474,2007,0.19
144,2,12,474,2008,0.19
144,2,12,474,2009,0.19
144,2,12,474,2010,0.19
144,2,12,474,2011,0.18
144,2,12,474,2012,0.2
144,2,12,474,2013,0.2
144,2,12,474,2014,0.21
144,2,12,474,2015,0.21
144,2,12,474,2016,0.22
144,2,12,474,2017,0.23
144,2,13,474,1990,0.17
144,2,13,474,1991,0.18
144,2,13,474,1992,0.18
144,2,13,474,1993,0.19
144,2,13,474,1994,0.2
144,2,13,474,1995,0.21
144,2,13,474,1996,0.22
144,2,13,474,1997,0.23
144,2,13,474,1998,0.24
144,2,13,474,1999,0.25
144,2,13,474,2000,0.27
144,2,13,474,2001,0.28
144,2,13,474,2002,0.29
144,2,13,474,2003,0.31
144,2,13,474,2004,0.32
144,2,13,474,2005,0.31
144,2,13,474,2006,0.32
144,2,13,474,2007,0.32
144,2,13,474,2008,0.3
144,2,13,474,2009,0.31
144,2,13,474,2010,0.32
144,2,13,474,2011,0.33
144,2,13,474,2012,0.35
144,2,13,474,2013,0.38
144,2,13,474,2014,0.4
144,2,13,474,2015,0.39
144,2,13,474,2016,0.4
144,2,13,474,2017,0.41
144,2,14,474,1990,0.25
144,2,14,474,1991,0.25
144,2,14,474,1992,0.26
144,2,14,474,1993,0.27
144,2,14,474,1994,0.28
144,2,14,474,1995,0.29
144,2,14,474,1996,0.3
144,2,14,474,1997,0.31
144,2,14,474,1998,0.31
144,2,14,474,1999,0.31
144,2,14,474,2000,0.32
144,2,14,474,2001,0.33
144,2,14,474,2002,0.33
144,2,14,474,2003,0.34
144,2,14,474,2004,0.34
144,2,14,474,2005,0.34
144,2,14,474,2006,0.35
144,2,14,474,2007,0.36
144,2,14,474,2008,0.36
144,2,14,474,2009,0.37
144,2,14,474,2010,0.38
144,2,14,474,2011,0.4
144,2,14,474,2012,0.43
144,2,14,474,2013,0.46
144,2,14,474,2014,0.5
144,2,14,474,2015,0.52
144,2,14,474,2016,0.55
144,2,14,474,2017,0.59
144,2,15,474,1990,0.4
144,2,15,474,1991,0.43
144,2,15,474,1992,0.44
144,2,15,474,1993,0.47
144,2,15,474,1994,0.47
144,2,15,474,1995,0.48
144,2,15,474,1996,0.49
144,2,15,474,1997,0.49
144,2,15,474,1998,0.5
144,2,15,474,1999,0.51
144,2,15,474,2000,0.5
144,2,15,474,2001,0.5
144,2,15,474,2002,0.49
144,2,15,474,2003,0.49
144,2,15,474,2004,0.47
144,2,15,474,2005,0.48
144,2,15,474,2006,0.51
144,2,15,474,2007,0.53
144,2,15,474,2008,0.56
144,2,15,474,2009,0.58
144,2,15,474,2010,0.6
144,2,15,474,2011,0.64
144,2,15,474,2012,0.7
144,2,15,474,2013,0.72
144,2,15,474,2014,0.76
144,2,15,474,2015,0.85
144,2,15,474,2016,0.91
144,2,15,474,2017,0.96
144,2,16,474,1990,0.52
144,2,16,474,1991,0.55
144,2,16,474,1992,0.58
144,2,16,474,1993,0.63
144,2,16,474,1994,0.67
144,2,16,474,1995,0.72
144,2,16,474,1996,0.77
144,2,16,474,1997,0.81
144,2,16,474,1998,0.83
144,2,16,474,1999,0.84
144,2,16,474,2000,0.83
144,2,16,474,2001,0.84
144,2,16,474,2002,0.84
144,2,16,474,2003,0.81
144,2,16,474,2004,0.83
144,2,16,474,2005,0.86
144,2,16,474,2006,0.92
144,2,16,474,2007,0.91
144,2,16,474,2008,0.89
144,2,16,474,2009,0.89
144,2,16,474,2010,0.91
144,2,16,474,2011,0.91
144,2,16,474,2012,0.95
144,2,16,474,2013,1.02
144,2,16,474,2014,1.11
144,2,16,474,2015,1.18
144,2,16,474,2016,1.28
144,2,16,474,2017,1.4
144,2,17,474,1990,0.66
144,2,17,474,1991,0.71
144,2,17,474,1992,0.76
144,2,17,474,1993,0.83
144,2,17,474,1994,0.89
144,2,17,474,1995,0.94
144,2,17,474,1996,1
144,2,17,474,1997,1.06
144,2,17,474,1998,1.1
144,2,17,474,1999,1.14
144,2,17,474,2000,1.17
144,2,17,474,2001,1.23
144,2,17,474,2002,1.25
144,2,17,474,2003,1.19
144,2,17,474,2004,1.17
144,2,17,474,2005,1.22
144,2,17,474,2006,1.29
144,2,17,474,2007,1.31
144,2,17,474,2008,1.32
144,2,17,474,2009,1.34
144,2,17,474,2010,1.28
144,2,17,474,2011,1.29
144,2,17,474,2012,1.35
144,2,17,474,2013,1.38
144,2,17,474,2014,1.42
144,2,17,474,2015,1.56
144,2,17,474,2016,1.67
144,2,17,474,2017,1.77
144,2,18,474,1990,0.81
144,2,18,474,1991,0.87
144,2,18,474,1992,0.92
144,2,18,474,1993,0.99
144,2,18,474,1994,1.05
144,2,18,474,1995,1.13
144,2,18,474,1996,1.23
144,2,18,474,1997,1.31
144,2,18,474,1998,1.39
144,2,18,474,1999,1.46
144,2,18,474,2000,1.46
144,2,18,474,2001,1.51
144,2,18,474,2002,1.55
144,2,18,474,2003,1.46
144,2,18,474,2004,1.48
144,2,18,474,2005,1.64
144,2,18,474,2006,1.84
144,2,18,474,2007,1.93
144,2,18,474,2008,1.98
144,2,18,474,2009,1.98
144,2,18,474,2010,1.91
144,2,18,474,2011,1.96
144,2,18,474,2012,2.13
144,2,18,474,2013,2.28
144,2,18,474,2014,2.42
144,2,18,474,2015,2.43
144,2,18,474,2016,2.55
144,2,18,474,2017,2.63
144,2,19,474,1990,0.83
144,2,19,474,1991,0.9
144,2,19,474,1992,0.97
144,2,19,474,1993,1.05
144,2,19,474,1994,1.12
144,2,19,474,1995,1.2
144,2,19,474,1996,1.28
144,2,19,474,1997,1.34
144,2,19,474,1998,1.39
144,2,19,474,1999,1.43
144,2,19,474,2000,1.44
144,2,19,474,2001,1.53
144,2,19,474,2002,1.64
144,2,19,474,2003,1.58
144,2,19,474,2004,1.63
144,2,19,474,2005,1.8
144,2,19,474,2006,2.03
144,2,19,474,2007,2.13
144,2,19,474,2008,2.19
144,2,19,474,2009,2.19
144,2,19,474,2010,2.19
144,2,19,474,2011,2.31
144,2,19,474,2012,2.46
144,2,19,474,2013,2.62
144,2,19,474,2014,2.73
144,2,19,474,2015,2.76
144,2,19,474,2016,2.83
144,2,19,474,2017,2.97
144,2,20,474,1990,0.75
144,2,20,474,1991,0.81
144,2,20,474,1992,0.86
144,2,20,474,1993,0.93
144,2,20,474,1994,1
144,2,20,474,1995,1.07
144,2,20,474,1996,1.14
144,2,20,474,1997,1.21
144,2,20,474,1998,1.26
144,2,20,474,1999,1.29
144,2,20,474,2000,1.28
144,2,20,474,2001,1.31
144,2,20,474,2002,1.34
144,2,20,474,2003,1.24
144,2,20,474,2004,1.26
144,2,20,474,2005,1.41
144,2,20,474,2006,1.61
144,2,20,474,2007,1.68
144,2,20,474,2008,1.71
144,2,20,474,2009,1.76
144,2,20,474,2010,1.76
144,2,20,474,2011,1.91
144,2,20,474,2012,2.1
144,2,20,474,2013,2.33
144,2,20,474,2014,2.54
144,2,20,474,2015,2.69
144,2,20,474,2016,2.9
144,2,20,474,2017,3.1
144,2,22,474,1990,5.91
144,2,22,474,1991,6.29
144,2,22,474,1992,6.64
144,2,22,474,1993,7.07
144,2,22,474,1994,7.46
144,2,22,474,1995,7.9
144,2,22,474,1996,8.39
144,2,22,474,1997,8.79
144,2,22,474,1998,9.11
144,2,22,474,1999,9.38
144,2,22,474,2000,9.41
144,2,22,474,2001,9.74
144,2,22,474,2002,10.04
144,2,22,474,2003,9.63
144,2,22,474,2004,9.77
144,2,22,474,2005,10.61
144,2,22,474,2006,11.75
144,2,22,474,2007,12.12
144,2,22,474,2008,12.35
144,2,22,474,2009,12.63
144,2,22,474,2010,12.8
144,2,22,474,2011,13.48
144,2,22,474,2012,14.65
144,2,22,474,2013,15.77
144,2,22,474,2014,16.83
144,2,22,474,2015,17.69
144,2,22,474,2016,18.84
144,2,22,474,2017,20.02
144,2,30,474,1990,0.7
144,2,30,474,1991,0.72
144,2,30,474,1992,0.76
144,2,30,474,1993,0.79
144,2,30,474,1994,0.83
144,2,30,474,1995,0.88
144,2,30,474,1996,0.93
144,2,30,474,1997,0.98
144,2,30,474,1998,1.02
144,2,30,474,1999,1.05
144,2,30,474,2000,1.01
144,2,30,474,2001,1.05
144,2,30,474,2002,1.11
144,2,30,474,2003,1.01
144,2,30,474,2004,1.06
144,2,30,474,2005,1.21
144,2,30,474,2006,1.38
144,2,30,474,2007,1.43
144,2,30,474,2008,1.5
144,2,30,474,2009,1.6
144,2,30,474,2010,1.72
144,2,30,474,2011,1.86
144,2,30,474,2012,2.09
144,2,30,474,2013,2.32
144,2,30,474,2014,2.54
144,2,30,474,2015,2.7
144,2,30,474,2016,2.9
144,2,30,474,2017,3.1
144,2,31,474,1990,0.44
144,2,31,474,1991,0.45
144,2,31,474,1992,0.45
144,2,31,474,1993,0.45
144,2,31,474,1994,0.46
144,2,31,474,1995,0.47
144,2,31,474,1996,0.49
144,2,31,474,1997,0.51
144,2,31,474,1998,0.52
144,2,31,474,1999,0.54
144,2,31,474,2000,0.54
144,2,31,474,2001,0.56
144,2,31,474,2002,0.6
144,2,31,474,2003,0.58
144,2,31,474,2004,0.6
144,2,31,474,2005,0.68
144,2,31,474,2006,0.8
144,2,31,474,2007,0.81
144,2,31,474,2008,0.81
144,2,31,474,2009,0.86
144,2,31,474,2010,0.92
144,2,31,474,2011,1.01
144,2,31,474,2012,1.11
144,2,31,474,2013,1.2
144,2,31,474,2014,1.3
144,2,31,474,2015,1.43
144,2,31,474,2016,1.6
144,2,31,474,2017,1.78
144,2,32,474,1990,0.1
144,2,32,474,1991,0.11
144,2,32,474,1992,0.12
144,2,32,474,1993,0.13
144,2,32,474,1994,0.14
144,2,32,474,1995,0.14
144,2,32,474,1996,0.14
144,2,32,474,1997,0.14
144,2,32,474,1998,0.13
144,2,32,474,1999,0.13
144,2,32,474,2000,0.13
144,2,32,474,2001,0.13
144,2,32,474,2002,0.14
144,2,32,474,2003,0.13
144,2,32,474,2004,0.14
144,2,32,474,2005,0.16
144,2,32,474,2006,0.18
144,2,32,474,2007,0.19
144,2,32,474,2008,0.21
144,2,32,474,2009,0.23
144,2,32,474,2010,0.26
144,2,32,474,2011,0.31
144,2,32,474,2012,0.36
144,2,32,474,2013,0.4
144,2,32,474,2014,0.44
144,2,32,474,2015,0.49
144,2,32,474,2016,0.53
144,2,32,474,2017,0.57
144,2,235,474,1990,0.01
144,2,235,474,1991,0.01
144,2,235,474,1992,0.01
144,2,235,474,1993,0.01
144,2,235,474,1994,0.01
144,2,235,474,1995,0.01
144,2,235,474,1996,0.02
144,2,235,474,1997,0.02
144,2,235,474,1998,0.02
144,2,235,474,1999,0.02
144,2,235,474,2000,0.02
144,2,235,474,2001,0.02
144,2,235,474,2002,0.02
144,2,235,474,2003,0.02
144,2,235,474,2004,0.02
144,2,235,474,2005,0.02
144,2,235,474,2006,0.02
144,2,235,474,2007,0.02
144,2,235,474,2008,0.02
144,2,235,474,2009,0.03
144,2,235,474,2010,0.03
144,2,235,474,2011,0.04
144,2,235,474,2012,0.05
144,2,235,474,2013,0.06
144,2,235,474,2014,0.07
144,2,235,474,2015,0.08
144,2,235,474,2016,0.09
144,2,235,474,2017,0.1
145,2,8,474,1990,0.01
145,2,8,474,1991,0.01
145,2,8,474,1992,0.01
145,2,8,474,1993,0.01
145,2,8,474,1994,0.01
145,2,8,474,1995,0.01
145,2,8,474,1996,0.01
145,2,8,474,1997,0.01
145,2,8,474,1998,0.01
145,2,8,474,1999,0.01
145,2,8,474,2000,0.01
145,2,8,474,2001,0.01
145,2,8,474,2002,0.01
145,2,8,474,2003,0.01
145,2,8,474,2004,0.01
145,2,8,474,2005,0.01
145,2,8,474,2006,0.01
145,2,8,474,2007,0.01
145,2,8,474,2008,0.01
145,2,8,474,2009,0.01
145,2,8,474,2010,0.01
145,2,8,474,2011,0.01
145,2,8,474,2012,0.01
145,2,8,474,2013,0.01
145,2,8,474,2014,0.01
145,2,8,474,2015,0.01
145,2,8,474,2016,0.01
145,2,8,474,2017,0.01
145,2,9,474,1990,0.02
145,2,9,474,1991,0.01
145,2,9,474,1992,0.01
145,2,9,474,1993,0.01
145,2,9,474,1994,0.01
145,2,9,474,1995,0.01
145,2,9,474,1996,0.01
145,2,9,474,1997,0.01
145,2,9,474,1998,0.01
145,2,9,474,1999,0.01
145,2,9,474,2000,0.01
145,2,9,474,2001,0.01
145,2,9,474,2002,0.01
145,2,9,474,2003,0.01
145,2,9,474,2004,0.01
145,2,9,474,2005,0.01
145,2,9,474,2006,0.01
145,2,9,474,2007,0.01
145,2,9,474,2008,0.01
145,2,9,474,2009,0.02
145,2,9,474,2010,0.02
145,2,9,474,2011,0.01
145,2,9,474,2012,0.01
145,2,9,474,2013,0.01
145,2,9,474,2014,0.01
145,2,9,474,2015,0.01
145,2,9,474,2016,0.01
145,2,9,474,2017,0.01
145,2,10,474,1990,0.02
145,2,10,474,1991,0.02
145,2,10,474,1992,0.02
145,2,10,474,1993,0.01
145,2,10,474,1994,0.01
145,2,10,474,1995,0.01
145,2,10,474,1996,0.01
145,2,10,474,1997,0.01
145,2,10,474,1998,0.02
145,2,10,474,1999,0.02
145,2,10,474,2000,0.02
145,2,10,474,2001,0.02
145,2,10,474,2002,0.02
145,2,10,474,2003,0.02
145,2,10,474,2004,0.02
145,2,10,474,2005,0.02
145,2,10,474,2006,0.02
145,2,10,474,2007,0.02
145,2,10,474,2008,0.02
145,2,10,474,2009,0.02
145,2,10,474,2010,0.02
145,2,10,474,2011,0.02
145,2,10,474,2012,0.02
145,2,10,474,2013,0.02
145,2,10,474,2014,0.03
145,2,10,474,2015,0.03
145,2,10,474,2016,0.02
145,2,10,474,2017,0.02
145,2,11,474,1990,0.07
145,2,11,474,1991,0.06
145,2,11,474,1992,0.06
145,2,11,474,1993,0.06
145,2,11,474,1994,0.06
145,2,11,474,1995,0.05
145,2,11,474,1996,0.06
145,2,11,474,1997,0.06
145,2,11,474,1998,0.07
145,2,11,474,1999,0.07
145,2,11,474,2000,0.07
145,2,11,474,2001,0.07
145,2,11,474,2002,0.07
145,2,11,474,2003,0.07
145,2,11,474,2004,0.07
145,2,11,474,2005,0.07
145,2,11,474,2006,0.08
145,2,11,474,2007,0.08
145,2,11,474,2008,0.08
145,2,11,474,2009,0.08
145,2,11,474,2010,0.08
145,2,11,474,2011,0.07
145,2,11,474,2012,0.08
145,2,11,474,2013,0.07
145,2,11,474,2014,0.08
145,2,11,474,2015,0.08
145,2,11,474,2016,0.09
145,2,11,474,2017,0.1
145,2,12,474,1990,0.13
145,2,12,474,1991,0.12
145,2,12,474,1992,0.12
145,2,12,474,1993,0.12
145,2,12,474,1994,0.12
145,2,12,474,1995,0.11
145,2,12,474,1996,0.13
145,2,12,474,1997,0.12
145,2,12,474,1998,0.15
145,2,12,474,1999,0.15
145,2,12,474,2000,0.14
145,2,12,474,2001,0.15
145,2,12,474,2002,0.15
145,2,12,474,2003,0.16
145,2,12,474,2004,0.15
145,2,12,474,2005,0.14
145,2,12,474,2006,0.17
145,2,12,474,2007,0.16
145,2,12,474,2008,0.16
145,2,12,474,2009,0.16
145,2,12,474,2010,0.15
145,2,12,474,2011,0.15
145,2,12,474,2012,0.16
145,2,12,474,2013,0.16
145,2,12,474,2014,0.17
145,2,12,474,2015,0.17
145,2,12,474,2016,0.18
145,2,12,474,2017,0.19
145,2,13,474,1990,0.13
145,2,13,474,1991,0.12
145,2,13,474,1992,0.11
145,2,13,474,1993,0.11
145,2,13,474,1994,0.11
145,2,13,474,1995,0.11
145,2,13,474,1996,0.12
145,2,13,474,1997,0.12
145,2,13,474,1998,0.14
145,2,13,474,1999,0.15
145,2,13,474,2000,0.14
145,2,13,474,2001,0.15
145,2,13,474,2002,0.16
145,2,13,474,2003,0.16
145,2,13,474,2004,0.16
145,2,13,474,2005,0.15
145,2,13,474,2006,0.18
145,2,13,474,2007,0.18
145,2,13,474,2008,0.18
145,2,13,474,2009,0.18
145,2,13,474,2010,0.18
145,2,13,474,2011,0.18
145,2,13,474,2012,0.18
145,2,13,474,2013,0.17
145,2,13,474,2014,0.18
145,2,13,474,2015,0.19
145,2,13,474,2016,0.2
145,2,13,474,2017,0.22
145,2,14,474,1990,0.2
145,2,14,474,1991,0.18
145,2,14,474,1992,0.18
145,2,14,474,1993,0.18
145,2,14,474,1994,0.17
145,2,14,474,1995,0.17
145,2,14,474,1996,0.19
145,2,14,474,1997,0.18
145,2,14,474,1998,0.23
145,2,14,474,1999,0.25
145,2,14,474,2000,0.23
145,2,14,474,2001,0.26
145,2,14,474,2002,0.28
145,2,14,474,2003,0.29
145,2,14,474,2004,0.3
145,2,14,474,2005,0.28
145,2,14,474,2006,0.32
145,2,14,474,2007,0.32
145,2,14,474,2008,0.33
145,2,14,474,2009,0.34
145,2,14,474,2010,0.33
145,2,14,474,2011,0.34
145,2,14,474,2012,0.36
145,2,14,474,2013,0.36
145,2,14,474,2014,0.38
145,2,14,474,2015,0.4
145,2,14,474,2016,0.43
145,2,14,474,2017,0.45
145,2,15,474,1990,0.22
145,2,15,474,1991,0.23
145,2,15,474,1992,0.22
145,2,15,474,1993,0.21
145,2,15,474,1994,0.19
145,2,15,474,1995,0.18
145,2,15,474,1996,0.19
145,2,15,474,1997,0.2
145,2,15,474,1998,0.24
145,2,15,474,1999,0.27
145,2,15,474,2000,0.25
145,2,15,474,2001,0.27
145,2,15,474,2002,0.29
145,2,15,474,2003,0.31
145,2,15,474,2004,0.33
145,2,15,474,2005,0.31
145,2,15,474,2006,0.37
145,2,15,474,2007,0.37
145,2,15,474,2008,0.38
145,2,15,474,2009,0.38
145,2,15,474,2010,0.37
145,2,15,474,2011,0.38
145,2,15,474,2012,0.4
145,2,15,474,2013,0.39
145,2,15,474,2014,0.42
145,2,15,474,2015,0.44
145,2,15,474,2016,0.48
145,2,15,474,2017,0.53
145,2,16,474,1990,0.36
145,2,16,474,1991,0.35
145,2,16,474,1992,0.31
145,2,16,474,1993,0.29
145,2,16,474,1994,0.27
145,2,16,474,1995,0.27
145,2,16,474,1996,0.33
145,2,16,474,1997,0.32
145,2,16,474,1998,0.37
145,2,16,474,1999,0.38
145,2,16,474,2000,0.34
145,2,16,474,2001,0.37
145,2,16,474,2002,0.43
145,2,16,474,2003,0.46
145,2,16,474,2004,0.48
145,2,16,474,2005,0.46
145,2,16,474,2006,0.55
145,2,16,474,2007,0.54
145,2,16,474,2008,0.54
145,2,16,474,2009,0.56
145,2,16,474,2010,0.55
145,2,16,474,2011,0.57
145,2,16,474,2012,0.61
145,2,16,474,2013,0.6
145,2,16,474,2014,0.63
145,2,16,474,2015,0.66
145,2,16,474,2016,0.72
145,2,16,474,2017,0.79
145,2,17,474,1990,0.45
145,2,17,474,1991,0.52
145,2,17,474,1992,0.52
145,2,17,474,1993,0.52
145,2,17,474,1994,0.47
145,2,17,474,1995,0.43
145,2,17,474,1996,0.44
145,2,17,474,1997,0.4
145,2,17,474,1998,0.46
145,2,17,474,1999,0.48
145,2,17,474,2000,0.44
145,2,17,474,2001,0.52
145,2,17,474,2002,0.54
145,2,17,474,2003,0.54
145,2,17,474,2004,0.52
145,2,17,474,2005,0.48
145,2,17,474,2006,0.54
145,2,17,474,2007,0.57
145,2,17,474,2008,0.59
145,2,17,474,2009,0.61
145,2,17,474,2010,0.6
145,2,17,474,2011,0.6
145,2,17,474,2012,0.61
145,2,17,474,2013,0.59
145,2,17,474,2014,0.63
145,2,17,474,2015,0.67
145,2,17,474,2016,0.73
145,2,17,474,2017,0.8
145,2,18,474,1990,0.39
145,2,18,474,1991,0.43
145,2,18,474,1992,0.42
145,2,18,474,1993,0.44
145,2,18,474,1994,0.44
145,2,18,474,1995,0.48
145,2,18,474,1996,0.56
145,2,18,474,1997,0.59
145,2,18,474,1998,0.71
145,2,18,474,1999,0.72
145,2,18,474,2000,0.63
145,2,18,474,2001,0.61
145,2,18,474,2002,0.58
145,2,18,474,2003,0.56
145,2,18,474,2004,0.55
145,2,18,474,2005,0.52
145,2,18,474,2006,0.61
145,2,18,474,2007,0.56
145,2,18,474,2008,0.54
145,2,18,474,2009,0.52
145,2,18,474,2010,0.48
145,2,18,474,2011,0.46
145,2,18,474,2012,0.49
145,2,18,474,2013,0.49
145,2,18,474,2014,0.54
145,2,18,474,2015,0.56
145,2,18,474,2016,0.59
145,2,18,474,2017,0.63
145,2,19,474,1990,0.4
145,2,19,474,1991,0.43
145,2,19,474,1992,0.41
145,2,19,474,1993,0.4
145,2,19,474,1994,0.37
145,2,19,474,1995,0.39
145,2,19,474,1996,0.43
145,2,19,474,1997,0.44
145,2,19,474,1998,0.56
145,2,19,474,1999,0.62
145,2,19,474,2000,0.64
145,2,19,474,2001,0.76
145,2,19,474,2002,0.85
145,2,19,474,2003,0.86
145,2,19,474,2004,0.84
145,2,19,474,2005,0.73
145,2,19,474,2006,0.74
145,2,19,474,2007,0.63
145,2,19,474,2008,0.58
145,2,19,474,2009,0.55
145,2,19,474,2010,0.52
145,2,19,474,2011,0.53
145,2,19,474,2012,0.51
145,2,19,474,2013,0.46
145,2,19,474,2014,0.47
145,2,19,474,2015,0.46
145,2,19,474,2016,0.48
145,2,19,474,2017,0.54
145,2,20,474,1990,0.63
145,2,20,474,1991,0.64
145,2,20,474,1992,0.64
145,2,20,474,1993,0.67
145,2,20,474,1994,0.63
145,2,20,474,1995,0.63
145,2,20,474,1996,0.68
145,2,20,474,1997,0.7
145,2,20,474,1998,0.86
145,2,20,474,1999,0.93
145,2,20,474,2000,0.87
145,2,20,474,2001,0.98
145,2,20,474,2002,1.09
145,2,20,474,2003,1.15
145,2,20,474,2004,1.22
145,2,20,474,2005,1.26
145,2,20,474,2006,1.55
145,2,20,474,2007,1.52
145,2,20,474,2008,1.46
145,2,20,474,2009,1.33
145,2,20,474,2010,1.17
145,2,20,474,2011,1.06
145,2,20,474,2012,0.98
145,2,20,474,2013,0.87
145,2,20,474,2014,0.87
145,2,20,474,2015,0.89
145,2,20,474,2016,0.98
145,2,20,474,2017,0.99
145,2,22,474,1990,4.1
145,2,22,474,1991,4.22
145,2,22,474,1992,4.11
145,2,22,474,1993,4.14
145,2,22,474,1994,3.95
145,2,22,474,1995,3.95
145,2,22,474,1996,4.36
145,2,22,474,1997,4.36
145,2,22,474,1998,5.29
145,2,22,474,1999,5.59
145,2,22,474,2000,5.18
145,2,22,474,2001,5.68
145,2,22,474,2002,6.09
145,2,22,474,2003,6.22
145,2,22,474,2004,6.31
145,2,22,474,2005,6.05
145,2,22,474,2006,6.99
145,2,22,474,2007,6.8
145,2,22,474,2008,6.76
145,2,22,474,2009,6.7
145,2,22,474,2010,6.49
145,2,22,474,2011,6.57
145,2,22,474,2012,6.75
145,2,22,474,2013,6.5
145,2,22,474,2014,6.85
145,2,22,474,2015,7.03
145,2,22,474,2016,7.5
145,2,22,474,2017,7.96
145,2,30,474,1990,0.61
145,2,30,474,1991,0.6
145,2,30,474,1992,0.56
145,2,30,474,1993,0.59
145,2,30,474,1994,0.58
145,2,30,474,1995,0.61
145,2,30,474,1996,0.68
145,2,30,474,1997,0.69
145,2,30,474,1998,0.83
145,2,30,474,1999,0.85
145,2,30,474,2000,0.76
145,2,30,474,2001,0.82
145,2,30,474,2002,0.88
145,2,30,474,2003,0.9
145,2,30,474,2004,0.94
145,2,30,474,2005,0.91
145,2,30,474,2006,1.05
145,2,30,474,2007,1.06
145,2,30,474,2008,1.1
145,2,30,474,2009,1.17
145,2,30,474,2010,1.23
145,2,30,474,2011,1.35
145,2,30,474,2012,1.43
145,2,30,474,2013,1.37
145,2,30,474,2014,1.39
145,2,30,474,2015,1.3
145,2,30,474,2016,1.23
145,2,30,474,2017,1.18
145,2,31,474,1990,0.31
145,2,31,474,1991,0.31
145,2,31,474,1992,0.3
145,2,31,474,1993,0.3
145,2,31,474,1994,0.28
145,2,31,474,1995,0.28
145,2,31,474,1996,0.29
145,2,31,474,1997,0.28
145,2,31,474,1998,0.34
145,2,31,474,1999,0.38
145,2,31,474,2000,0.37
145,2,31,474,2001,0.4
145,2,31,474,2002,0.43
145,2,31,474,2003,0.42
145,2,31,474,2004,0.41
145,2,31,474,2005,0.38
145,2,31,474,2006,0.44
145,2,31,474,2007,0.43
145,2,31,474,2008,0.44
145,2,31,474,2009,0.45
145,2,31,474,2010,0.45
145,2,31,474,2011,0.47
145,2,31,474,2012,0.51
145,2,31,474,2013,0.53
145,2,31,474,2014,0.6
145,2,31,474,2015,0.68
145,2,31,474,2016,0.79
145,2,31,474,2017,0.88
145,2,32,474,1990,0.15
145,2,32,474,1991,0.18
145,2,32,474,1992,0.2
145,2,32,474,1993,0.2
145,2,32,474,1994,0.2
145,2,32,474,1995,0.19
145,2,32,474,1996,0.2
145,2,32,474,1997,0.2
145,2,32,474,1998,0.25
145,2,32,474,1999,0.27
145,2,32,474,2000,0.23
145,2,32,474,2001,0.25
145,2,32,474,2002,0.25
145,2,32,474,2003,0.26
145,2,32,474,2004,0.27
145,2,32,474,2005,0.26
145,2,32,474,2006,0.32
145,2,32,474,2007,0.31
145,2,32,474,2008,0.3
145,2,32,474,2009,0.3
145,2,32,474,2010,0.29
145,2,32,474,2011,0.3
145,2,32,474,2012,0.34
145,2,32,474,2013,0.35
145,2,32,474,2014,0.39
145,2,32,474,2015,0.42
145,2,32,474,2016,0.48
145,2,32,474,2017,0.54
145,2,235,474,1990,0.02
145,2,235,474,1991,0.02
145,2,235,474,1992,0.02
145,2,235,474,1993,0.02
145,2,235,474,1994,0.02
145,2,235,474,1995,0.02
145,2,235,474,1996,0.03
145,2,235,474,1997,0.03
145,2,235,474,1998,0.04
145,2,235,474,1999,0.04
145,2,235,474,2000,0.04
145,2,235,474,2001,0.04
145,2,235,474,2002,0.04
145,2,235,474,2003,0.04
145,2,235,474,2004,0.04
145,2,235,474,2005,0.04
145,2,235,474,2006,0.04
145,2,235,474,2007,0.04
145,2,235,474,2008,0.04
145,2,235,474,2009,0.05
145,2,235,474,2010,0.05
145,2,235,474,2011,0.05
145,2,235,474,2012,0.05
145,2,235,474,2013,0.05
145,2,235,474,2014,0.06
145,2,235,474,2015,0.06
145,2,235,474,2016,0.07
145,2,235,474,2017,0.08
146,2,8,474,1990,0.14
146,2,8,474,1991,0.14
146,2,8,474,1992,0.14
146,2,8,474,1993,0.14
146,2,8,474,1994,0.14
146,2,8,474,1995,0.14
146,2,8,474,1996,0.13
146,2,8,474,1997,0.13
146,2,8,474,1998,0.13
146,2,8,474,1999,0.13
146,2,8,474,2000,0.13
146,2,8,474,2001,0.13
146,2,8,474,2002,0.13
146,2,8,474,2003,0.13
146,2,8,474,2004,0.13
146,2,8,474,2005,0.13
146,2,8,474,2006,0.13
146,2,8,474,2007,0.13
146,2,8,474,2008,0.13
146,2,8,474,2009,0.14
146,2,8,474,2010,0.14
146,2,8,474,2011,0.15
146,2,8,474,2012,0.16
146,2,8,474,2013,0.17
146,2,8,474,2014,0.18
146,2,8,474,2015,0.19
146,2,8,474,2016,0.2
146,2,8,474,2017,0.21
146,2,9,474,1990,0.16
146,2,9,474,1991,0.17
146,2,9,474,1992,0.18
146,2,9,474,1993,0.19
146,2,9,474,1994,0.2
146,2,9,474,1995,0.21
146,2,9,474,1996,0.21
146,2,9,474,1997,0.21
146,2,9,474,1998,0.2
146,2,9,474,1999,0.19
146,2,9,474,2000,0.18
146,2,9,474,2001,0.18
146,2,9,474,2002,0.17
146,2,9,474,2003,0.17
146,2,9,474,2004,0.17
146,2,9,474,2005,0.17
146,2,9,474,2006,0.17
146,2,9,474,2007,0.17
146,2,9,474,2008,0.18
146,2,9,474,2009,0.18
146,2,9,474,2010,0.18
146,2,9,474,2011,0.19
146,2,9,474,2012,0.23
146,2,9,474,2013,0.28
146,2,9,474,2014,0.28
146,2,9,474,2015,0.27
146,2,9,474,2016,0.26
146,2,9,474,2017,0.26
146,2,10,474,1990,0.22
146,2,10,474,1991,0.23
146,2,10,474,1992,0.23
146,2,10,474,1993,0.23
146,2,10,474,1994,0.24
146,2,10,474,1995,0.24
146,2,10,474,1996,0.25
146,2,10,474,1997,0.27
146,2,10,474,1998,0.28
146,2,10,474,1999,0.29
146,2,10,474,2000,0.3
146,2,10,474,2001,0.3
146,2,10,474,2002,0.3
146,2,10,474,2003,0.29
146,2,10,474,2004,0.28
146,2,10,474,2005,0.28
146,2,10,474,2006,0.27
146,2,10,474,2007,0.27
146,2,10,474,2008,0.28
146,2,10,474,2009,0.28
146,2,10,474,2010,0.28
146,2,10,474,2011,0.29
146,2,10,474,2012,0.33
146,2,10,474,2013,0.4
146,2,10,474,2014,0.42
146,2,10,474,2015,0.43
146,2,10,474,2016,0.43
146,2,10,474,2017,0.44
146,2,11,474,1990,0.32
146,2,11,474,1991,0.34
146,2,11,474,1992,0.36
146,2,11,474,1993,0.38
146,2,11,474,1994,0.39
146,2,11,474,1995,0.39
146,2,11,474,1996,0.4
146,2,11,474,1997,0.4
146,2,11,474,1998,0.4
146,2,11,474,1999,0.4
146,2,11,474,2000,0.4
146,2,11,474,2001,0.41
146,2,11,474,2002,0.42
146,2,11,474,2003,0.44
146,2,11,474,2004,0.46
146,2,11,474,2005,0.48
146,2,11,474,2006,0.49
146,2,11,474,2007,0.49
146,2,11,474,2008,0.48
146,2,11,474,2009,0.46
146,2,11,474,2010,0.44
146,2,11,474,2011,0.44
146,2,11,474,2012,0.47
146,2,11,474,2013,0.52
146,2,11,474,2014,0.55
146,2,11,474,2015,0.57
146,2,11,474,2016,0.6
146,2,11,474,2017,0.63
146,2,12,474,1990,0.57
146,2,12,474,1991,0.52
146,2,12,474,1992,0.48
146,2,12,474,1993,0.46
146,2,12,474,1994,0.47
146,2,12,474,1995,0.5
146,2,12,474,1996,0.53
146,2,12,474,1997,0.57
146,2,12,474,1998,0.6
146,2,12,474,1999,0.59
146,2,12,474,2000,0.58
146,2,12,474,2001,0.57
146,2,12,474,2002,0.56
146,2,12,474,2003,0.55
146,2,12,474,2004,0.56
146,2,12,474,2005,0.57
146,2,12,474,2006,0.6
146,2,12,474,2007,0.62
146,2,12,474,2008,0.66
146,2,12,474,2009,0.69
146,2,12,474,2010,0.71
146,2,12,474,2011,0.73
146,2,12,474,2012,0.77
146,2,12,474,2013,0.8
146,2,12,474,2014,0.79
146,2,12,474,2015,0.79
146,2,12,474,2016,0.79
146,2,12,474,2017,0.81
146,2,13,474,1990,1.2
146,2,13,474,1991,1.25
146,2,13,474,1992,1.27
146,2,13,474,1993,1.27
146,2,13,474,1994,1.22
146,2,13,474,1995,1.17
146,2,13,474,1996,1.06
146,2,13,474,1997,0.99
146,2,13,474,1998,0.97
146,2,13,474,1999,0.97
146,2,13,474,2000,1.01
146,2,13,474,2001,1.05
146,2,13,474,2002,1.08
146,2,13,474,2003,1.11
146,2,13,474,2004,1.11
146,2,13,474,2005,1.11
146,2,13,474,2006,1.11
146,2,13,474,2007,1.12
146,2,13,474,2008,1.13
146,2,13,474,2009,1.15
146,2,13,474,2010,1.19
146,2,13,474,2011,1.27
146,2,13,474,2012,1.38
146,2,13,474,2013,1.54
146,2,13,474,2014,1.67
146,2,13,474,2015,1.75
146,2,13,474,2016,1.82
146,2,13,474,2017,1.88
146,2,14,474,1990,1.66
146,2,14,474,1991,1.72
146,2,14,474,1992,1.8
146,2,14,474,1993,1.88
146,2,14,474,1994,1.94
146,2,14,474,1995,1.99
146,2,14,474,1996,2.07
146,2,14,474,1997,2.11
146,2,14,474,1998,2.1
146,2,14,474,1999,1.97
146,2,14,474,2000,1.85
146,2,14,474,2001,1.63
146,2,14,474,2002,1.49
146,2,14,474,2003,1.43
146,2,14,474,2004,1.45
146,2,14,474,2005,1.55
146,2,14,474,2006,1.66
146,2,14,474,2007,1.78
146,2,14,474,2008,1.87
146,2,14,474,2009,1.92
146,2,14,474,2010,1.95
146,2,14,474,2011,2.01
146,2,14,474,2012,2.1
146,2,14,474,2013,2.22
146,2,14,474,2014,2.32
146,2,14,474,2015,2.43
146,2,14,474,2016,2.59
146,2,14,474,2017,2.76
146,2,15,474,1990,2.57
146,2,15,474,1991,2.57
146,2,15,474,1992,2.59
146,2,15,474,1993,2.63
146,2,15,474,1994,2.65
146,2,15,474,1995,2.74
146,2,15,474,1996,2.84
146,2,15,474,1997,2.97
146,2,15,474,1998,3.14
146,2,15,474,1999,3.16
146,2,15,474,2000,3.17
146,2,15,474,2001,3.25
146,2,15,474,2002,3.23
146,2,15,474,2003,3.18
146,2,15,474,2004,3.06
146,2,15,474,2005,2.93
146,2,15,474,2006,2.67
146,2,15,474,2007,2.5
146,2,15,474,2008,2.44
146,2,15,474,2009,2.5
146,2,15,474,2010,2.66
146,2,15,474,2011,2.9
146,2,15,474,2012,3.18
146,2,15,474,2013,3.45
146,2,15,474,2014,3.61
146,2,15,474,2015,3.7
146,2,15,474,2016,3.79
146,2,15,474,2017,3.89
146,2,16,474,1990,3.7
146,2,16,474,1991,3.76
146,2,16,474,1992,3.83
146,2,16,474,1993,3.9
146,2,16,474,1994,3.92
146,2,16,474,1995,3.99
146,2,16,474,1996,4.01
146,2,16,474,1997,4.06
146,2,16,474,1998,4.16
146,2,16,474,1999,4.1
146,2,16,474,2000,4.13
146,2,16,474,2001,4.2
146,2,16,474,2002,4.31
146,2,16,474,2003,4.47
146,2,16,474,2004,4.62
146,2,16,474,2005,4.75
146,2,16,474,2006,5.02
146,2,16,474,2007,5.2
146,2,16,474,2008,5.23
146,2,16,474,2009,5.13
146,2,16,474,2010,4.93
146,2,16,474,2011,4.58
146,2,16,474,2012,4.37
146,2,16,474,2013,4.35
146,2,16,474,2014,4.57
146,2,16,474,2015,4.97
146,2,16,474,2016,5.43
146,2,16,474,2017,5.9
146,2,17,474,1990,5.13
146,2,17,474,1991,5.22
146,2,17,474,1992,5.34
146,2,17,474,1993,5.5
146,2,17,474,1994,5.61
146,2,17,474,1995,5.79
146,2,17,474,1996,5.94
146,2,17,474,1997,6.08
146,2,17,474,1998,6.25
146,2,17,474,1999,6.05
146,2,17,474,2000,5.93
146,2,17,474,2001,5.78
146,2,17,474,2002,5.71
146,2,17,474,2003,5.72
146,2,17,474,2004,5.8
146,2,17,474,2005,6.01
146,2,17,474,2006,6.35
146,2,17,474,2007,6.79
146,2,17,474,2008,7.26
146,2,17,474,2009,7.69
146,2,17,474,2010,7.96
146,2,17,474,2011,8.57
146,2,17,474,2012,8.94
146,2,17,474,2013,9.11
146,2,17,474,2014,9.04
146,2,17,474,2015,8.82
146,2,17,474,2016,8.19
146,2,17,474,2017,7.8
146,2,18,474,1990,6.37
146,2,18,474,1991,6.6
146,2,18,474,1992,6.82
146,2,18,474,1993,7.02
146,2,18,474,1994,7.16
146,2,18,474,1995,7.37
146,2,18,474,1996,7.53
146,2,18,474,1997,7.72
146,2,18,474,1998,7.97
146,2,18,474,1999,7.89
146,2,18,474,2000,7.91
146,2,18,474,2001,7.9
146,2,18,474,2002,7.92
146,2,18,474,2003,8.01
146,2,18,474,2004,8.12
146,2,18,474,2005,8.33
146,2,18,474,2006,8.55
146,2,18,474,2007,8.82
146,2,18,474,2008,9.15
146,2,18,474,2009,9.54
146,2,18,474,2010,10
146,2,18,474,2011,10.69
146,2,18,474,2012,11.46
146,2,18,474,2013,12.28
146,2,18,474,2014,13.06
146,2,18,474,2015,13.61
146,2,18,474,2016,14.59
146,2,18,474,2017,15.19
146,2,19,474,1990,6.75
146,2,19,474,1991,7.1
146,2,19,474,1992,7.55
146,2,19,474,1993,8.07
146,2,19,474,1994,8.54
146,2,19,474,1995,9.06
146,2,19,474,1996,9.48
146,2,19,474,1997,9.86
146,2,19,474,1998,10.21
146,2,19,474,1999,10.31
146,2,19,474,2000,10.52
146,2,19,474,2001,10.67
146,2,19,474,2002,10.89
146,2,19,474,2003,11.19
146,2,19,474,2004,11.5
146,2,19,474,2005,11.96
146,2,19,474,2006,12.44
146,2,19,474,2007,12.94
146,2,19,474,2008,13.41
146,2,19,474,2009,13.9
146,2,19,474,2010,14.38
146,2,19,474,2011,14.91
146,2,19,474,2012,15.41
146,2,19,474,2013,15.96
146,2,19,474,2014,16.63
146,2,19,474,2015,17.47
146,2,19,474,2016,18.57
146,2,19,474,2017,19.91
146,2,20,474,1990,7.43
146,2,20,474,1991,7.53
146,2,20,474,1992,7.7
146,2,20,474,1993,7.94
146,2,20,474,1994,8.23
146,2,20,474,1995,8.72
146,2,20,474,1996,9.36
146,2,20,474,1997,10.1
146,2,20,474,1998,10.89
146,2,20,474,1999,11.69
146,2,20,474,2000,12.55
146,2,20,474,2001,13.17
146,2,20,474,2002,13.71
146,2,20,474,2003,14.24
146,2,20,474,2004,14.72
146,2,20,474,2005,15.36
146,2,20,474,2006,15.98
146,2,20,474,2007,16.65
146,2,20,474,2008,17.39
146,2,20,474,2009,18.21
146,2,20,474,2010,19.1
146,2,20,474,2011,20.1
146,2,20,474,2012,21.04
146,2,20,474,2013,21.93
146,2,20,474,2014,22.76
146,2,20,474,2015,23.46
146,2,20,474,2016,24.03
146,2,20,474,2017,24.69
146,2,22,474,1990,51.03
146,2,22,474,1991,52.08
146,2,22,474,1992,53.41
146,2,22,474,1993,54.94
146,2,22,474,1994,56.27
146,2,22,474,1995,58.35
146,2,22,474,1996,60.33
146,2,22,474,1997,62.56
146,2,22,474,1998,65.09
146,2,22,474,1999,66.4
146,2,22,474,2000,68.62
146,2,22,474,2001,70.5
146,2,22,474,2002,72.7
146,2,22,474,2003,75.42
146,2,22,474,2004,78.27
146,2,22,474,2005,82.13
146,2,22,474,2006,86.15
146,2,22,474,2007,90.46
146,2,22,474,2008,94.9
146,2,22,474,2009,99.49
146,2,22,474,2010,104.2
146,2,22,474,2011,109.87
146,2,22,474,2012,115.69
146,2,22,474,2013,121.72
146,2,22,474,2014,127.33
146,2,22,474,2015,132.42
146,2,22,474,2016,137.72
146,2,22,474,2017,143.19
146,2,30,474,1990,8.05
146,2,30,474,1991,8
146,2,30,474,1992,8.07
146,2,30,474,1993,8.22
146,2,30,474,1994,8.4
146,2,30,474,1995,8.71
146,2,30,474,1996,9.01
146,2,30,474,1997,9.36
146,2,30,474,1998,9.77
146,2,30,474,1999,10.36
146,2,30,474,2000,11.21
146,2,30,474,2001,12.15
146,2,30,474,2002,13.23
146,2,30,474,2003,14.42
146,2,30,474,2004,15.63
146,2,30,474,2005,16.96
146,2,30,474,2006,18.14
146,2,30,474,2007,19.25
146,2,30,474,2008,20.3
146,2,30,474,2009,21.35
146,2,30,474,2010,22.49
146,2,30,474,2011,23.74
146,2,30,474,2012,25.03
146,2,30,474,2013,26.39
146,2,30,474,2014,27.68
146,2,30,474,2015,28.86
146,2,30,474,2016,29.97
146,2,30,474,2017,30.97
146,2,31,474,1990,5.2
146,2,31,474,1991,5.24
146,2,31,474,1992,5.2
146,2,31,474,1993,5.13
146,2,31,474,1994,5.04
146,2,31,474,1995,5.06
146,2,31,474,1996,5.15
146,2,31,474,1997,5.31
146,2,31,474,1998,5.52
146,2,31,474,1999,5.81
146,2,31,474,2000,6.16
146,2,31,474,2001,6.46
146,2,31,474,2002,6.79
146,2,31,474,2003,7.18
146,2,31,474,2004,7.66
146,2,31,474,2005,8.34
146,2,31,474,2006,9.17
146,2,31,474,2007,10.1
146,2,31,474,2008,11.11
146,2,31,474,2009,12.15
146,2,31,474,2010,13.22
146,2,31,474,2011,14.26
146,2,31,474,2012,15.25
146,2,31,474,2013,16.16
146,2,31,474,2014,17.01
146,2,31,474,2015,17.8
146,2,31,474,2016,18.59
146,2,31,474,2017,19.42
146,2,32,474,1990,1.32
146,2,32,474,1991,1.44
146,2,32,474,1992,1.58
146,2,32,474,1993,1.73
146,2,32,474,1994,1.86
146,2,32,474,1995,1.96
146,2,32,474,1996,2.01
146,2,32,474,1997,2.04
146,2,32,474,1998,2.06
146,2,32,474,1999,2.07
146,2,32,474,2000,2.12
146,2,32,474,2001,2.18
146,2,32,474,2002,2.27
146,2,32,474,2003,2.38
146,2,32,474,2004,2.5
146,2,32,474,2005,2.66
146,2,32,474,2006,2.83
146,2,32,474,2007,3.02
146,2,32,474,2008,3.24
146,2,32,474,2009,3.49
146,2,32,474,2010,3.82
146,2,32,474,2011,4.25
146,2,32,474,2012,4.73
146,2,32,474,2013,5.25
146,2,32,474,2014,5.76
146,2,32,474,2015,6.24
146,2,32,474,2016,6.67
146,2,32,474,2017,7.09
146,2,235,474,1990,0.23
146,2,235,474,1991,0.24
146,2,235,474,1992,0.25
146,2,235,474,1993,0.26
146,2,235,474,1994,0.27
146,2,235,474,1995,0.3
146,2,235,474,1996,0.33
146,2,235,474,1997,0.37
146,2,235,474,1998,0.41
146,2,235,474,1999,0.44
146,2,235,474,2000,0.46
146,2,235,474,2001,0.48
146,2,235,474,2002,0.49
146,2,235,474,2003,0.5
146,2,235,474,2004,0.52
146,2,235,474,2005,0.54
146,2,235,474,2006,0.57
146,2,235,474,2007,0.61
146,2,235,474,2008,0.65
146,2,235,474,2009,0.69
146,2,235,474,2010,0.74
146,2,235,474,2011,0.79
146,2,235,474,2012,0.85
146,2,235,474,2013,0.91
146,2,235,474,2014,0.99
146,2,235,474,2015,1.08
146,2,235,474,2016,1.19
146,2,235,474,2017,1.32
147,2,8,474,1990,0.03
147,2,8,474,1991,0.03
147,2,8,474,1992,0.04
147,2,8,474,1993,0.04
147,2,8,474,1994,0.04
147,2,8,474,1995,0.04
147,2,8,474,1996,0.04
147,2,8,474,1997,0.04
147,2,8,474,1998,0.04
147,2,8,474,1999,0.05
147,2,8,474,2000,0.05
147,2,8,474,2001,0.05
147,2,8,474,2002,0.05
147,2,8,474,2003,0.05
147,2,8,474,2004,0.04
147,2,8,474,2005,0.04
147,2,8,474,2006,0.04
147,2,8,474,2007,0.04
147,2,8,474,2008,0.04
147,2,8,474,2009,0.05
147,2,8,474,2010,0.05
147,2,8,474,2011,0.06
147,2,8,474,2012,0.06
147,2,8,474,2013,0.06
147,2,8,474,2014,0.06
147,2,8,474,2015,0.06
147,2,8,474,2016,0.05
147,2,8,474,2017,0.05
147,2,9,474,1990,0.04
147,2,9,474,1991,0.04
147,2,9,474,1992,0.04
147,2,9,474,1993,0.05
147,2,9,474,1994,0.05
147,2,9,474,1995,0.05
147,2,9,474,1996,0.06
147,2,9,474,1997,0.06
147,2,9,474,1998,0.07
147,2,9,474,1999,0.07
147,2,9,474,2000,0.07
147,2,9,474,2001,0.07
147,2,9,474,2002,0.07
147,2,9,474,2003,0.06
147,2,9,474,2004,0.06
147,2,9,474,2005,0.06
147,2,9,474,2006,0.06
147,2,9,474,2007,0.06
147,2,9,474,2008,0.07
147,2,9,474,2009,0.08
147,2,9,474,2010,0.09
147,2,9,474,2011,0.09
147,2,9,474,2012,0.09
147,2,9,474,2013,0.09
147,2,9,474,2014,0.09
147,2,9,474,2015,0.08
147,2,9,474,2016,0.08
147,2,9,474,2017,0.08
147,2,10,474,1990,0.05
147,2,10,474,1991,0.05
147,2,10,474,1992,0.05
147,2,10,474,1993,0.06
147,2,10,474,1994,0.06
147,2,10,474,1995,0.07
147,2,10,474,1996,0.08
147,2,10,474,1997,0.08
147,2,10,474,1998,0.09
147,2,10,474,1999,0.1
147,2,10,474,2000,0.11
147,2,10,474,2001,0.11
147,2,10,474,2002,0.11
147,2,10,474,2003,0.1
147,2,10,474,2004,0.1
147,2,10,474,2005,0.1
147,2,10,474,2006,0.1
147,2,10,474,2007,0.09
147,2,10,474,2008,0.1
147,2,10,474,2009,0.13
147,2,10,474,2010,0.15
147,2,10,474,2011,0.15
147,2,10,474,2012,0.14
147,2,10,474,2013,0.14
147,2,10,474,2014,0.14
147,2,10,474,2015,0.13
147,2,10,474,2016,0.12
147,2,10,474,2017,0.12
147,2,11,474,1990,0.07
147,2,11,474,1991,0.07
147,2,11,474,1992,0.08
147,2,11,474,1993,0.08
147,2,11,474,1994,0.09
147,2,11,474,1995,0.09
147,2,11,474,1996,0.1
147,2,11,474,1997,0.11
147,2,11,474,1998,0.13
147,2,11,474,1999,0.15
147,2,11,474,2000,0.16
147,2,11,474,2001,0.17
147,2,11,474,2002,0.16
147,2,11,474,2003,0.16
147,2,11,474,2004,0.17
147,2,11,474,2005,0.19
147,2,11,474,2006,0.18
147,2,11,474,2007,0.18
147,2,11,474,2008,0.2
147,2,11,474,2009,0.26
147,2,11,474,2010,0.31
147,2,11,474,2011,0.31
147,2,11,474,2012,0.3
147,2,11,474,2013,0.29
147,2,11,474,2014,0.29
147,2,11,474,2015,0.28
147,2,11,474,2016,0.26
147,2,11,474,2017,0.26
147,2,12,474,1990,0.09
147,2,12,474,1991,0.09
147,2,12,474,1992,0.1
147,2,12,474,1993,0.1
147,2,12,474,1994,0.11
147,2,12,474,1995,0.12
147,2,12,474,1996,0.12
147,2,12,474,1997,0.13
147,2,12,474,1998,0.16
147,2,12,474,1999,0.18
147,2,12,474,2000,0.19
147,2,12,474,2001,0.19
147,2,12,474,2002,0.2
147,2,12,474,2003,0.2
147,2,12,474,2004,0.22
147,2,12,474,2005,0.24
147,2,12,474,2006,0.24
147,2,12,474,2007,0.25
147,2,12,474,2008,0.27
147,2,12,474,2009,0.33
147,2,12,474,2010,0.39
147,2,12,474,2011,0.41
147,2,12,474,2012,0.4
147,2,12,474,2013,0.41
147,2,12,474,2014,0.41
147,2,12,474,2015,0.4
147,2,12,474,2016,0.38
147,2,12,474,2017,0.38
147,2,13,474,1990,0.19
147,2,13,474,1991,0.21
147,2,13,474,1992,0.22
147,2,13,474,1993,0.23
147,2,13,474,1994,0.25
147,2,13,474,1995,0.27
147,2,13,474,1996,0.28
147,2,13,474,1997,0.31
147,2,13,474,1998,0.33
147,2,13,474,1999,0.35
147,2,13,474,2000,0.38
147,2,13,474,2001,0.4
147,2,13,474,2002,0.42
147,2,13,474,2003,0.44
147,2,13,474,2004,0.46
147,2,13,474,2005,0.47
147,2,13,474,2006,0.5
147,2,13,474,2007,0.54
147,2,13,474,2008,0.58
147,2,13,474,2009,0.62
147,2,13,474,2010,0.65
147,2,13,474,2011,0.7
147,2,13,474,2012,0.74
147,2,13,474,2013,0.76
147,2,13,474,2014,0.79
147,2,13,474,2015,0.81
147,2,13,474,2016,0.83
147,2,13,474,2017,0.86
147,2,14,474,1990,0.31
147,2,14,474,1991,0.33
147,2,14,474,1992,0.35
147,2,14,474,1993,0.38
147,2,14,474,1994,0.4
147,2,14,474,1995,0.41
147,2,14,474,1996,0.43
147,2,14,474,1997,0.46
147,2,14,474,1998,0.47
147,2,14,474,1999,0.5
147,2,14,474,2000,0.54
147,2,14,474,2001,0.55
147,2,14,474,2002,0.56
147,2,14,474,2003,0.59
147,2,14,474,2004,0.62
147,2,14,474,2005,0.64
147,2,14,474,2006,0.69
147,2,14,474,2007,0.75
147,2,14,474,2008,0.79
147,2,14,474,2009,0.79
147,2,14,474,2010,0.78
147,2,14,474,2011,0.84
147,2,14,474,2012,0.9
147,2,14,474,2013,0.96
147,2,14,474,2014,1.02
147,2,14,474,2015,1.11
147,2,14,474,2016,1.19
147,2,14,474,2017,1.25
147,2,15,474,1990,0.46
147,2,15,474,1991,0.48
147,2,15,474,1992,0.49
147,2,15,474,1993,0.51
147,2,15,474,1994,0.53
147,2,15,474,1995,0.55
147,2,15,474,1996,0.57
147,2,15,474,1997,0.61
147,2,15,474,1998,0.64
147,2,15,474,1999,0.66
147,2,15,474,2000,0.67
147,2,15,474,2001,0.71
147,2,15,474,2002,0.74
147,2,15,474,2003,0.77
147,2,15,474,2004,0.8
147,2,15,474,2005,0.84
147,2,15,474,2006,0.86
147,2,15,474,2007,0.92
147,2,15,474,2008,0.97
147,2,15,474,2009,1.01
147,2,15,474,2010,1.01
147,2,15,474,2011,1.06
147,2,15,474,2012,1.1
147,2,15,474,2013,1.17
147,2,15,474,2014,1.23
147,2,15,474,2015,1.3
147,2,15,474,2016,1.43
147,2,15,474,2017,1.54
147,2,16,474,1990,0.74
147,2,16,474,1991,0.76
147,2,16,474,1992,0.79
147,2,16,474,1993,0.83
147,2,16,474,1994,0.85
147,2,16,474,1995,0.88
147,2,16,474,1996,0.9
147,2,16,474,1997,0.94
147,2,16,474,1998,0.94
147,2,16,474,1999,0.95
147,2,16,474,2000,0.98
147,2,16,474,2001,1.02
147,2,16,474,2002,1.07
147,2,16,474,2003,1.13
147,2,16,474,2004,1.15
147,2,16,474,2005,1.15
147,2,16,474,2006,1.21
147,2,16,474,2007,1.29
147,2,16,474,2008,1.32
147,2,16,474,2009,1.31
147,2,16,474,2010,1.31
147,2,16,474,2011,1.38
147,2,16,474,2012,1.44
147,2,16,474,2013,1.5
147,2,16,474,2014,1.61
147,2,16,474,2015,1.75
147,2,16,474,2016,1.89
147,2,16,474,2017,2
147,2,17,474,1990,1.23
147,2,17,474,1991,1.31
147,2,17,474,1992,1.37
147,2,17,474,1993,1.42
147,2,17,474,1994,1.47
147,2,17,474,1995,1.51
147,2,17,474,1996,1.54
147,2,17,474,1997,1.6
147,2,17,474,1998,1.65
147,2,17,474,1999,1.68
147,2,17,474,2000,1.71
147,2,17,474,2001,1.7
147,2,17,474,2002,1.72
147,2,17,474,2003,1.69
147,2,17,474,2004,1.76
147,2,17,474,2005,1.83
147,2,17,474,2006,1.84
147,2,17,474,2007,1.93
147,2,17,474,2008,2.08
147,2,17,474,2009,2.29
147,2,17,474,2010,2.4
147,2,17,474,2011,2.58
147,2,17,474,2012,2.62
147,2,17,474,2013,2.67
147,2,17,474,2014,2.8
147,2,17,474,2015,2.95
147,2,17,474,2016,2.96
147,2,17,474,2017,3.06
147,2,18,474,1990,1.52
147,2,18,474,1991,1.61
147,2,18,474,1992,1.75
147,2,18,474,1993,1.9
147,2,18,474,1994,2.05
147,2,18,474,1995,2.22
147,2,18,474,1996,2.33
147,2,18,474,1997,2.44
147,2,18,474,1998,2.47
147,2,18,474,1999,2.53
147,2,18,474,2000,2.55
147,2,18,474,2001,2.51
147,2,18,474,2002,2.58
147,2,18,474,2003,2.55
147,2,18,474,2004,2.48
147,2,18,474,2005,2.48
147,2,18,474,2006,2.46
147,2,18,474,2007,2.49
147,2,18,474,2008,2.57
147,2,18,474,2009,2.68
147,2,18,474,2010,2.78
147,2,18,474,2011,2.91
147,2,18,474,2012,2.96
147,2,18,474,2013,3.14
147,2,18,474,2014,3.25
147,2,18,474,2015,3.27
147,2,18,474,2016,3.43
147,2,18,474,2017,3.56
147,2,19,474,1990,1.58
147,2,19,474,1991,1.7
147,2,19,474,1992,1.86
147,2,19,474,1993,2
147,2,19,474,1994,2.15
147,2,19,474,1995,2.3
147,2,19,474,1996,2.41
147,2,19,474,1997,2.59
147,2,19,474,1998,2.71
147,2,19,474,1999,2.9
147,2,19,474,2000,3.06
147,2,19,474,2001,3.04
147,2,19,474,2002,3.03
147,2,19,474,2003,2.8
147,2,19,474,2004,2.86
147,2,19,474,2005,2.9
147,2,19,474,2006,2.75
147,2,19,474,2007,2.74
147,2,19,474,2008,3.04
147,2,19,474,2009,3.71
147,2,19,474,2010,4.21
147,2,19,474,2011,4.21
147,2,19,474,2012,4.04
147,2,19,474,2013,4.16
147,2,19,474,2014,4.23
147,2,19,474,2015,4.18
147,2,19,474,2016,4.17
147,2,19,474,2017,4.32
147,2,20,474,1990,1.3
147,2,20,474,1991,1.37
147,2,20,474,1992,1.47
147,2,20,474,1993,1.57
147,2,20,474,1994,1.7
147,2,20,474,1995,1.84
147,2,20,474,1996,1.95
147,2,20,474,1997,2.09
147,2,20,474,1998,2.19
147,2,20,474,1999,2.34
147,2,20,474,2000,2.43
147,2,20,474,2001,2.43
147,2,20,474,2002,2.55
147,2,20,474,2003,2.52
147,2,20,474,2004,2.63
147,2,20,474,2005,2.76
147,2,20,474,2006,2.74
147,2,20,474,2007,2.73
147,2,20,474,2008,2.89
147,2,20,474,2009,3.21
147,2,20,474,2010,3.4
147,2,20,474,2011,3.39
147,2,20,474,2012,3.28
147,2,20,474,2013,3.37
147,2,20,474,2014,3.37
147,2,20,474,2015,3.34
147,2,20,474,2016,3.33
147,2,20,474,2017,3.39
147,2,22,474,1990,10.39
147,2,22,474,1991,10.97
147,2,22,474,1992,11.72
147,2,22,474,1993,12.46
147,2,22,474,1994,13.21
147,2,22,474,1995,14.01
147,2,22,474,1996,14.61
147,2,22,474,1997,15.48
147,2,22,474,1998,16.11
147,2,22,474,1999,16.92
147,2,22,474,2000,17.54
147,2,22,474,2001,17.62
147,2,22,474,2002,17.99
147,2,22,474,2003,17.75
147,2,22,474,2004,18.54
147,2,22,474,2005,19.33
147,2,22,474,2006,19.32
147,2,22,474,2007,19.91
147,2,22,474,2008,21.51
147,2,22,474,2009,24.29
147,2,22,474,2010,26.15
147,2,22,474,2011,26.49
147,2,22,474,2012,26.16
147,2,22,474,2013,26.98
147,2,22,474,2014,27.6
147,2,22,474,2015,27.78
147,2,22,474,2016,28.18
147,2,22,474,2017,29
147,2,30,474,1990,1.38
147,2,30,474,1991,1.46
147,2,30,474,1992,1.56
147,2,30,474,1993,1.67
147,2,30,474,1994,1.77
147,2,30,474,1995,1.86
147,2,30,474,1996,1.94
147,2,30,474,1997,2.04
147,2,30,474,1998,2.14
147,2,30,474,1999,2.29
147,2,30,474,2000,2.4
147,2,30,474,2001,2.43
147,2,30,474,2002,2.47
147,2,30,474,2003,2.44
147,2,30,474,2004,2.68
147,2,30,474,2005,2.9
147,2,30,474,2006,2.9
147,2,30,474,2007,3.03
147,2,30,474,2008,3.4
147,2,30,474,2009,4.07
147,2,30,474,2010,4.56
147,2,30,474,2011,4.54
147,2,30,474,2012,4.34
147,2,30,474,2013,4.36
147,2,30,474,2014,4.33
147,2,30,474,2015,4.15
147,2,30,474,2016,4.07
147,2,30,474,2017,4.1
147,2,31,474,1990,0.89
147,2,31,474,1991,0.94
147,2,31,474,1992,1
147,2,31,474,1993,1.05
147,2,31,474,1994,1.08
147,2,31,474,1995,1.14
147,2,31,474,1996,1.2
147,2,31,474,1997,1.27
147,2,31,474,1998,1.35
147,2,31,474,1999,1.41
147,2,31,474,2000,1.45
147,2,31,474,2001,1.45
147,2,31,474,2002,1.46
147,2,31,474,2003,1.44
147,2,31,474,2004,1.61
147,2,31,474,2005,1.78
147,2,31,474,2006,1.8
147,2,31,474,2007,1.87
147,2,31,474,2008,2.07
147,2,31,474,2009,2.44
147,2,31,474,2010,2.65
147,2,31,474,2011,2.54
147,2,31,474,2012,2.49
147,2,31,474,2013,2.62
147,2,31,474,2014,2.72
147,2,31,474,2015,2.73
147,2,31,474,2016,2.76
147,2,31,474,2017,2.77
147,2,32,474,1990,0.4
147,2,32,474,1991,0.42
147,2,32,474,1992,0.43
147,2,32,474,1993,0.45
147,2,32,474,1994,0.47
147,2,32,474,1995,0.5
147,2,32,474,1996,0.52
147,2,32,474,1997,0.55
147,2,32,474,1998,0.57
147,2,32,474,1999,0.58
147,2,32,474,2000,0.61
147,2,32,474,2001,0.62
147,2,32,474,2002,0.63
147,2,32,474,2003,0.64
147,2,32,474,2004,0.7
147,2,32,474,2005,0.75
147,2,32,474,2006,0.76
147,2,32,474,2007,0.78
147,2,32,474,2008,0.86
147,2,32,474,2009,1.02
147,2,32,474,2010,1.11
147,2,32,474,2011,1.05
147,2,32,474,2012,1
147,2,32,474,2013,1.01
147,2,32,474,2014,1.02
147,2,32,474,2015,0.98
147,2,32,474,2016,0.98
147,2,32,474,2017,1.03
147,2,235,474,1990,0.1
147,2,235,474,1991,0.11
147,2,235,474,1992,0.12
147,2,235,474,1993,0.12
147,2,235,474,1994,0.13
147,2,235,474,1995,0.14
147,2,235,474,1996,0.14
147,2,235,474,1997,0.15
147,2,235,474,1998,0.16
147,2,235,474,1999,0.17
147,2,235,474,2000,0.17
147,2,235,474,2001,0.17
147,2,235,474,2002,0.18
147,2,235,474,2003,0.17
147,2,235,474,2004,0.19
147,2,235,474,2005,0.21
147,2,235,474,2006,0.21
147,2,235,474,2007,0.22
147,2,235,474,2008,0.25
147,2,235,474,2009,0.29
147,2,235,474,2010,0.31
147,2,235,474,2011,0.28
147,2,235,474,2012,0.26
147,2,235,474,2013,0.26
147,2,235,474,2014,0.26
147,2,235,474,2015,0.25
147,2,235,474,2016,0.24
147,2,235,474,2017,0.25
148,2,8,474,1990,0.13
148,2,8,474,1991,0.13
148,2,8,474,1992,0.13
148,2,8,474,1993,0.14
148,2,8,474,1994,0.14
148,2,8,474,1995,0.15
148,2,8,474,1996,0.15
148,2,8,474,1997,0.15
148,2,8,474,1998,0.15
148,2,8,474,1999,0.16
148,2,8,474,2000,0.16
148,2,8,474,2001,0.17
148,2,8,474,2002,0.17
148,2,8,474,2003,0.18
148,2,8,474,2004,0.18
148,2,8,474,2005,0.19
148,2,8,474,2006,0.2
148,2,8,474,2007,0.2
148,2,8,474,2008,0.2
148,2,8,474,2009,0.21
148,2,8,474,2010,0.21
148,2,8,474,2011,0.21
148,2,8,474,2012,0.21
148,2,8,474,2013,0.21
148,2,8,474,2014,0.21
148,2,8,474,2015,0.21
148,2,8,474,2016,0.21
148,2,8,474,2017,0.21
148,2,9,474,1990,0.12
148,2,9,474,1991,0.12
148,2,9,474,1992,0.12
148,2,9,474,1993,0.13
148,2,9,474,1994,0.13
148,2,9,474,1995,0.14
148,2,9,474,1996,0.14
148,2,9,474,1997,0.14
148,2,9,474,1998,0.14
148,2,9,474,1999,0.14
148,2,9,474,2000,0.15
148,2,9,474,2001,0.15
148,2,9,474,2002,0.16
148,2,9,474,2003,0.16
148,2,9,474,2004,0.17
148,2,9,474,2005,0.18
148,2,9,474,2006,0.19
148,2,9,474,2007,0.19
148,2,9,474,2008,0.2
148,2,9,474,2009,0.2
148,2,9,474,2010,0.21
148,2,9,474,2011,0.21
148,2,9,474,2012,0.21
148,2,9,474,2013,0.21
148,2,9,474,2014,0.21
148,2,9,474,2015,0.21
148,2,9,474,2016,0.21
148,2,9,474,2017,0.2
148,2,10,474,1990,0.13
148,2,10,474,1991,0.13
148,2,10,474,1992,0.14
148,2,10,474,1993,0.14
148,2,10,474,1994,0.15
148,2,10,474,1995,0.15
148,2,10,474,1996,0.15
148,2,10,474,1997,0.16
148,2,10,474,1998,0.16
148,2,10,474,1999,0.16
148,2,10,474,2000,0.16
148,2,10,474,2001,0.16
148,2,10,474,2002,0.17
148,2,10,474,2003,0.17
148,2,10,474,2004,0.17
148,2,10,474,2005,0.18
148,2,10,474,2006,0.18
148,2,10,474,2007,0.19
148,2,10,474,2008,0.19
148,2,10,474,2009,0.2
148,2,10,474,2010,0.2
148,2,10,474,2011,0.2
148,2,10,474,2012,0.2
148,2,10,474,2013,0.21
148,2,10,474,2014,0.21
148,2,10,474,2015,0.21
148,2,10,474,2016,0.21
148,2,10,474,2017,0.21
148,2,11,474,1990,0.2
148,2,11,474,1991,0.21
148,2,11,474,1992,0.22
148,2,11,474,1993,0.23
148,2,11,474,1994,0.24
148,2,11,474,1995,0.25
148,2,11,474,1996,0.26
148,2,11,474,1997,0.26
148,2,11,474,1998,0.27
148,2,11,474,1999,0.27
148,2,11,474,2000,0.27
148,2,11,474,2001,0.28
148,2,11,474,2002,0.29
148,2,11,474,2003,0.3
148,2,11,474,2004,0.3
148,2,11,474,2005,0.3
148,2,11,474,2006,0.31
148,2,11,474,2007,0.31
148,2,11,474,2008,0.32
148,2,11,474,2009,0.32
148,2,11,474,2010,0.33
148,2,11,474,2011,0.33
148,2,11,474,2012,0.33
148,2,11,474,2013,0.34
148,2,11,474,2014,0.34
148,2,11,474,2015,0.34
148,2,11,474,2016,0.33
148,2,11,474,2017,0.33
148,2,12,474,1990,0.31
148,2,12,474,1991,0.32
148,2,12,474,1992,0.34
148,2,12,474,1993,0.35
148,2,12,474,1994,0.37
148,2,12,474,1995,0.39
148,2,12,474,1996,0.4
148,2,12,474,1997,0.42
148,2,12,474,1998,0.43
148,2,12,474,1999,0.44
148,2,12,474,2000,0.46
148,2,12,474,2001,0.47
148,2,12,474,2002,0.49
148,2,12,474,2003,0.49
148,2,12,474,2004,0.5
148,2,12,474,2005,0.5
148,2,12,474,2006,0.5
148,2,12,474,2007,0.51
148,2,12,474,2008,0.52
148,2,12,474,2009,0.53
148,2,12,474,2010,0.53
148,2,12,474,2011,0.54
148,2,12,474,2012,0.54
148,2,12,474,2013,0.54
148,2,12,474,2014,0.54
148,2,12,474,2015,0.55
148,2,12,474,2016,0.55
148,2,12,474,2017,0.55
148,2,13,474,1990,0.59
148,2,13,474,1991,0.62
148,2,13,474,1992,0.65
148,2,13,474,1993,0.69
148,2,13,474,1994,0.72
148,2,13,474,1995,0.77
148,2,13,474,1996,0.79
148,2,13,474,1997,0.83
148,2,13,474,1998,0.84
148,2,13,474,1999,0.87
148,2,13,474,2000,0.9
148,2,13,474,2001,0.94
148,2,13,474,2002,0.97
148,2,13,474,2003,1.01
148,2,13,474,2004,1.03
148,2,13,474,2005,1.05
148,2,13,474,2006,1.07
148,2,13,474,2007,1.08
148,2,13,474,2008,1.09
148,2,13,474,2009,1.09
148,2,13,474,2010,1.09
148,2,13,474,2011,1.1
148,2,13,474,2012,1.1
148,2,13,474,2013,1.11
148,2,13,474,2014,1.13
148,2,13,474,2015,1.14
148,2,13,474,2016,1.15
148,2,13,474,2017,1.16
148,2,14,474,1990,1
148,2,14,474,1991,1.03
148,2,14,474,1992,1.06
148,2,14,474,1993,1.1
148,2,14,474,1994,1.13
148,2,14,474,1995,1.13
148,2,14,474,1996,1.17
148,2,14,474,1997,1.23
148,2,14,474,1998,1.25
148,2,14,474,1999,1.31
148,2,14,474,2000,1.38
148,2,14,474,2001,1.42
148,2,14,474,2002,1.47
148,2,14,474,2003,1.51
148,2,14,474,2004,1.56
148,2,14,474,2005,1.61
148,2,14,474,2006,1.67
148,2,14,474,2007,1.73
148,2,14,474,2008,1.77
148,2,14,474,2009,1.81
148,2,14,474,2010,1.83
148,2,14,474,2011,1.85
148,2,14,474,2012,1.84
148,2,14,474,2013,1.84
148,2,14,474,2014,1.84
148,2,14,474,2015,1.85
148,2,14,474,2016,1.87
148,2,14,474,2017,1.89
148,2,15,474,1990,1.61
148,2,15,474,1991,1.65
148,2,15,474,1992,1.69
148,2,15,474,1993,1.74
148,2,15,474,1994,1.78
148,2,15,474,1995,1.8
148,2,15,474,1996,1.82
148,2,15,474,1997,1.86
148,2,15,474,1998,1.87
148,2,15,474,1999,1.92
148,2,15,474,2000,1.9
148,2,15,474,2001,1.97
148,2,15,474,2002,2.07
148,2,15,474,2003,2.15
148,2,15,474,2004,2.23
148,2,15,474,2005,2.38
148,2,15,474,2006,2.46
148,2,15,474,2007,2.55
148,2,15,474,2008,2.62
148,2,15,474,2009,2.7
148,2,15,474,2010,2.78
148,2,15,474,2011,2.86
148,2,15,474,2012,2.93
148,2,15,474,2013,3
148,2,15,474,2014,3.05
148,2,15,474,2015,3.09
148,2,15,474,2016,3.12
148,2,15,474,2017,3.13
148,2,16,474,1990,2.23
148,2,16,474,1991,2.3
148,2,16,474,1992,2.35
148,2,16,474,1993,2.43
148,2,16,474,1994,2.49
148,2,16,474,1995,2.55
148,2,16,474,1996,2.6
148,2,16,474,1997,2.64
148,2,16,474,1998,2.65
148,2,16,474,1999,2.72
148,2,16,474,2000,2.72
148,2,16,474,2001,2.76
148,2,16,474,2002,2.8
148,2,16,474,2003,2.86
148,2,16,474,2004,2.93
148,2,16,474,2005,2.95
148,2,16,474,2006,3.1
148,2,16,474,2007,3.3
148,2,16,474,2008,3.45
148,2,16,474,2009,3.62
148,2,16,474,2010,3.87
148,2,16,474,2011,3.98
148,2,16,474,2012,4.1
148,2,16,474,2013,4.22
148,2,16,474,2014,4.34
148,2,16,474,2015,4.47
148,2,16,474,2016,4.62
148,2,16,474,2017,4.76
148,2,17,474,1990,3.2
148,2,17,474,1991,3.28
148,2,17,474,1992,3.34
148,2,17,474,1993,3.38
148,2,17,474,1994,3.39
148,2,17,474,1995,3.44
148,2,17,474,1996,3.54
148,2,17,474,1997,3.63
148,2,17,474,1998,3.66
148,2,17,474,1999,3.77
148,2,17,474,2000,3.82
148,2,17,474,2001,3.9
148,2,17,474,2002,3.94
148,2,17,474,2003,4.01
148,2,17,474,2004,4.06
148,2,17,474,2005,4.07
148,2,17,474,2006,4.1
148,2,17,474,2007,4.14
148,2,17,474,2008,4.2
148,2,17,474,2009,4.29
148,2,17,474,2010,4.32
148,2,17,474,2011,4.58
148,2,17,474,2012,4.89
148,2,17,474,2013,5.19
148,2,17,474,2014,5.51
148,2,17,474,2015,5.9
148,2,17,474,2016,6.1
148,2,17,474,2017,6.3
148,2,18,474,1990,4.55
148,2,18,474,1991,4.65
148,2,18,474,1992,4.84
148,2,18,474,1993,4.99
148,2,18,474,1994,5.08
148,2,18,474,1995,5.23
148,2,18,474,1996,5.35
148,2,18,474,1997,5.5
148,2,18,474,1998,5.47
148,2,18,474,1999,5.59
148,2,18,474,2000,5.64
148,2,18,474,2001,5.86
148,2,18,474,2002,6.03
148,2,18,474,2003,6.21
148,2,18,474,2004,6.38
148,2,18,474,2005,6.54
148,2,18,474,2006,6.63
148,2,18,474,2007,6.68
148,2,18,474,2008,6.7
148,2,18,474,2009,6.71
148,2,18,474,2010,6.65
148,2,18,474,2011,6.59
148,2,18,474,2012,6.55
148,2,18,474,2013,6.59
148,2,18,474,2014,6.69
148,2,18,474,2015,6.72
148,2,18,474,2016,7.14
148,2,18,474,2017,7.65
148,2,19,474,1990,5.45
148,2,19,474,1991,5.71
148,2,19,474,1992,6.07
148,2,19,474,1993,6.4
148,2,19,474,1994,6.64
148,2,19,474,1995,6.8
148,2,19,474,1996,6.89
148,2,19,474,1997,7.13
148,2,19,474,1998,7.16
148,2,19,474,1999,7.35
148,2,19,474,2000,7.51
148,2,19,474,2001,7.78
148,2,19,474,2002,8.06
148,2,19,474,2003,8.23
148,2,19,474,2004,8.42
148,2,19,474,2005,8.69
148,2,19,474,2006,9.13
148,2,19,474,2007,9.52
148,2,19,474,2008,9.86
148,2,19,474,2009,10.19
148,2,19,474,2010,10.49
148,2,19,474,2011,10.69
148,2,19,474,2012,10.81
148,2,19,474,2013,10.94
148,2,19,474,2014,10.97
148,2,19,474,2015,10.83
148,2,19,474,2016,10.69
148,2,19,474,2017,10.55
148,2,20,474,1990,6.58
148,2,20,474,1991,6.5
148,2,20,474,1992,6.53
148,2,20,474,1993,6.78
148,2,20,474,1994,7.06
148,2,20,474,1995,7.43
148,2,20,474,1996,7.75
148,2,20,474,1997,8.22
148,2,20,474,1998,8.5
148,2,20,474,1999,8.87
148,2,20,474,2000,8.99
148,2,20,474,2001,9.11
148,2,20,474,2002,9.42
148,2,20,474,2003,9.62
148,2,20,474,2004,9.84
148,2,20,474,2005,10.23
148,2,20,474,2006,10.69
148,2,20,474,2007,11.3
148,2,20,474,2008,11.66
148,2,20,474,2009,12.09
148,2,20,474,2010,12.64
148,2,20,474,2011,13.36
148,2,20,474,2012,14.04
148,2,20,474,2013,14.71
148,2,20,474,2014,15.28
148,2,20,474,2015,15.77
148,2,20,474,2016,16.11
148,2,20,474,2017,16.18
148,2,22,474,1990,37.95
148,2,22,474,1991,39.05
148,2,22,474,1992,40.39
148,2,22,474,1993,41.81
148,2,22,474,1994,42.92
148,2,22,474,1995,44.15
148,2,22,474,1996,45.2
148,2,22,474,1997,46.7
148,2,22,474,1998,47.44
148,2,22,474,1999,49.08
148,2,22,474,2000,50.1
148,2,22,474,2001,51.59
148,2,22,474,2002,53.36
148,2,22,474,2003,54.95
148,2,22,474,2004,56.56
148,2,22,474,2005,58.29
148,2,22,474,2006,60.17
148,2,22,474,2007,62.71
148,2,22,474,2008,64.66
148,2,22,474,2009,66.76
148,2,22,474,2010,68.99
148,2,22,474,2011,71.19
148,2,22,474,2012,73.97
148,2,22,474,2013,76.54
148,2,22,474,2014,79.07
148,2,22,474,2015,81.55
148,2,22,474,2016,84.29
148,2,22,474,2017,86.86
148,2,30,474,1990,6.92
148,2,30,474,1991,7.19
148,2,30,474,1992,7.44
148,2,30,474,1993,7.57
148,2,30,474,1994,7.63
148,2,30,474,1995,7.7
148,2,30,474,1996,7.65
148,2,30,474,1997,7.74
148,2,30,474,1998,7.98
148,2,30,474,1999,8.43
148,2,30,474,2000,8.87
148,2,30,474,2001,9.3
148,2,30,474,2002,9.84
148,2,30,474,2003,10.29
148,2,30,474,2004,10.68
148,2,30,474,2005,10.91
148,2,30,474,2006,11.07
148,2,30,474,2007,11.56
148,2,30,474,2008,11.88
148,2,30,474,2009,12.27
148,2,30,474,2010,12.87
148,2,30,474,2011,13.42
148,2,30,474,2012,14.22
148,2,30,474,2013,14.8
148,2,30,474,2014,15.42
148,2,30,474,2015,16.18
148,2,30,474,2016,17.24
148,2,30,474,2017,18.06
148,2,31,474,1990,3.63
148,2,31,474,1991,3.84
148,2,31,474,1992,4.02
148,2,31,474,1993,4.2
148,2,31,474,1994,4.34
148,2,31,474,1995,4.5
148,2,31,474,1996,4.7
148,2,31,474,1997,4.86
148,2,31,474,1998,4.9
148,2,31,474,1999,4.97
148,2,31,474,2000,5.01
148,2,31,474,2001,5.01
148,2,31,474,2002,5.09
148,2,31,474,2003,5.32
148,2,31,474,2004,5.61
148,2,31,474,2005,5.97
148,2,31,474,2006,6.29
148,2,31,474,2007,6.75
148,2,31,474,2008,7.13
148,2,31,474,2009,7.49
148,2,31,474,2010,7.72
148,2,31,474,2011,7.83
148,2,31,474,2012,8.25
148,2,31,474,2013,8.61
148,2,31,474,2014,9.01
148,2,31,474,2015,9.55
148,2,31,474,2016,10.07
148,2,31,474,2017,10.72
148,2,32,474,1990,1.11
148,2,32,474,1991,1.15
148,2,32,474,1992,1.22
148,2,32,474,1993,1.3
148,2,32,474,1994,1.39
148,2,32,474,1995,1.48
148,2,32,474,1996,1.57
148,2,32,474,1997,1.65
148,2,32,474,1998,1.71
148,2,32,474,1999,1.79
148,2,32,474,2000,1.84
148,2,32,474,2001,1.94
148,2,32,474,2002,2.01
148,2,32,474,2003,2.04
148,2,32,474,2004,2.07
148,2,32,474,2005,2.1
148,2,32,474,2006,2.12
148,2,32,474,2007,2.2
148,2,32,474,2008,2.33
148,2,32,474,2009,2.51
148,2,32,474,2010,2.72
148,2,32,474,2011,2.89
148,2,32,474,2012,3.15
148,2,32,474,2013,3.4
148,2,32,474,2014,3.63
148,2,32,474,2015,3.77
148,2,32,474,2016,3.86
148,2,32,474,2017,4.09
148,2,235,474,1990,0.19
148,2,235,474,1991,0.21
148,2,235,474,1992,0.22
148,2,235,474,1993,0.23
148,2,235,474,1994,0.24
148,2,235,474,1995,0.25
148,2,235,474,1996,0.27
148,2,235,474,1997,0.28
148,2,235,474,1998,0.3
148,2,235,474,1999,0.32
148,2,235,474,2000,0.34
148,2,235,474,2001,0.36
148,2,235,474,2002,0.38
148,2,235,474,2003,0.4
148,2,235,474,2004,0.41
148,2,235,474,2005,0.44
148,2,235,474,2006,0.47
148,2,235,474,2007,0.49
148,2,235,474,2008,0.51
148,2,235,474,2009,0.52
148,2,235,474,2010,0.54
148,2,235,474,2011,0.56
148,2,235,474,2012,0.59
148,2,235,474,2013,0.64
148,2,235,474,2014,0.69
148,2,235,474,2015,0.75
148,2,235,474,2016,0.8
148,2,235,474,2017,0.87
149,2,8,474,1990,0.02
149,2,8,474,1991,0.02
149,2,8,474,1992,0.02
149,2,8,474,1993,0.02
149,2,8,474,1994,0.02
149,2,8,474,1995,0.02
149,2,8,474,1996,0.02
149,2,8,474,1997,0.02
149,2,8,474,1998,0.02
149,2,8,474,1999,0.02
149,2,8,474,2000,0.02
149,2,8,474,2001,0.02
149,2,8,474,2002,0.02
149,2,8,474,2003,0.03
149,2,8,474,2004,0.02
149,2,8,474,2005,0.03
149,2,8,474,2006,0.03
149,2,8,474,2007,0.03
149,2,8,474,2008,0.03
149,2,8,474,2009,0.03
149,2,8,474,2010,0.03
149,2,8,474,2011,0.03
149,2,8,474,2012,0.03
149,2,8,474,2013,0.03
149,2,8,474,2014,0.03
149,2,8,474,2015,0.03
149,2,8,474,2016,0.03
149,2,8,474,2017,0.03
149,2,9,474,1990,0.02
149,2,9,474,1991,0.02
149,2,9,474,1992,0.02
149,2,9,474,1993,0.02
149,2,9,474,1994,0.02
149,2,9,474,1995,0.02
149,2,9,474,1996,0.02
149,2,9,474,1997,0.02
149,2,9,474,1998,0.02
149,2,9,474,1999,0.02
149,2,9,474,2000,0.02
149,2,9,474,2001,0.02
149,2,9,474,2002,0.02
149,2,9,474,2003,0.02
149,2,9,474,2004,0.02
149,2,9,474,2005,0.02
149,2,9,474,2006,0.02
149,2,9,474,2007,0.02
149,2,9,474,2008,0.02
149,2,9,474,2009,0.02
149,2,9,474,2010,0.02
149,2,9,474,2011,0.02
149,2,9,474,2012,0.02
149,2,9,474,2013,0.03
149,2,9,474,2014,0.03
149,2,9,474,2015,0.03
149,2,9,474,2016,0.03
149,2,9,474,2017,0.03
149,2,10,474,1990,0.01
149,2,10,474,1991,0.01
149,2,10,474,1992,0.01
149,2,10,474,1993,0.01
149,2,10,474,1994,0.01
149,2,10,474,1995,0.01
149,2,10,474,1996,0.01
149,2,10,474,1997,0.02
149,2,10,474,1998,0.02
149,2,10,474,1999,0.02
149,2,10,474,2000,0.02
149,2,10,474,2001,0.02
149,2,10,474,2002,0.02
149,2,10,474,2003,0.02
149,2,10,474,2004,0.02
149,2,10,474,2005,0.02
149,2,10,474,2006,0.02
149,2,10,474,2007,0.02
149,2,10,474,2008,0.02
149,2,10,474,2009,0.02
149,2,10,474,2010,0.02
149,2,10,474,2011,0.02
149,2,10,474,2012,0.02
149,2,10,474,2013,0.02
149,2,10,474,2014,0.02
149,2,10,474,2015,0.03
149,2,10,474,2016,0.03
149,2,10,474,2017,0.03
149,2,11,474,1990,0.02
149,2,11,474,1991,0.02
149,2,11,474,1992,0.02
149,2,11,474,1993,0.02
149,2,11,474,1994,0.02
149,2,11,474,1995,0.02
149,2,11,474,1996,0.03
149,2,11,474,1997,0.03
149,2,11,474,1998,0.03
149,2,11,474,1999,0.03
149,2,11,474,2000,0.03
149,2,11,474,2001,0.03
149,2,11,474,2002,0.03
149,2,11,474,2003,0.03
149,2,11,474,2004,0.03
149,2,11,474,2005,0.03
149,2,11,474,2006,0.03
149,2,11,474,2007,0.03
149,2,11,474,2008,0.03
149,2,11,474,2009,0.03
149,2,11,474,2010,0.03
149,2,11,474,2011,0.03
149,2,11,474,2012,0.03
149,2,11,474,2013,0.03
149,2,11,474,2014,0.03
149,2,11,474,2015,0.03
149,2,11,474,2016,0.03
149,2,11,474,2017,0.04
149,2,12,474,1990,0.06
149,2,12,474,1991,0.06
149,2,12,474,1992,0.06
149,2,12,474,1993,0.06
149,2,12,474,1994,0.06
149,2,12,474,1995,0.06
149,2,12,474,1996,0.07
149,2,12,474,1997,0.07
149,2,12,474,1998,0.07
149,2,12,474,1999,0.07
149,2,12,474,2000,0.07
149,2,12,474,2001,0.07
149,2,12,474,2002,0.08
149,2,12,474,2003,0.08
149,2,12,474,2004,0.07
149,2,12,474,2005,0.08
149,2,12,474,2006,0.08
149,2,12,474,2007,0.08
149,2,12,474,2008,0.08
149,2,12,474,2009,0.09
149,2,12,474,2010,0.09
149,2,12,474,2011,0.09
149,2,12,474,2012,0.1
149,2,12,474,2013,0.1
149,2,12,474,2014,0.1
149,2,12,474,2015,0.11
149,2,12,474,2016,0.11
149,2,12,474,2017,0.11
149,2,13,474,1990,0.12
149,2,13,474,1991,0.12
149,2,13,474,1992,0.13
149,2,13,474,1993,0.13
149,2,13,474,1994,0.13
149,2,13,474,1995,0.14
149,2,13,474,1996,0.14
149,2,13,474,1997,0.14
149,2,13,474,1998,0.15
149,2,13,474,1999,0.15
149,2,13,474,2000,0.15
149,2,13,474,2001,0.15
149,2,13,474,2002,0.16
149,2,13,474,2003,0.16
149,2,13,474,2004,0.17
149,2,13,474,2005,0.17
149,2,13,474,2006,0.18
149,2,13,474,2007,0.19
149,2,13,474,2008,0.2
149,2,13,474,2009,0.21
149,2,13,474,2010,0.22
149,2,13,474,2011,0.23
149,2,13,474,2012,0.24
149,2,13,474,2013,0.24
149,2,13,474,2014,0.24
149,2,13,474,2015,0.25
149,2,13,474,2016,0.25
149,2,13,474,2017,0.26
149,2,14,474,1990,0.27
149,2,14,474,1991,0.27
149,2,14,474,1992,0.27
149,2,14,474,1993,0.27
149,2,14,474,1994,0.27
149,2,14,474,1995,0.27
149,2,14,474,1996,0.28
149,2,14,474,1997,0.28
149,2,14,474,1998,0.29
149,2,14,474,1999,0.3
149,2,14,474,2000,0.3
149,2,14,474,2001,0.3
149,2,14,474,2002,0.31
149,2,14,474,2003,0.32
149,2,14,474,2004,0.33
149,2,14,474,2005,0.35
149,2,14,474,2006,0.37
149,2,14,474,2007,0.4
149,2,14,474,2008,0.43
149,2,14,474,2009,0.45
149,2,14,474,2010,0.48
149,2,14,474,2011,0.51
149,2,14,474,2012,0.55
149,2,14,474,2013,0.59
149,2,14,474,2014,0.6
149,2,14,474,2015,0.62
149,2,14,474,2016,0.63
149,2,14,474,2017,0.65
149,2,15,474,1990,0.35
149,2,15,474,1991,0.34
149,2,15,474,1992,0.34
149,2,15,474,1993,0.34
149,2,15,474,1994,0.34
149,2,15,474,1995,0.35
149,2,15,474,1996,0.35
149,2,15,474,1997,0.35
149,2,15,474,1998,0.35
149,2,15,474,1999,0.35
149,2,15,474,2000,0.34
149,2,15,474,2001,0.35
149,2,15,474,2002,0.36
149,2,15,474,2003,0.37
149,2,15,474,2004,0.39
149,2,15,474,2005,0.4
149,2,15,474,2006,0.42
149,2,15,474,2007,0.45
149,2,15,474,2008,0.48
149,2,15,474,2009,0.51
149,2,15,474,2010,0.55
149,2,15,474,2011,0.59
149,2,15,474,2012,0.63
149,2,15,474,2013,0.66
149,2,15,474,2014,0.68
149,2,15,474,2015,0.72
149,2,15,474,2016,0.74
149,2,15,474,2017,0.79
149,2,16,474,1990,0.62
149,2,16,474,1991,0.63
149,2,16,474,1992,0.64
149,2,16,474,1993,0.64
149,2,16,474,1994,0.66
149,2,16,474,1995,0.66
149,2,16,474,1996,0.66
149,2,16,474,1997,0.66
149,2,16,474,1998,0.68
149,2,16,474,1999,0.68
149,2,16,474,2000,0.69
149,2,16,474,2001,0.7
149,2,16,474,2002,0.7
149,2,16,474,2003,0.71
149,2,16,474,2004,0.75
149,2,16,474,2005,0.77
149,2,16,474,2006,0.81
149,2,16,474,2007,0.85
149,2,16,474,2008,0.92
149,2,16,474,2009,0.99
149,2,16,474,2010,1.05
149,2,16,474,2011,1.09
149,2,16,474,2012,1.16
149,2,16,474,2013,1.18
149,2,16,474,2014,1.21
149,2,16,474,2015,1.28
149,2,16,474,2016,1.34
149,2,16,474,2017,1.43
149,2,17,474,1990,1.07
149,2,17,474,1991,1.11
149,2,17,474,1992,1.15
149,2,17,474,1993,1.15
149,2,17,474,1994,1.15
149,2,17,474,1995,1.18
149,2,17,474,1996,1.2
149,2,17,474,1997,1.26
149,2,17,474,1998,1.28
149,2,17,474,1999,1.31
149,2,17,474,2000,1.32
149,2,17,474,2001,1.32
149,2,17,474,2002,1.35
149,2,17,474,2003,1.42
149,2,17,474,2004,1.54
149,2,17,474,2005,1.6
149,2,17,474,2006,1.69
149,2,17,474,2007,1.72
149,2,17,474,2008,1.83
149,2,17,474,2009,1.95
149,2,17,474,2010,2.07
149,2,17,474,2011,2.22
149,2,17,474,2012,2.34
149,2,17,474,2013,2.28
149,2,17,474,2014,2.33
149,2,17,474,2015,2.41
149,2,17,474,2016,2.45
149,2,17,474,2017,2.57
149,2,18,474,1990,1.05
149,2,18,474,1991,1.08
149,2,18,474,1992,1.13
149,2,18,474,1993,1.16
149,2,18,474,1994,1.2
149,2,18,474,1995,1.24
149,2,18,474,1996,1.28
149,2,18,474,1997,1.32
149,2,18,474,1998,1.32
149,2,18,474,1999,1.3
149,2,18,474,2000,1.31
149,2,18,474,2001,1.31
149,2,18,474,2002,1.37
149,2,18,474,2003,1.39
149,2,18,474,2004,1.53
149,2,18,474,2005,1.56
149,2,18,474,2006,1.57
149,2,18,474,2007,1.62
149,2,18,474,2008,1.71
149,2,18,474,2009,1.79
149,2,18,474,2010,1.86
149,2,18,474,2011,1.93
149,2,18,474,2012,1.97
149,2,18,474,2013,1.9
149,2,18,474,2014,1.89
149,2,18,474,2015,1.93
149,2,18,474,2016,2.03
149,2,18,474,2017,2.15
149,2,19,474,1990,1.19
149,2,19,474,1991,1.23
149,2,19,474,1992,1.26
149,2,19,474,1993,1.33
149,2,19,474,1994,1.4
149,2,19,474,1995,1.48
149,2,19,474,1996,1.53
149,2,19,474,1997,1.63
149,2,19,474,1998,1.7
149,2,19,474,1999,1.75
149,2,19,474,2000,1.8
149,2,19,474,2001,1.87
149,2,19,474,2002,1.96
149,2,19,474,2003,2
149,2,19,474,2004,2.15
149,2,19,474,2005,2.22
149,2,19,474,2006,2.29
149,2,19,474,2007,2.45
149,2,19,474,2008,2.53
149,2,19,474,2009,2.68
149,2,19,474,2010,2.78
149,2,19,474,2011,2.81
149,2,19,474,2012,2.92
149,2,19,474,2013,2.81
149,2,19,474,2014,2.78
149,2,19,474,2015,2.88
149,2,19,474,2016,2.95
149,2,19,474,2017,3.02
149,2,20,474,1990,1.33
149,2,20,474,1991,1.35
149,2,20,474,1992,1.37
149,2,20,474,1993,1.41
149,2,20,474,1994,1.44
149,2,20,474,1995,1.49
149,2,20,474,1996,1.55
149,2,20,474,1997,1.63
149,2,20,474,1998,1.74
149,2,20,474,1999,1.84
149,2,20,474,2000,1.95
149,2,20,474,2001,2.02
149,2,20,474,2002,2.16
149,2,20,474,2003,2.27
149,2,20,474,2004,2.55
149,2,20,474,2005,2.67
149,2,20,474,2006,2.82
149,2,20,474,2007,3
149,2,20,474,2008,3.08
149,2,20,474,2009,3.13
149,2,20,474,2010,3.24
149,2,20,474,2011,3.32
149,2,20,474,2012,3.53
149,2,20,474,2013,3.32
149,2,20,474,2014,3.36
149,2,20,474,2015,3.42
149,2,20,474,2016,3.39
149,2,20,474,2017,3.54
149,2,22,474,1990,8.64
149,2,22,474,1991,8.77
149,2,22,474,1992,8.92
149,2,22,474,1993,9.05
149,2,22,474,1994,9.2
149,2,22,474,1995,9.4
149,2,22,474,1996,9.62
149,2,22,474,1997,9.93
149,2,22,474,1998,10.18
149,2,22,474,1999,10.36
149,2,22,474,2000,10.56
149,2,22,474,2001,10.76
149,2,22,474,2002,11.2
149,2,22,474,2003,11.58
149,2,22,474,2004,12.58
149,2,22,474,2005,13.09
149,2,22,474,2006,13.67
149,2,22,474,2007,14.43
149,2,22,474,2008,15.16
149,2,22,474,2009,16.02
149,2,22,474,2010,16.87
149,2,22,474,2011,17.59
149,2,22,474,2012,18.56
149,2,22,474,2013,18.1
149,2,22,474,2014,18.28
149,2,22,474,2015,18.9
149,2,22,474,2016,19.25
149,2,22,474,2017,20.27
149,2,30,474,1990,1.27
149,2,30,474,1991,1.26
149,2,30,474,1992,1.24
149,2,30,474,1993,1.23
149,2,30,474,1994,1.23
149,2,30,474,1995,1.22
149,2,30,474,1996,1.24
149,2,30,474,1997,1.26
149,2,30,474,1998,1.29
149,2,30,474,1999,1.31
149,2,30,474,2000,1.32
149,2,30,474,2001,1.36
149,2,30,474,2002,1.42
149,2,30,474,2003,1.52
149,2,30,474,2004,1.7
149,2,30,474,2005,1.83
149,2,30,474,2006,1.92
149,2,30,474,2007,2.08
149,2,30,474,2008,2.21
149,2,30,474,2009,2.36
149,2,30,474,2010,2.49
149,2,30,474,2011,2.61
149,2,30,474,2012,2.74
149,2,30,474,2013,2.61
149,2,30,474,2014,2.56
149,2,30,474,2015,2.62
149,2,30,474,2016,2.64
149,2,30,474,2017,2.84
149,2,31,474,1990,0.85
149,2,31,474,1991,0.84
149,2,31,474,1992,0.84
149,2,31,474,1993,0.84
149,2,31,474,1994,0.84
149,2,31,474,1995,0.84
149,2,31,474,1996,0.84
149,2,31,474,1997,0.84
149,2,31,474,1998,0.84
149,2,31,474,1999,0.83
149,2,31,474,2000,0.83
149,2,31,474,2001,0.84
149,2,31,474,2002,0.86
149,2,31,474,2003,0.88
149,2,31,474,2004,0.93
149,2,31,474,2005,0.97
149,2,31,474,2006,1.02
149,2,31,474,2007,1.07
149,2,31,474,2008,1.17
149,2,31,474,2009,1.3
149,2,31,474,2010,1.45
149,2,31,474,2011,1.54
149,2,31,474,2012,1.68
149,2,31,474,2013,1.69
149,2,31,474,2014,1.75
149,2,31,474,2015,1.83
149,2,31,474,2016,1.87
149,2,31,474,2017,1.98
149,2,32,474,1990,0.32
149,2,32,474,1991,0.32
149,2,32,474,1992,0.32
149,2,32,474,1993,0.32
149,2,32,474,1994,0.31
149,2,32,474,1995,0.31
149,2,32,474,1996,0.31
149,2,32,474,1997,0.31
149,2,32,474,1998,0.31
149,2,32,474,1999,0.3
149,2,32,474,2000,0.3
149,2,32,474,2001,0.29
149,2,32,474,2002,0.29
149,2,32,474,2003,0.29
149,2,32,474,2004,0.3
149,2,32,474,2005,0.3
149,2,32,474,2006,0.31
149,2,32,474,2007,0.33
149,2,32,474,2008,0.34
149,2,32,474,2009,0.36
149,2,32,474,2010,0.38
149,2,32,474,2011,0.41
149,2,32,474,2012,0.45
149,2,32,474,2013,0.48
149,2,32,474,2014,0.51
149,2,32,474,2015,0.56
149,2,32,474,2016,0.58
149,2,32,474,2017,0.63
149,2,235,474,1990,0.09
149,2,235,474,1991,0.09
149,2,235,474,1992,0.09
149,2,235,474,1993,0.09
149,2,235,474,1994,0.09
149,2,235,474,1995,0.09
149,2,235,474,1996,0.09
149,2,235,474,1997,0.09
149,2,235,474,1998,0.09
149,2,235,474,1999,0.09
149,2,235,474,2000,0.09
149,2,235,474,2001,0.09
149,2,235,474,2002,0.09
149,2,235,474,2003,0.09
149,2,235,474,2004,0.09
149,2,235,474,2005,0.09
149,2,235,474,2006,0.1
149,2,235,474,2007,0.1
149,2,235,474,2008,0.1
149,2,235,474,2009,0.11
149,2,235,474,2010,0.11
149,2,235,474,2011,0.12
149,2,235,474,2012,0.13
149,2,235,474,2013,0.14
149,2,235,474,2014,0.15
149,2,235,474,2015,0.15
149,2,235,474,2016,0.16
149,2,235,474,2017,0.18
150,2,8,474,1990,0.01
150,2,8,474,1991,0.01
150,2,8,474,1992,0.01
150,2,8,474,1993,0.01
150,2,8,474,1994,0.01
150,2,8,474,1995,0.01
150,2,8,474,1996,0.02
150,2,8,474,1997,0.02
150,2,8,474,1998,0.02
150,2,8,474,1999,0.02
150,2,8,474,2000,0.02
150,2,8,474,2001,0.02
150,2,8,474,2002,0.02
150,2,8,474,2003,0.02
150,2,8,474,2004,0.02
150,2,8,474,2005,0.02
150,2,8,474,2006,0.02
150,2,8,474,2007,0.02
150,2,8,474,2008,0.03
150,2,8,474,2009,0.02
150,2,8,474,2010,0.02
150,2,8,474,2011,0.02
150,2,8,474,2012,0.02
150,2,8,474,2013,0.02
150,2,8,474,2014,0.01
150,2,8,474,2015,0.01
150,2,8,474,2016,0.01
150,2,8,474,2017,0.01
150,2,9,474,1990,0.01
150,2,9,474,1991,0.01
150,2,9,474,1992,0.01
150,2,9,474,1993,0.01
150,2,9,474,1994,0.01
150,2,9,474,1995,0.01
150,2,9,474,1996,0.01
150,2,9,474,1997,0.01
150,2,9,474,1998,0.01
150,2,9,474,1999,0.01
150,2,9,474,2000,0.01
150,2,9,474,2001,0.02
150,2,9,474,2002,0.02
150,2,9,474,2003,0.02
150,2,9,474,2004,0.01
150,2,9,474,2005,0.01
150,2,9,474,2006,0.01
150,2,9,474,2007,0.02
150,2,9,474,2008,0.02
150,2,9,474,2009,0.02
150,2,9,474,2010,0.02
150,2,9,474,2011,0.02
150,2,9,474,2012,0.02
150,2,9,474,2013,0.02
150,2,9,474,2014,0.02
150,2,9,474,2015,0.02
150,2,9,474,2016,0.02
150,2,9,474,2017,0.02
150,2,10,474,1990,0.02
150,2,10,474,1991,0.02
150,2,10,474,1992,0.02
150,2,10,474,1993,0.02
150,2,10,474,1994,0.02
150,2,10,474,1995,0.02
150,2,10,474,1996,0.02
150,2,10,474,1997,0.02
150,2,10,474,1998,0.02
150,2,10,474,1999,0.02
150,2,10,474,2000,0.02
150,2,10,474,2001,0.02
150,2,10,474,2002,0.02
150,2,10,474,2003,0.02
150,2,10,474,2004,0.02
150,2,10,474,2005,0.02
150,2,10,474,2006,0.02
150,2,10,474,2007,0.02
150,2,10,474,2008,0.02
150,2,10,474,2009,0.02
150,2,10,474,2010,0.03
150,2,10,474,2011,0.03
150,2,10,474,2012,0.03
150,2,10,474,2013,0.03
150,2,10,474,2014,0.03
150,2,10,474,2015,0.03
150,2,10,474,2016,0.03
150,2,10,474,2017,0.03
150,2,11,474,1990,0.03
150,2,11,474,1991,0.03
150,2,11,474,1992,0.03
150,2,11,474,1993,0.03
150,2,11,474,1994,0.03
150,2,11,474,1995,0.03
150,2,11,474,1996,0.03
150,2,11,474,1997,0.03
150,2,11,474,1998,0.03
150,2,11,474,1999,0.03
150,2,11,474,2000,0.03
150,2,11,474,2001,0.03
150,2,11,474,2002,0.03
150,2,11,474,2003,0.03
150,2,11,474,2004,0.03
150,2,11,474,2005,0.03
150,2,11,474,2006,0.03
150,2,11,474,2007,0.04
150,2,11,474,2008,0.04
150,2,11,474,2009,0.04
150,2,11,474,2010,0.04
150,2,11,474,2011,0.04
150,2,11,474,2012,0.05
150,2,11,474,2013,0.05
150,2,11,474,2014,0.05
150,2,11,474,2015,0.06
150,2,11,474,2016,0.06
150,2,11,474,2017,0.06
150,2,12,474,1990,0.04
150,2,12,474,1991,0.05
150,2,12,474,1992,0.05
150,2,12,474,1993,0.05
150,2,12,474,1994,0.05
150,2,12,474,1995,0.06
150,2,12,474,1996,0.05
150,2,12,474,1997,0.05
150,2,12,474,1998,0.05
150,2,12,474,1999,0.05
150,2,12,474,2000,0.05
150,2,12,474,2001,0.05
150,2,12,474,2002,0.05
150,2,12,474,2003,0.05
150,2,12,474,2004,0.05
150,2,12,474,2005,0.05
150,2,12,474,2006,0.05
150,2,12,474,2007,0.05
150,2,12,474,2008,0.06
150,2,12,474,2009,0.06
150,2,12,474,2010,0.06
150,2,12,474,2011,0.06
150,2,12,474,2012,0.07
150,2,12,474,2013,0.07
150,2,12,474,2014,0.08
150,2,12,474,2015,0.08
150,2,12,474,2016,0.08
150,2,12,474,2017,0.09
150,2,13,474,1990,0.07
150,2,13,474,1991,0.08
150,2,13,474,1992,0.08
150,2,13,474,1993,0.08
150,2,13,474,1994,0.09
150,2,13,474,1995,0.09
150,2,13,474,1996,0.09
150,2,13,474,1997,0.1
150,2,13,474,1998,0.1
150,2,13,474,1999,0.1
150,2,13,474,2000,0.1
150,2,13,474,2001,0.1
150,2,13,474,2002,0.1
150,2,13,474,2003,0.09
150,2,13,474,2004,0.1
150,2,13,474,2005,0.1
150,2,13,474,2006,0.1
150,2,13,474,2007,0.1
150,2,13,474,2008,0.1
150,2,13,474,2009,0.1
150,2,13,474,2010,0.11
150,2,13,474,2011,0.11
150,2,13,474,2012,0.12
150,2,13,474,2013,0.12
150,2,13,474,2014,0.13
150,2,13,474,2015,0.15
150,2,13,474,2016,0.16
150,2,13,474,2017,0.17
150,2,14,474,1990,0.12
150,2,14,474,1991,0.12
150,2,14,474,1992,0.13
150,2,14,474,1993,0.13
150,2,14,474,1994,0.13
150,2,14,474,1995,0.14
150,2,14,474,1996,0.14
150,2,14,474,1997,0.14
150,2,14,474,1998,0.14
150,2,14,474,1999,0.15
150,2,14,474,2000,0.14
150,2,14,474,2001,0.14
150,2,14,474,2002,0.14
150,2,14,474,2003,0.14
150,2,14,474,2004,0.14
150,2,14,474,2005,0.15
150,2,14,474,2006,0.15
150,2,14,474,2007,0.15
150,2,14,474,2008,0.16
150,2,14,474,2009,0.17
150,2,14,474,2010,0.17
150,2,14,474,2011,0.18
150,2,14,474,2012,0.19
150,2,14,474,2013,0.19
150,2,14,474,2014,0.2
150,2,14,474,2015,0.22
150,2,14,474,2016,0.23
150,2,14,474,2017,0.24
150,2,15,474,1990,0.17
150,2,15,474,1991,0.19
150,2,15,474,1992,0.2
150,2,15,474,1993,0.21
150,2,15,474,1994,0.21
150,2,15,474,1995,0.2
150,2,15,474,1996,0.2
150,2,15,474,1997,0.21
150,2,15,474,1998,0.2
150,2,15,474,1999,0.2
150,2,15,474,2000,0.21
150,2,15,474,2001,0.21
150,2,15,474,2002,0.21
150,2,15,474,2003,0.21
150,2,15,474,2004,0.21
150,2,15,474,2005,0.2
150,2,15,474,2006,0.21
150,2,15,474,2007,0.22
150,2,15,474,2008,0.23
150,2,15,474,2009,0.25
150,2,15,474,2010,0.27
150,2,15,474,2011,0.29
150,2,15,474,2012,0.3
150,2,15,474,2013,0.31
150,2,15,474,2014,0.32
150,2,15,474,2015,0.32
150,2,15,474,2016,0.33
150,2,15,474,2017,0.34
150,2,16,474,1990,0.19
150,2,16,474,1991,0.19
150,2,16,474,1992,0.21
150,2,16,474,1993,0.2
150,2,16,474,1994,0.21
150,2,16,474,1995,0.24
150,2,16,474,1996,0.26
150,2,16,474,1997,0.27
150,2,16,474,1998,0.28
150,2,16,474,1999,0.28
150,2,16,474,2000,0.26
150,2,16,474,2001,0.26
150,2,16,474,2002,0.27
150,2,16,474,2003,0.27
150,2,16,474,2004,0.26
150,2,16,474,2005,0.27
150,2,16,474,2006,0.28
150,2,16,474,2007,0.3
150,2,16,474,2008,0.32
150,2,16,474,2009,0.36
150,2,16,474,2010,0.37
150,2,16,474,2011,0.41
150,2,16,474,2012,0.43
150,2,16,474,2013,0.46
150,2,16,474,2014,0.47
150,2,16,474,2015,0.5
150,2,16,474,2016,0.51
150,2,16,474,2017,0.53
150,2,17,474,1990,0.37
150,2,17,474,1991,0.39
150,2,17,474,1992,0.39
150,2,17,474,1993,0.39
150,2,17,474,1994,0.37
150,2,17,474,1995,0.33
150,2,17,474,1996,0.33
150,2,17,474,1997,0.35
150,2,17,474,1998,0.34
150,2,17,474,1999,0.34
150,2,17,474,2000,0.39
150,2,17,474,2001,0.41
150,2,17,474,2002,0.44
150,2,17,474,2003,0.45
150,2,17,474,2004,0.43
150,2,17,474,2005,0.39
150,2,17,474,2006,0.4
150,2,17,474,2007,0.43
150,2,17,474,2008,0.46
150,2,17,474,2009,0.5
150,2,17,474,2010,0.54
150,2,17,474,2011,0.56
150,2,17,474,2012,0.58
150,2,17,474,2013,0.6
150,2,17,474,2014,0.64
150,2,17,474,2015,0.64
150,2,17,474,2016,0.67
150,2,17,474,2017,0.7
150,2,18,474,1990,0.38
150,2,18,474,1991,0.37
150,2,18,474,1992,0.37
150,2,18,474,1993,0.39
150,2,18,474,1994,0.44
150,2,18,474,1995,0.5
150,2,18,474,1996,0.51
150,2,18,474,1997,0.51
150,2,18,474,1998,0.51
150,2,18,474,1999,0.47
150,2,18,474,2000,0.41
150,2,18,474,2001,0.42
150,2,18,474,2002,0.45
150,2,18,474,2003,0.44
150,2,18,474,2004,0.44
150,2,18,474,2005,0.51
150,2,18,474,2006,0.53
150,2,18,474,2007,0.59
150,2,18,474,2008,0.63
150,2,18,474,2009,0.67
150,2,18,474,2010,0.63
150,2,18,474,2011,0.69
150,2,18,474,2012,0.77
150,2,18,474,2013,0.78
150,2,18,474,2014,0.77
150,2,18,474,2015,0.82
150,2,18,474,2016,0.84
150,2,18,474,2017,0.88
150,2,19,474,1990,0.61
150,2,19,474,1991,0.6
150,2,19,474,1992,0.58
150,2,19,474,1993,0.55
150,2,19,474,1994,0.53
150,2,19,474,1995,0.51
150,2,19,474,1996,0.48
150,2,19,474,1997,0.47
150,2,19,474,1998,0.49
150,2,19,474,1999,0.54
150,2,19,474,2000,0.59
150,2,19,474,2001,0.6
150,2,19,474,2002,0.59
150,2,19,474,2003,0.58
150,2,19,474,2004,0.53
150,2,19,474,2005,0.46
150,2,19,474,2006,0.48
150,2,19,474,2007,0.54
150,2,19,474,2008,0.58
150,2,19,474,2009,0.62
150,2,19,474,2010,0.73
150,2,19,474,2011,0.8
150,2,19,474,2012,0.88
150,2,19,474,2013,0.93
150,2,19,474,2014,0.97
150,2,19,474,2015,0.9
150,2,19,474,2016,0.91
150,2,19,474,2017,0.94
150,2,20,474,1990,0.62
150,2,20,474,1991,0.63
150,2,20,474,1992,0.64
150,2,20,474,1993,0.64
150,2,20,474,1994,0.64
150,2,20,474,1995,0.64
150,2,20,474,1996,0.62
150,2,20,474,1997,0.6
150,2,20,474,1998,0.56
150,2,20,474,1999,0.51
150,2,20,474,2000,0.47
150,2,20,474,2001,0.44
150,2,20,474,2002,0.44
150,2,20,474,2003,0.46
150,2,20,474,2004,0.53
150,2,20,474,2005,0.6
150,2,20,474,2006,0.63
150,2,20,474,2007,0.65
150,2,20,474,2008,0.72
150,2,20,474,2009,0.71
150,2,20,474,2010,0.65
150,2,20,474,2011,0.76
150,2,20,474,2012,0.92
150,2,20,474,2013,0.94
150,2,20,474,2014,0.94
150,2,20,474,2015,1.11
150,2,20,474,2016,1.17
150,2,20,474,2017,1.26
150,2,22,474,1990,3.57
150,2,22,474,1991,3.67
150,2,22,474,1992,3.76
150,2,22,474,1993,3.84
150,2,22,474,1994,3.92
150,2,22,474,1995,4.03
150,2,22,474,1996,4.07
150,2,22,474,1997,4.12
150,2,22,474,1998,4.15
150,2,22,474,1999,4.14
150,2,22,474,2000,4.11
150,2,22,474,2001,4.12
150,2,22,474,2002,4.16
150,2,22,474,2003,4.14
150,2,22,474,2004,4.12
150,2,22,474,2005,4.15
150,2,22,474,2006,4.3
150,2,22,474,2007,4.56
150,2,22,474,2008,4.92
150,2,22,474,2009,5.22
150,2,22,474,2010,5.35
150,2,22,474,2011,5.71
150,2,22,474,2012,6.16
150,2,22,474,2013,6.36
150,2,22,474,2014,6.52
150,2,22,474,2015,6.77
150,2,22,474,2016,7.09
150,2,22,474,2017,7.57
150,2,30,474,1990,0.57
150,2,30,474,1991,0.61
150,2,30,474,1992,0.64
150,2,30,474,1993,0.67
150,2,30,474,1994,0.69
150,2,30,474,1995,0.72
150,2,30,474,1996,0.74
150,2,30,474,1997,0.75
150,2,30,474,1998,0.76
150,2,30,474,1999,0.75
150,2,30,474,2000,0.72
150,2,30,474,2001,0.69
150,2,30,474,2002,0.64
150,2,30,474,2003,0.6
150,2,30,474,2004,0.56
150,2,30,474,2005,0.53
150,2,30,474,2006,0.52
150,2,30,474,2007,0.55
150,2,30,474,2008,0.62
150,2,30,474,2009,0.77
150,2,30,474,2010,0.87
150,2,30,474,2011,0.9
150,2,30,474,2012,0.93
150,2,30,474,2013,0.97
150,2,30,474,2014,0.94
150,2,30,474,2015,0.88
150,2,30,474,2016,1.02
150,2,30,474,2017,1.23
150,2,31,474,1990,0.27
150,2,31,474,1991,0.29
150,2,31,474,1992,0.31
150,2,31,474,1993,0.34
150,2,31,474,1994,0.36
150,2,31,474,1995,0.39
150,2,31,474,1996,0.41
150,2,31,474,1997,0.43
150,2,31,474,1998,0.45
150,2,31,474,1999,0.47
150,2,31,474,2000,0.48
150,2,31,474,2001,0.49
150,2,31,474,2002,0.49
150,2,31,474,2003,0.49
150,2,31,474,2004,0.5
150,2,31,474,2005,0.5
150,2,31,474,2006,0.51
150,2,31,474,2007,0.52
150,2,31,474,2008,0.53
150,2,31,474,2009,0.52
150,2,31,474,2010,0.48
150,2,31,474,2011,0.46
150,2,31,474,2012,0.47
150,2,31,474,2013,0.5
150,2,31,474,2014,0.59
150,2,31,474,2015,0.68
150,2,31,474,2016,0.7
150,2,31,474,2017,0.72
150,2,32,474,1990,0.08
150,2,32,474,1991,0.08
150,2,32,474,1992,0.09
150,2,32,474,1993,0.1
150,2,32,474,1994,0.11
150,2,32,474,1995,0.12
150,2,32,474,1996,0.13
150,2,32,474,1997,0.15
150,2,32,474,1998,0.16
150,2,32,474,1999,0.17
150,2,32,474,2000,0.19
150,2,32,474,2001,0.2
150,2,32,474,2002,0.22
150,2,32,474,2003,0.23
150,2,32,474,2004,0.25
150,2,32,474,2005,0.27
150,2,32,474,2006,0.29
150,2,32,474,2007,0.3
150,2,32,474,2008,0.32
150,2,32,474,2009,0.33
150,2,32,474,2010,0.32
150,2,32,474,2011,0.31
150,2,32,474,2012,0.31
150,2,32,474,2013,0.3
150,2,32,474,2014,0.28
150,2,32,474,2015,0.27
150,2,32,474,2016,0.26
150,2,32,474,2017,0.27
150,2,235,474,1990,0.01
150,2,235,474,1991,0.01
150,2,235,474,1992,0.01
150,2,235,474,1993,0.01
150,2,235,474,1994,0.02
150,2,235,474,1995,0.02
150,2,235,474,1996,0.02
150,2,235,474,1997,0.02
150,2,235,474,1998,0.03
150,2,235,474,1999,0.03
150,2,235,474,2000,0.03
150,2,235,474,2001,0.03
150,2,235,474,2002,0.04
150,2,235,474,2003,0.04
150,2,235,474,2004,0.05
150,2,235,474,2005,0.05
150,2,235,474,2006,0.05
150,2,235,474,2007,0.06
150,2,235,474,2008,0.06
150,2,235,474,2009,0.07
150,2,235,474,2010,0.07
150,2,235,474,2011,0.07
150,2,235,474,2012,0.08
150,2,235,474,2013,0.08
150,2,235,474,2014,0.08
150,2,235,474,2015,0.08
150,2,235,474,2016,0.08
150,2,235,474,2017,0.08
151,2,8,474,1990,0
151,2,8,474,1991,0
151,2,8,474,1992,0
151,2,8,474,1993,0
151,2,8,474,1994,0
151,2,8,474,1995,0
151,2,8,474,1996,0
151,2,8,474,1997,0
151,2,8,474,1998,0
151,2,8,474,1999,0
151,2,8,474,2000,0
151,2,8,474,2001,0
151,2,8,474,2002,0
151,2,8,474,2003,0
151,2,8,474,2004,0
151,2,8,474,2005,0
151,2,8,474,2006,0
151,2,8,474,2007,0
151,2,8,474,2008,0
151,2,8,474,2009,0
151,2,8,474,2010,0
151,2,8,474,2011,0
151,2,8,474,2012,0
151,2,8,474,2013,0
151,2,8,474,2014,0
151,2,8,474,2015,0
151,2,8,474,2016,0
151,2,8,474,2017,0
151,2,9,474,1990,0
151,2,9,474,1991,0
151,2,9,474,1992,0
151,2,9,474,1993,0
151,2,9,474,1994,0
151,2,9,474,1995,0
151,2,9,474,1996,0
151,2,9,474,1997,0
151,2,9,474,1998,0
151,2,9,474,1999,0
151,2,9,474,2000,0
151,2,9,474,2001,0
151,2,9,474,2002,0
151,2,9,474,2003,0
151,2,9,474,2004,0
151,2,9,474,2005,0
151,2,9,474,2006,0
151,2,9,474,2007,0
151,2,9,474,2008,0
151,2,9,474,2009,0
151,2,9,474,2010,0
151,2,9,474,2011,0
151,2,9,474,2012,0
151,2,9,474,2013,0
151,2,9,474,2014,0
151,2,9,474,2015,0
151,2,9,474,2016,0
151,2,9,474,2017,0
151,2,10,474,1990,0
151,2,10,474,1991,0
151,2,10,474,1992,0
151,2,10,474,1993,0
151,2,10,474,1994,0
151,2,10,474,1995,0
151,2,10,474,1996,0
151,2,10,474,1997,0
151,2,10,474,1998,0
151,2,10,474,1999,0
151,2,10,474,2000,0
151,2,10,474,2001,0
151,2,10,474,2002,0
151,2,10,474,2003,0
151,2,10,474,2004,0
151,2,10,474,2005,0
151,2,10,474,2006,0
151,2,10,474,2007,0
151,2,10,474,2008,0
151,2,10,474,2009,0
151,2,10,474,2010,0
151,2,10,474,2011,0
151,2,10,474,2012,0
151,2,10,474,2013,0
151,2,10,474,2014,0
151,2,10,474,2015,0
151,2,10,474,2016,0.01
151,2,10,474,2017,0.01
151,2,11,474,1990,0
151,2,11,474,1991,0
151,2,11,474,1992,0
151,2,11,474,1993,0
151,2,11,474,1994,0
151,2,11,474,1995,0
151,2,11,474,1996,0
151,2,11,474,1997,0
151,2,11,474,1998,0
151,2,11,474,1999,0
151,2,11,474,2000,0
151,2,11,474,2001,0
151,2,11,474,2002,0
151,2,11,474,2003,0
151,2,11,474,2004,0
151,2,11,474,2005,0
151,2,11,474,2006,0
151,2,11,474,2007,0
151,2,11,474,2008,0.01
151,2,11,474,2009,0.01
151,2,11,474,2010,0.01
151,2,11,474,2011,0.01
151,2,11,474,2012,0.01
151,2,11,474,2013,0.01
151,2,11,474,2014,0.01
151,2,11,474,2015,0.01
151,2,11,474,2016,0.01
151,2,11,474,2017,0.01
151,2,12,474,1990,0
151,2,12,474,1991,0
151,2,12,474,1992,0.01
151,2,12,474,1993,0.01
151,2,12,474,1994,0.01
151,2,12,474,1995,0.01
151,2,12,474,1996,0.01
151,2,12,474,1997,0.01
151,2,12,474,1998,0.01
151,2,12,474,1999,0.01
151,2,12,474,2000,0.01
151,2,12,474,2001,0.01
151,2,12,474,2002,0.01
151,2,12,474,2003,0.01
151,2,12,474,2004,0.01
151,2,12,474,2005,0.01
151,2,12,474,2006,0.01
151,2,12,474,2007,0.01
151,2,12,474,2008,0.01
151,2,12,474,2009,0.01
151,2,12,474,2010,0.01
151,2,12,474,2011,0.01
151,2,12,474,2012,0.01
151,2,12,474,2013,0.01
151,2,12,474,2014,0.01
151,2,12,474,2015,0.01
151,2,12,474,2016,0.02
151,2,12,474,2017,0.02
151,2,13,474,1990,0.01
151,2,13,474,1991,0.01
151,2,13,474,1992,0.01
151,2,13,474,1993,0.01
151,2,13,474,1994,0.01
151,2,13,474,1995,0.01
151,2,13,474,1996,0.01
151,2,13,474,1997,0.01
151,2,13,474,1998,0.01
151,2,13,474,1999,0.01
151,2,13,474,2000,0.01
151,2,13,474,2001,0.01
151,2,13,474,2002,0.01
151,2,13,474,2003,0.02
151,2,13,474,2004,0.02
151,2,13,474,2005,0.02
151,2,13,474,2006,0.02
151,2,13,474,2007,0.02
151,2,13,474,2008,0.02
151,2,13,474,2009,0.02
151,2,13,474,2010,0.02
151,2,13,474,2011,0.02
151,2,13,474,2012,0.02
151,2,13,474,2013,0.02
151,2,13,474,2014,0.02
151,2,13,474,2015,0.03
151,2,13,474,2016,0.03
151,2,13,474,2017,0.03
151,2,14,474,1990,0.01
151,2,14,474,1991,0.01
151,2,14,474,1992,0.01
151,2,14,474,1993,0.01
151,2,14,474,1994,0.01
151,2,14,474,1995,0.01
151,2,14,474,1996,0.01
151,2,14,474,1997,0.01
151,2,14,474,1998,0.01
151,2,14,474,1999,0.01
151,2,14,474,2000,0.02
151,2,14,474,2001,0.02
151,2,14,474,2002,0.02
151,2,14,474,2003,0.02
151,2,14,474,2004,0.02
151,2,14,474,2005,0.02
151,2,14,474,2006,0.02
151,2,14,474,2007,0.02
151,2,14,474,2008,0.02
151,2,14,474,2009,0.03
151,2,14,474,2010,0.03
151,2,14,474,2011,0.03
151,2,14,474,2012,0.03
151,2,14,474,2013,0.03
151,2,14,474,2014,0.03
151,2,14,474,2015,0.03
151,2,14,474,2016,0.04
151,2,14,474,2017,0.04
151,2,15,474,1990,0.02
151,2,15,474,1991,0.02
151,2,15,474,1992,0.02
151,2,15,474,1993,0.02
151,2,15,474,1994,0.02
151,2,15,474,1995,0.02
151,2,15,474,1996,0.02
151,2,15,474,1997,0.02
151,2,15,474,1998,0.03
151,2,15,474,1999,0.03
151,2,15,474,2000,0.03
151,2,15,474,2001,0.03
151,2,15,474,2002,0.03
151,2,15,474,2003,0.04
151,2,15,474,2004,0.04
151,2,15,474,2005,0.04
151,2,15,474,2006,0.04
151,2,15,474,2007,0.05
151,2,15,474,2008,0.05
151,2,15,474,2009,0.05
151,2,15,474,2010,0.06
151,2,15,474,2011,0.06
151,2,15,474,2012,0.06
151,2,15,474,2013,0.06
151,2,15,474,2014,0.07
151,2,15,474,2015,0.07
151,2,15,474,2016,0.07
151,2,15,474,2017,0.08
151,2,16,474,1990,0.02
151,2,16,474,1991,0.03
151,2,16,474,1992,0.03
151,2,16,474,1993,0.03
151,2,16,474,1994,0.03
151,2,16,474,1995,0.03
151,2,16,474,1996,0.03
151,2,16,474,1997,0.03
151,2,16,474,1998,0.04
151,2,16,474,1999,0.04
151,2,16,474,2000,0.04
151,2,16,474,2001,0.04
151,2,16,474,2002,0.04
151,2,16,474,2003,0.04
151,2,16,474,2004,0.05
151,2,16,474,2005,0.05
151,2,16,474,2006,0.05
151,2,16,474,2007,0.06
151,2,16,474,2008,0.06
151,2,16,474,2009,0.07
151,2,16,474,2010,0.08
151,2,16,474,2011,0.08
151,2,16,474,2012,0.09
151,2,16,474,2013,0.09
151,2,16,474,2014,0.1
151,2,16,474,2015,0.1
151,2,16,474,2016,0.11
151,2,16,474,2017,0.12
151,2,17,474,1990,0.03
151,2,17,474,1991,0.03
151,2,17,474,1992,0.04
151,2,17,474,1993,0.04
151,2,17,474,1994,0.04
151,2,17,474,1995,0.04
151,2,17,474,1996,0.05
151,2,17,474,1997,0.05
151,2,17,474,1998,0.05
151,2,17,474,1999,0.06
151,2,17,474,2000,0.06
151,2,17,474,2001,0.06
151,2,17,474,2002,0.06
151,2,17,474,2003,0.07
151,2,17,474,2004,0.07
151,2,17,474,2005,0.07
151,2,17,474,2006,0.08
151,2,17,474,2007,0.09
151,2,17,474,2008,0.09
151,2,17,474,2009,0.1
151,2,17,474,2010,0.11
151,2,17,474,2011,0.11
151,2,17,474,2012,0.12
151,2,17,474,2013,0.13
151,2,17,474,2014,0.13
151,2,17,474,2015,0.15
151,2,17,474,2016,0.16
151,2,17,474,2017,0.17
151,2,18,474,1990,0.04
151,2,18,474,1991,0.04
151,2,18,474,1992,0.04
151,2,18,474,1993,0.05
151,2,18,474,1994,0.05
151,2,18,474,1995,0.05
151,2,18,474,1996,0.06
151,2,18,474,1997,0.06
151,2,18,474,1998,0.07
151,2,18,474,1999,0.08
151,2,18,474,2000,0.09
151,2,18,474,2001,0.09
151,2,18,474,2002,0.09
151,2,18,474,2003,0.1
151,2,18,474,2004,0.1
151,2,18,474,2005,0.09
151,2,18,474,2006,0.1
151,2,18,474,2007,0.1
151,2,18,474,2008,0.11
151,2,18,474,2009,0.12
151,2,18,474,2010,0.12
151,2,18,474,2011,0.13
151,2,18,474,2012,0.13
151,2,18,474,2013,0.13
151,2,18,474,2014,0.13
151,2,18,474,2015,0.14
151,2,18,474,2016,0.16
151,2,18,474,2017,0.18
151,2,19,474,1990,0.04
151,2,19,474,1991,0.05
151,2,19,474,1992,0.05
151,2,19,474,1993,0.05
151,2,19,474,1994,0.06
151,2,19,474,1995,0.06
151,2,19,474,1996,0.07
151,2,19,474,1997,0.07
151,2,19,474,1998,0.08
151,2,19,474,1999,0.09
151,2,19,474,2000,0.1
151,2,19,474,2001,0.11
151,2,19,474,2002,0.12
151,2,19,474,2003,0.14
151,2,19,474,2004,0.15
151,2,19,474,2005,0.14
151,2,19,474,2006,0.14
151,2,19,474,2007,0.15
151,2,19,474,2008,0.16
151,2,19,474,2009,0.15
151,2,19,474,2010,0.15
151,2,19,474,2011,0.15
151,2,19,474,2012,0.16
151,2,19,474,2013,0.16
151,2,19,474,2014,0.16
151,2,19,474,2015,0.17
151,2,19,474,2016,0.18
151,2,19,474,2017,0.2
151,2,20,474,1990,0.05
151,2,20,474,1991,0.05
151,2,20,474,1992,0.05
151,2,20,474,1993,0.05
151,2,20,474,1994,0.06
151,2,20,474,1995,0.06
151,2,20,474,1996,0.07
151,2,20,474,1997,0.08
151,2,20,474,1998,0.09
151,2,20,474,1999,0.1
151,2,20,474,2000,0.11
151,2,20,474,2001,0.11
151,2,20,474,2002,0.13
151,2,20,474,2003,0.15
151,2,20,474,2004,0.16
151,2,20,474,2005,0.15
151,2,20,474,2006,0.17
151,2,20,474,2007,0.18
151,2,20,474,2008,0.2
151,2,20,474,2009,0.2
151,2,20,474,2010,0.2
151,2,20,474,2011,0.2
151,2,20,474,2012,0.19
151,2,20,474,2013,0.18
151,2,20,474,2014,0.17
151,2,20,474,2015,0.18
151,2,20,474,2016,0.19
151,2,20,474,2017,0.21
151,2,22,474,1990,0.32
151,2,22,474,1991,0.34
151,2,22,474,1992,0.36
151,2,22,474,1993,0.37
151,2,22,474,1994,0.39
151,2,22,474,1995,0.39
151,2,22,474,1996,0.45
151,2,22,474,1997,0.51
151,2,22,474,1998,0.56
151,2,22,474,1999,0.62
151,2,22,474,2000,0.69
151,2,22,474,2001,0.72
151,2,22,474,2002,0.85
151,2,22,474,2003,0.94
151,2,22,474,2004,1.04
151,2,22,474,2005,0.99
151,2,22,474,2006,1.09
151,2,22,474,2007,1.19
151,2,22,474,2008,1.29
151,2,22,474,2009,1.33
151,2,22,474,2010,1.36
151,2,22,474,2011,1.38
151,2,22,474,2012,1.38
151,2,22,474,2013,1.39
151,2,22,474,2014,1.36
151,2,22,474,2015,1.49
151,2,22,474,2016,1.6
151,2,22,474,2017,1.73
151,2,30,474,1990,0.05
151,2,30,474,1991,0.05
151,2,30,474,1992,0.05
151,2,30,474,1993,0.05
151,2,30,474,1994,0.05
151,2,30,474,1995,0.05
151,2,30,474,1996,0.06
151,2,30,474,1997,0.07
151,2,30,474,1998,0.08
151,2,30,474,1999,0.09
151,2,30,474,2000,0.11
151,2,30,474,2001,0.12
151,2,30,474,2002,0.15
151,2,30,474,2003,0.17
151,2,30,474,2004,0.19
151,2,30,474,2005,0.18
151,2,30,474,2006,0.2
151,2,30,474,2007,0.21
151,2,30,474,2008,0.23
151,2,30,474,2009,0.23
151,2,30,474,2010,0.24
151,2,30,474,2011,0.24
151,2,30,474,2012,0.23
151,2,30,474,2013,0.23
151,2,30,474,2014,0.23
151,2,30,474,2015,0.24
151,2,30,474,2016,0.25
151,2,30,474,2017,0.26
151,2,31,474,1990,0.03
151,2,31,474,1991,0.03
151,2,31,474,1992,0.03
151,2,31,474,1993,0.03
151,2,31,474,1994,0.03
151,2,31,474,1995,0.03
151,2,31,474,1996,0.04
151,2,31,474,1997,0.04
151,2,31,474,1998,0.05
151,2,31,474,1999,0.06
151,2,31,474,2000,0.07
151,2,31,474,2001,0.08
151,2,31,474,2002,0.1
151,2,31,474,2003,0.12
151,2,31,474,2004,0.14
151,2,31,474,2005,0.13
151,2,31,474,2006,0.15
151,2,31,474,2007,0.17
151,2,31,474,2008,0.18
151,2,31,474,2009,0.19
151,2,31,474,2010,0.19
151,2,31,474,2011,0.19
151,2,31,474,2012,0.19
151,2,31,474,2013,0.18
151,2,31,474,2014,0.17
151,2,31,474,2015,0.19
151,2,31,474,2016,0.21
151,2,31,474,2017,0.23
151,2,32,474,1990,0.01
151,2,32,474,1991,0.02
151,2,32,474,1992,0.02
151,2,32,474,1993,0.02
151,2,32,474,1994,0.02
151,2,32,474,1995,0.02
151,2,32,474,1996,0.02
151,2,32,474,1997,0.03
151,2,32,474,1998,0.03
151,2,32,474,1999,0.04
151,2,32,474,2000,0.04
151,2,32,474,2001,0.04
151,2,32,474,2002,0.05
151,2,32,474,2003,0.06
151,2,32,474,2004,0.07
151,2,32,474,2005,0.07
151,2,32,474,2006,0.08
151,2,32,474,2007,0.09
151,2,32,474,2008,0.11
151,2,32,474,2009,0.11
151,2,32,474,2010,0.11
151,2,32,474,2011,0.11
151,2,32,474,2012,0.11
151,2,32,474,2013,0.11
151,2,32,474,2014,0.1
151,2,32,474,2015,0.11
151,2,32,474,2016,0.13
151,2,32,474,2017,0.14
151,2,235,474,1990,0
151,2,235,474,1991,0
151,2,235,474,1992,0
151,2,235,474,1993,0
151,2,235,474,1994,0
151,2,235,474,1995,0
151,2,235,474,1996,0.01
151,2,235,474,1997,0.01
151,2,235,474,1998,0.01
151,2,235,474,1999,0.01
151,2,235,474,2000,0.01
151,2,235,474,2001,0.01
151,2,235,474,2002,0.01
151,2,235,474,2003,0.02
151,2,235,474,2004,0.02
151,2,235,474,2005,0.02
151,2,235,474,2006,0.02
151,2,235,474,2007,0.03
151,2,235,474,2008,0.03
151,2,235,474,2009,0.03
151,2,235,474,2010,0.03
151,2,235,474,2011,0.03
151,2,235,474,2012,0.03
151,2,235,474,2013,0.03
151,2,235,474,2014,0.03
151,2,235,474,2015,0.03
151,2,235,474,2016,0.04
151,2,235,474,2017,0.04
152,2,8,474,1990,0.06
152,2,8,474,1991,0.07
152,2,8,474,1992,0.07
152,2,8,474,1993,0.07
152,2,8,474,1994,0.08
152,2,8,474,1995,0.08
152,2,8,474,1996,0.08
152,2,8,474,1997,0.08
152,2,8,474,1998,0.09
152,2,8,474,1999,0.09
152,2,8,474,2000,0.1
152,2,8,474,2001,0.1
152,2,8,474,2002,0.1
152,2,8,474,2003,0.11
152,2,8,474,2004,0.11
152,2,8,474,2005,0.12
152,2,8,474,2006,0.12
152,2,8,474,2007,0.12
152,2,8,474,2008,0.13
152,2,8,474,2009,0.12
152,2,8,474,2010,0.12
152,2,8,474,2011,0.12
152,2,8,474,2012,0.11
152,2,8,474,2013,0.11
152,2,8,474,2014,0.12
152,2,8,474,2015,0.12
152,2,8,474,2016,0.11
152,2,8,474,2017,0.11
152,2,9,474,1990,0.06
152,2,9,474,1991,0.06
152,2,9,474,1992,0.06
152,2,9,474,1993,0.06
152,2,9,474,1994,0.07
152,2,9,474,1995,0.07
152,2,9,474,1996,0.07
152,2,9,474,1997,0.07
152,2,9,474,1998,0.07
152,2,9,474,1999,0.07
152,2,9,474,2000,0.08
152,2,9,474,2001,0.08
152,2,9,474,2002,0.08
152,2,9,474,2003,0.08
152,2,9,474,2004,0.09
152,2,9,474,2005,0.09
152,2,9,474,2006,0.1
152,2,9,474,2007,0.11
152,2,9,474,2008,0.11
152,2,9,474,2009,0.12
152,2,9,474,2010,0.12
152,2,9,474,2011,0.13
152,2,9,474,2012,0.13
152,2,9,474,2013,0.13
152,2,9,474,2014,0.13
152,2,9,474,2015,0.14
152,2,9,474,2016,0.14
152,2,9,474,2017,0.14
152,2,10,474,1990,0.07
152,2,10,474,1991,0.07
152,2,10,474,1992,0.08
152,2,10,474,1993,0.08
152,2,10,474,1994,0.09
152,2,10,474,1995,0.09
152,2,10,474,1996,0.1
152,2,10,474,1997,0.1
152,2,10,474,1998,0.11
152,2,10,474,1999,0.11
152,2,10,474,2000,0.11
152,2,10,474,2001,0.11
152,2,10,474,2002,0.12
152,2,10,474,2003,0.12
152,2,10,474,2004,0.12
152,2,10,474,2005,0.13
152,2,10,474,2006,0.13
152,2,10,474,2007,0.14
152,2,10,474,2008,0.15
152,2,10,474,2009,0.16
152,2,10,474,2010,0.17
152,2,10,474,2011,0.17
152,2,10,474,2012,0.17
152,2,10,474,2013,0.18
152,2,10,474,2014,0.19
152,2,10,474,2015,0.2
152,2,10,474,2016,0.2
152,2,10,474,2017,0.21
152,2,11,474,1990,0.11
152,2,11,474,1991,0.12
152,2,11,474,1992,0.13
152,2,11,474,1993,0.14
152,2,11,474,1994,0.16
152,2,11,474,1995,0.17
152,2,11,474,1996,0.18
152,2,11,474,1997,0.19
152,2,11,474,1998,0.21
152,2,11,474,1999,0.22
152,2,11,474,2000,0.23
152,2,11,474,2001,0.23
152,2,11,474,2002,0.24
152,2,11,474,2003,0.25
152,2,11,474,2004,0.26
152,2,11,474,2005,0.27
152,2,11,474,2006,0.27
152,2,11,474,2007,0.28
152,2,11,474,2008,0.28
152,2,11,474,2009,0.29
152,2,11,474,2010,0.3
152,2,11,474,2011,0.31
152,2,11,474,2012,0.32
152,2,11,474,2013,0.33
152,2,11,474,2014,0.36
152,2,11,474,2015,0.37
152,2,11,474,2016,0.39
152,2,11,474,2017,0.41
152,2,12,474,1990,0.19
152,2,12,474,1991,0.21
152,2,12,474,1992,0.22
152,2,12,474,1993,0.24
152,2,12,474,1994,0.26
152,2,12,474,1995,0.27
152,2,12,474,1996,0.29
152,2,12,474,1997,0.3
152,2,12,474,1998,0.32
152,2,12,474,1999,0.33
152,2,12,474,2000,0.34
152,2,12,474,2001,0.34
152,2,12,474,2002,0.35
152,2,12,474,2003,0.36
152,2,12,474,2004,0.37
152,2,12,474,2005,0.38
152,2,12,474,2006,0.39
152,2,12,474,2007,0.41
152,2,12,474,2008,0.43
152,2,12,474,2009,0.46
152,2,12,474,2010,0.49
152,2,12,474,2011,0.52
152,2,12,474,2012,0.54
152,2,12,474,2013,0.58
152,2,12,474,2014,0.62
152,2,12,474,2015,0.65
152,2,12,474,2016,0.69
152,2,12,474,2017,0.72
152,2,13,474,1990,0.32
152,2,13,474,1991,0.35
152,2,13,474,1992,0.37
152,2,13,474,1993,0.4
152,2,13,474,1994,0.43
152,2,13,474,1995,0.46
152,2,13,474,1996,0.5
152,2,13,474,1997,0.53
152,2,13,474,1998,0.56
152,2,13,474,1999,0.57
152,2,13,474,2000,0.59
152,2,13,474,2001,0.59
152,2,13,474,2002,0.63
152,2,13,474,2003,0.65
152,2,13,474,2004,0.67
152,2,13,474,2005,0.7
152,2,13,474,2006,0.73
152,2,13,474,2007,0.77
152,2,13,474,2008,0.81
152,2,13,474,2009,0.84
152,2,13,474,2010,0.86
152,2,13,474,2011,0.9
152,2,13,474,2012,0.95
152,2,13,474,2013,1.02
152,2,13,474,2014,1.09
152,2,13,474,2015,1.18
152,2,13,474,2016,1.26
152,2,13,474,2017,1.34
152,2,14,474,1990,0.43
152,2,14,474,1991,0.46
152,2,14,474,1992,0.5
152,2,14,474,1993,0.53
152,2,14,474,1994,0.58
152,2,14,474,1995,0.61
152,2,14,474,1996,0.64
152,2,14,474,1997,0.67
152,2,14,474,1998,0.71
152,2,14,474,1999,0.73
152,2,14,474,2000,0.76
152,2,14,474,2001,0.8
152,2,14,474,2002,0.86
152,2,14,474,2003,0.89
152,2,14,474,2004,0.91
152,2,14,474,2005,0.96
152,2,14,474,2006,1
152,2,14,474,2007,1.06
152,2,14,474,2008,1.11
152,2,14,474,2009,1.17
152,2,14,474,2010,1.24
152,2,14,474,2011,1.29
152,2,14,474,2012,1.35
152,2,14,474,2013,1.42
152,2,14,474,2014,1.48
152,2,14,474,2015,1.56
152,2,14,474,2016,1.66
152,2,14,474,2017,1.77
152,2,15,474,1990,0.55
152,2,15,474,1991,0.6
152,2,15,474,1992,0.64
152,2,15,474,1993,0.7
152,2,15,474,1994,0.76
152,2,15,474,1995,0.82
152,2,15,474,1996,0.87
152,2,15,474,1997,0.92
152,2,15,474,1998,0.96
152,2,15,474,1999,1
152,2,15,474,2000,1.04
152,2,15,474,2001,1.05
152,2,15,474,2002,1.12
152,2,15,474,2003,1.16
152,2,15,474,2004,1.2
152,2,15,474,2005,1.27
152,2,15,474,2006,1.34
152,2,15,474,2007,1.43
152,2,15,474,2008,1.51
152,2,15,474,2009,1.58
152,2,15,474,2010,1.65
152,2,15,474,2011,1.71
152,2,15,474,2012,1.77
152,2,15,474,2013,1.84
152,2,15,474,2014,1.93
152,2,15,474,2015,2.03
152,2,15,474,2016,2.12
152,2,15,474,2017,2.23
152,2,16,474,1990,0.64
152,2,16,474,1991,0.71
152,2,16,474,1992,0.78
152,2,16,474,1993,0.85
152,2,16,474,1994,0.92
152,2,16,474,1995,0.98
152,2,16,474,1996,1.04
152,2,16,474,1997,1.09
152,2,16,474,1998,1.16
152,2,16,474,1999,1.22
152,2,16,474,2000,1.26
152,2,16,474,2001,1.29
152,2,16,474,2002,1.36
152,2,16,474,2003,1.41
152,2,16,474,2004,1.45
152,2,16,474,2005,1.53
152,2,16,474,2006,1.6
152,2,16,474,2007,1.7
152,2,16,474,2008,1.8
152,2,16,474,2009,1.92
152,2,16,474,2010,2.07
152,2,16,474,2011,2.2
152,2,16,474,2012,2.3
152,2,16,474,2013,2.39
152,2,16,474,2014,2.44
152,2,16,474,2015,2.5
152,2,16,474,2016,2.59
152,2,16,474,2017,2.69
152,2,17,474,1990,0.93
152,2,17,474,1991,0.99
152,2,17,474,1992,1.04
152,2,17,474,1993,1.1
152,2,17,474,1994,1.17
152,2,17,474,1995,1.21
152,2,17,474,1996,1.3
152,2,17,474,1997,1.42
152,2,17,474,1998,1.52
152,2,17,474,1999,1.61
152,2,17,474,2000,1.67
152,2,17,474,2001,1.71
152,2,17,474,2002,1.81
152,2,17,474,2003,1.86
152,2,17,474,2004,1.91
152,2,17,474,2005,1.96
152,2,17,474,2006,1.95
152,2,17,474,2007,2.03
152,2,17,474,2008,2.13
152,2,17,474,2009,2.24
152,2,17,474,2010,2.38
152,2,17,474,2011,2.45
152,2,17,474,2012,2.49
152,2,17,474,2013,2.57
152,2,17,474,2014,2.7
152,2,17,474,2015,2.81
152,2,17,474,2016,2.94
152,2,17,474,2017,3.08
152,2,18,474,1990,1.1
152,2,18,474,1991,1.2
152,2,18,474,1992,1.33
152,2,18,474,1993,1.49
152,2,18,474,1994,1.67
152,2,18,474,1995,1.83
152,2,18,474,1996,1.9
152,2,18,474,1997,1.96
152,2,18,474,1998,2.01
152,2,18,474,1999,2.02
152,2,18,474,2000,1.99
152,2,18,474,2001,2.03
152,2,18,474,2002,2.17
152,2,18,474,2003,2.27
152,2,18,474,2004,2.28
152,2,18,474,2005,2.28
152,2,18,474,2006,2.32
152,2,18,474,2007,2.35
152,2,18,474,2008,2.36
152,2,18,474,2009,2.36
152,2,18,474,2010,2.41
152,2,18,474,2011,2.5
152,2,18,474,2012,2.59
152,2,18,474,2013,2.66
152,2,18,474,2014,2.71
152,2,18,474,2015,2.8
152,2,18,474,2016,2.88
152,2,18,474,2017,2.98
152,2,19,474,1990,1.54
152,2,19,474,1991,1.62
152,2,19,474,1992,1.71
152,2,19,474,1993,1.8
152,2,19,474,1994,1.91
152,2,19,474,1995,2.06
152,2,19,474,1996,2.21
152,2,19,474,1997,2.44
152,2,19,474,1998,2.7
152,2,19,474,1999,2.92
152,2,19,474,2000,3.1
152,2,19,474,2001,3.07
152,2,19,474,2002,3.09
152,2,19,474,2003,3
152,2,19,474,2004,2.86
152,2,19,474,2005,2.67
152,2,19,474,2006,2.57
152,2,19,474,2007,2.58
152,2,19,474,2008,2.6
152,2,19,474,2009,2.59
152,2,19,474,2010,2.57
152,2,19,474,2011,2.54
152,2,19,474,2012,2.49
152,2,19,474,2013,2.52
152,2,19,474,2014,2.62
152,2,19,474,2015,2.65
152,2,19,474,2016,2.69
152,2,19,474,2017,2.8
152,2,20,474,1990,2.02
152,2,20,474,1991,2.04
152,2,20,474,1992,2.07
152,2,20,474,1993,2.13
152,2,20,474,1994,2.22
152,2,20,474,1995,2.29
152,2,20,474,1996,2.35
152,2,20,474,1997,2.43
152,2,20,474,1998,2.5
152,2,20,474,1999,2.58
152,2,20,474,2000,2.72
152,2,20,474,2001,2.89
152,2,20,474,2002,3.2
152,2,20,474,2003,3.49
152,2,20,474,2004,3.69
152,2,20,474,2005,3.81
152,2,20,474,2006,3.69
152,2,20,474,2007,3.44
152,2,20,474,2008,3.15
152,2,20,474,2009,2.85
152,2,20,474,2010,2.55
152,2,20,474,2011,2.43
152,2,20,474,2012,2.36
152,2,20,474,2013,2.35
152,2,20,474,2014,2.42
152,2,20,474,2015,2.43
152,2,20,474,2016,2.45
152,2,20,474,2017,2.56
152,2,22,474,1990,13.43
152,2,22,474,1991,14.06
152,2,22,474,1992,14.73
152,2,22,474,1993,15.48
152,2,22,474,1994,16.32
152,2,22,474,1995,17.1
152,2,22,474,1996,17.84
152,2,22,474,1997,18.71
152,2,22,474,1998,19.59
152,2,22,474,1999,20.29
152,2,22,474,2000,20.89
152,2,22,474,2001,21.26
152,2,22,474,2002,22.34
152,2,22,474,2003,22.94
152,2,22,474,2004,23.26
152,2,22,474,2005,23.66
152,2,22,474,2006,23.82
152,2,22,474,2007,24.19
152,2,22,474,2008,24.49
152,2,22,474,2009,24.68
152,2,22,474,2010,24.95
152,2,22,474,2011,25.02
152,2,22,474,2012,25.02
152,2,22,474,2013,25.37
152,2,22,474,2014,26.15
152,2,22,474,2015,26.6
152,2,22,474,2016,27.21
152,2,22,474,2017,28.24
152,2,30,474,1990,2.53
152,2,30,474,1991,2.59
152,2,30,474,1992,2.64
152,2,30,474,1993,2.67
152,2,30,474,1994,2.69
152,2,30,474,1995,2.69
152,2,30,474,1996,2.71
152,2,30,474,1997,2.76
152,2,30,474,1998,2.83
152,2,30,474,1999,2.9
152,2,30,474,2000,2.97
152,2,30,474,2001,3.02
152,2,30,474,2002,3.16
152,2,30,474,2003,3.2
152,2,30,474,2004,3.26
152,2,30,474,2005,3.42
152,2,30,474,2006,3.58
152,2,30,474,2007,3.8
152,2,30,474,2008,4.01
152,2,30,474,2009,4.16
152,2,30,474,2010,4.2
152,2,30,474,2011,3.95
152,2,30,474,2012,3.62
152,2,30,474,2013,3.34
152,2,30,474,2014,3.12
152,2,30,474,2015,2.86
152,2,30,474,2016,2.8
152,2,30,474,2017,2.86
152,2,31,474,1990,1.8
152,2,31,474,1991,1.88
152,2,31,474,1992,1.96
152,2,31,474,1993,2.05
152,2,31,474,1994,2.15
152,2,31,474,1995,2.23
152,2,31,474,1996,2.3
152,2,31,474,1997,2.37
152,2,31,474,1998,2.41
152,2,31,474,1999,2.42
152,2,31,474,2000,2.42
152,2,31,474,2001,2.42
152,2,31,474,2002,2.49
152,2,31,474,2003,2.54
152,2,31,474,2004,2.59
152,2,31,474,2005,2.63
152,2,31,474,2006,2.63
152,2,31,474,2007,2.64
152,2,31,474,2008,2.62
152,2,31,474,2009,2.59
152,2,31,474,2010,2.62
152,2,31,474,2011,2.63
152,2,31,474,2012,2.66
152,2,31,474,2013,2.77
152,2,31,474,2014,2.99
152,2,31,474,2015,3.03
152,2,31,474,2016,2.9
152,2,31,474,2017,2.81
152,2,32,474,1990,0.91
152,2,32,474,1991,0.91
152,2,32,474,1992,0.92
152,2,32,474,1993,0.94
152,2,32,474,1994,0.97
152,2,32,474,1995,1.02
152,2,32,474,1996,1.08
152,2,32,474,1997,1.14
152,2,32,474,1998,1.21
152,2,32,474,1999,1.26
152,2,32,474,2000,1.29
152,2,32,474,2001,1.3
152,2,32,474,2002,1.32
152,2,32,474,2003,1.32
152,2,32,474,2004,1.28
152,2,32,474,2005,1.24
152,2,32,474,2006,1.19
152,2,32,474,2007,1.14
152,2,32,474,2008,1.1
152,2,32,474,2009,1.06
152,2,32,474,2010,1.04
152,2,32,474,2011,1.02
152,2,32,474,2012,1.01
152,2,32,474,2013,1.02
152,2,32,474,2014,1.06
152,2,32,474,2015,1.13
152,2,32,474,2016,1.22
152,2,32,474,2017,1.34
152,2,235,474,1990,0.18
152,2,235,474,1991,0.19
152,2,235,474,1992,0.2
152,2,235,474,1993,0.21
152,2,235,474,1994,0.21
152,2,235,474,1995,0.21
152,2,235,474,1996,0.22
152,2,235,474,1997,0.22
152,2,235,474,1998,0.23
152,2,235,474,1999,0.23
152,2,235,474,2000,0.23
152,2,235,474,2001,0.23
152,2,235,474,2002,0.23
152,2,235,474,2003,0.23
152,2,235,474,2004,0.22
152,2,235,474,2005,0.22
152,2,235,474,2006,0.21
152,2,235,474,2007,0.19
152,2,235,474,2008,0.18
152,2,235,474,2009,0.16
152,2,235,474,2010,0.15
152,2,235,474,2011,0.14
152,2,235,474,2012,0.14
152,2,235,474,2013,0.14
152,2,235,474,2014,0.15
152,2,235,474,2015,0.16
152,2,235,474,2016,0.16
152,2,235,474,2017,0.18
153,2,8,474,1990,0.12
153,2,8,474,1991,0.12
153,2,8,474,1992,0.13
153,2,8,474,1993,0.13
153,2,8,474,1994,0.14
153,2,8,474,1995,0.14
153,2,8,474,1996,0.15
153,2,8,474,1997,0.16
153,2,8,474,1998,0.16
153,2,8,474,1999,0.17
153,2,8,474,2000,0.18
153,2,8,474,2001,0.21
153,2,8,474,2002,0.21
153,2,8,474,2003,0.19
153,2,8,474,2004,0.18
153,2,8,474,2005,0.18
153,2,8,474,2006,0.2
153,2,8,474,2007,0.23
153,2,8,474,2008,0.23
153,2,8,474,2009,0.23
153,2,8,474,2010,0.24
153,2,8,474,2011,0.24
153,2,8,474,2012,0.22
153,2,8,474,2013,0.21
153,2,8,474,2014,0.2
153,2,8,474,2015,0.2
153,2,8,474,2016,0.21
153,2,8,474,2017,0.21
153,2,9,474,1990,0.16
153,2,9,474,1991,0.17
153,2,9,474,1992,0.17
153,2,9,474,1993,0.18
153,2,9,474,1994,0.19
153,2,9,474,1995,0.19
153,2,9,474,1996,0.2
153,2,9,474,1997,0.21
153,2,9,474,1998,0.22
153,2,9,474,1999,0.24
153,2,9,474,2000,0.24
153,2,9,474,2001,0.26
153,2,9,474,2002,0.27
153,2,9,474,2003,0.26
153,2,9,474,2004,0.25
153,2,9,474,2005,0.27
153,2,9,474,2006,0.3
153,2,9,474,2007,0.31
153,2,9,474,2008,0.31
153,2,9,474,2009,0.3
153,2,9,474,2010,0.3
153,2,9,474,2011,0.27
153,2,9,474,2012,0.23
153,2,9,474,2013,0.19
153,2,9,474,2014,0.18
153,2,9,474,2015,0.17
153,2,9,474,2016,0.19
153,2,9,474,2017,0.21
153,2,10,474,1990,0.12
153,2,10,474,1991,0.13
153,2,10,474,1992,0.14
153,2,10,474,1993,0.14
153,2,10,474,1994,0.14
153,2,10,474,1995,0.15
153,2,10,474,1996,0.15
153,2,10,474,1997,0.15
153,2,10,474,1998,0.16
153,2,10,474,1999,0.16
153,2,10,474,2000,0.16
153,2,10,474,2001,0.17
153,2,10,474,2002,0.17
153,2,10,474,2003,0.16
153,2,10,474,2004,0.15
153,2,10,474,2005,0.16
153,2,10,474,2006,0.18
153,2,10,474,2007,0.2
153,2,10,474,2008,0.22
153,2,10,474,2009,0.22
153,2,10,474,2010,0.24
153,2,10,474,2011,0.22
153,2,10,474,2012,0.19
153,2,10,474,2013,0.16
153,2,10,474,2014,0.13
153,2,10,474,2015,0.11
153,2,10,474,2016,0.11
153,2,10,474,2017,0.11
153,2,11,474,1990,0.25
153,2,11,474,1991,0.27
153,2,11,474,1992,0.29
153,2,11,474,1993,0.3
153,2,11,474,1994,0.32
153,2,11,474,1995,0.34
153,2,11,474,1996,0.36
153,2,11,474,1997,0.37
153,2,11,474,1998,0.38
153,2,11,474,1999,0.4
153,2,11,474,2000,0.39
153,2,11,474,2001,0.4
153,2,11,474,2002,0.4
153,2,11,474,2003,0.39
153,2,11,474,2004,0.38
153,2,11,474,2005,0.37
153,2,11,474,2006,0.4
153,2,11,474,2007,0.42
153,2,11,474,2008,0.46
153,2,11,474,2009,0.46
153,2,11,474,2010,0.5
153,2,11,474,2011,0.49
153,2,11,474,2012,0.46
153,2,11,474,2013,0.43
153,2,11,474,2014,0.4
153,2,11,474,2015,0.36
153,2,11,474,2016,0.34
153,2,11,474,2017,0.32
153,2,12,474,1990,0.23
153,2,12,474,1991,0.24
153,2,12,474,1992,0.26
153,2,12,474,1993,0.27
153,2,12,474,1994,0.28
153,2,12,474,1995,0.29
153,2,12,474,1996,0.3
153,2,12,474,1997,0.31
153,2,12,474,1998,0.32
153,2,12,474,1999,0.33
153,2,12,474,2000,0.33
153,2,12,474,2001,0.33
153,2,12,474,2002,0.33
153,2,12,474,2003,0.3
153,2,12,474,2004,0.3
153,2,12,474,2005,0.3
153,2,12,474,2006,0.31
153,2,12,474,2007,0.33
153,2,12,474,2008,0.34
153,2,12,474,2009,0.34
153,2,12,474,2010,0.36
153,2,12,474,2011,0.36
153,2,12,474,2012,0.35
153,2,12,474,2013,0.35
153,2,12,474,2014,0.35
153,2,12,474,2015,0.36
153,2,12,474,2016,0.37
153,2,12,474,2017,0.38
153,2,13,474,1990,0.36
153,2,13,474,1991,0.39
153,2,13,474,1992,0.42
153,2,13,474,1993,0.44
153,2,13,474,1994,0.46
153,2,13,474,1995,0.48
153,2,13,474,1996,0.49
153,2,13,474,1997,0.5
153,2,13,474,1998,0.51
153,2,13,474,1999,0.52
153,2,13,474,2000,0.54
153,2,13,474,2001,0.55
153,2,13,474,2002,0.56
153,2,13,474,2003,0.54
153,2,13,474,2004,0.54
153,2,13,474,2005,0.55
153,2,13,474,2006,0.58
153,2,13,474,2007,0.6
153,2,13,474,2008,0.63
153,2,13,474,2009,0.64
153,2,13,474,2010,0.66
153,2,13,474,2011,0.66
153,2,13,474,2012,0.65
153,2,13,474,2013,0.64
153,2,13,474,2014,0.64
153,2,13,474,2015,0.65
153,2,13,474,2016,0.66
153,2,13,474,2017,0.69
153,2,14,474,1990,0.55
153,2,14,474,1991,0.57
153,2,14,474,1992,0.61
153,2,14,474,1993,0.63
153,2,14,474,1994,0.65
153,2,14,474,1995,0.69
153,2,14,474,1996,0.72
153,2,14,474,1997,0.75
153,2,14,474,1998,0.78
153,2,14,474,1999,0.81
153,2,14,474,2000,0.83
153,2,14,474,2001,0.84
153,2,14,474,2002,0.83
153,2,14,474,2003,0.78
153,2,14,474,2004,0.77
153,2,14,474,2005,0.81
153,2,14,474,2006,0.87
153,2,14,474,2007,0.91
153,2,14,474,2008,0.97
153,2,14,474,2009,1.01
153,2,14,474,2010,1.07
153,2,14,474,2011,1.08
153,2,14,474,2012,1.08
153,2,14,474,2013,1.08
153,2,14,474,2014,1.08
153,2,14,474,2015,1.09
153,2,14,474,2016,1.11
153,2,14,474,2017,1.13
153,2,15,474,1990,0.92
153,2,15,474,1991,0.96
153,2,15,474,1992,1
153,2,15,474,1993,1.02
153,2,15,474,1994,1.05
153,2,15,474,1995,1.06
153,2,15,474,1996,1.07
153,2,15,474,1997,1.09
153,2,15,474,1998,1.12
153,2,15,474,1999,1.12
153,2,15,474,2000,1.18
153,2,15,474,2001,1.25
153,2,15,474,2002,1.33
153,2,15,474,2003,1.33
153,2,15,474,2004,1.35
153,2,15,474,2005,1.39
153,2,15,474,2006,1.42
153,2,15,474,2007,1.46
153,2,15,474,2008,1.48
153,2,15,474,2009,1.54
153,2,15,474,2010,1.66
153,2,15,474,2011,1.69
153,2,15,474,2012,1.75
153,2,15,474,2013,1.8
153,2,15,474,2014,1.86
153,2,15,474,2015,1.91
153,2,15,474,2016,1.95
153,2,15,474,2017,1.99
153,2,16,474,1990,1.35
153,2,16,474,1991,1.36
153,2,16,474,1992,1.4
153,2,16,474,1993,1.4
153,2,16,474,1994,1.42
153,2,16,474,1995,1.47
153,2,16,474,1996,1.5
153,2,16,474,1997,1.53
153,2,16,474,1998,1.58
153,2,16,474,1999,1.59
153,2,16,474,2000,1.6
153,2,16,474,2001,1.63
153,2,16,474,2002,1.69
153,2,16,474,2003,1.7
153,2,16,474,2004,1.71
153,2,16,474,2005,1.83
153,2,16,474,2006,1.94
153,2,16,474,2007,2.09
153,2,16,474,2008,2.16
153,2,16,474,2009,2.28
153,2,16,474,2010,2.42
153,2,16,474,2011,2.44
153,2,16,474,2012,2.47
153,2,16,474,2013,2.51
153,2,16,474,2014,2.57
153,2,16,474,2015,2.65
153,2,16,474,2016,2.74
153,2,16,474,2017,2.84
153,2,17,474,1990,1.38
153,2,17,474,1991,1.45
153,2,17,474,1992,1.53
153,2,17,474,1993,1.58
153,2,17,474,1994,1.63
153,2,17,474,1995,1.63
153,2,17,474,1996,1.62
153,2,17,474,1997,1.62
153,2,17,474,1998,1.62
153,2,17,474,1999,1.6
153,2,17,474,2000,1.62
153,2,17,474,2001,1.66
153,2,17,474,2002,1.74
153,2,17,474,2003,1.82
153,2,17,474,2004,1.84
153,2,17,474,2005,1.86
153,2,17,474,2006,1.85
153,2,17,474,2007,1.89
153,2,17,474,2008,1.85
153,2,17,474,2009,1.92
153,2,17,474,2010,2.04
153,2,17,474,2011,2.13
153,2,17,474,2012,2.27
153,2,17,474,2013,2.42
153,2,17,474,2014,2.57
153,2,17,474,2015,2.67
153,2,17,474,2016,2.75
153,2,17,474,2017,2.8
153,2,18,474,1990,1.52
153,2,18,474,1991,1.61
153,2,18,474,1992,1.69
153,2,18,474,1993,1.73
153,2,18,474,1994,1.8
153,2,18,474,1995,1.9
153,2,18,474,1996,2.02
153,2,18,474,1997,2.11
153,2,18,474,1998,2.22
153,2,18,474,1999,2.26
153,2,18,474,2000,2.18
153,2,18,474,2001,2.09
153,2,18,474,2002,2.03
153,2,18,474,2003,1.98
153,2,18,474,2004,1.96
153,2,18,474,2005,2.09
153,2,18,474,2006,2.19
153,2,18,474,2007,2.33
153,2,18,474,2008,2.33
153,2,18,474,2009,2.44
153,2,18,474,2010,2.51
153,2,18,474,2011,2.54
153,2,18,474,2012,2.61
153,2,18,474,2013,2.69
153,2,18,474,2014,2.78
153,2,18,474,2015,2.94
153,2,18,474,2016,3.11
153,2,18,474,2017,3.27
153,2,19,474,1990,1.58
153,2,19,474,1991,1.63
153,2,19,474,1992,1.69
153,2,19,474,1993,1.75
153,2,19,474,1994,1.84
153,2,19,474,1995,1.93
153,2,19,474,1996,2.04
153,2,19,474,1997,2.13
153,2,19,474,1998,2.21
153,2,19,474,1999,2.26
153,2,19,474,2000,2.32
153,2,19,474,2001,2.39
153,2,19,474,2002,2.55
153,2,19,474,2003,2.69
153,2,19,474,2004,2.8
153,2,19,474,2005,2.82
153,2,19,474,2006,2.84
153,2,19,474,2007,2.87
153,2,19,474,2008,2.77
153,2,19,474,2009,2.83
153,2,19,474,2010,2.99
153,2,19,474,2011,3.1
153,2,19,474,2012,3.27
153,2,19,474,2013,3.46
153,2,19,474,2014,3.62
153,2,19,474,2015,3.71
153,2,19,474,2016,3.77
153,2,19,474,2017,3.84
153,2,20,474,1990,1.62
153,2,20,474,1991,1.62
153,2,20,474,1992,1.67
153,2,20,474,1993,1.73
153,2,20,474,1994,1.81
153,2,20,474,1995,1.85
153,2,20,474,1996,1.91
153,2,20,474,1997,1.97
153,2,20,474,1998,2.06
153,2,20,474,1999,2.09
153,2,20,474,2000,2.07
153,2,20,474,2001,2.08
153,2,20,474,2002,2.12
153,2,20,474,2003,2.14
153,2,20,474,2004,2.25
153,2,20,474,2005,2.55
153,2,20,474,2006,2.9
153,2,20,474,2007,3.28
153,2,20,474,2008,3.45
153,2,20,474,2009,3.71
153,2,20,474,2010,3.82
153,2,20,474,2011,3.83
153,2,20,474,2012,3.89
153,2,20,474,2013,3.94
153,2,20,474,2014,4.03
153,2,20,474,2015,4.24
153,2,20,474,2016,4.43
153,2,20,474,2017,4.61
153,2,22,474,1990,14.33
153,2,22,474,1991,14.54
153,2,22,474,1992,14.86
153,2,22,474,1993,15.03
153,2,22,474,1994,15.38
153,2,22,474,1995,15.68
153,2,22,474,1996,15.98
153,2,22,474,1997,16.31
153,2,22,474,1998,16.73
153,2,22,474,1999,16.91
153,2,22,474,2000,16.82
153,2,22,474,2001,16.95
153,2,22,474,2002,17.3
153,2,22,474,2003,17.24
153,2,22,474,2004,17.55
153,2,22,474,2005,18.56
153,2,22,474,2006,19.63
153,2,22,474,2007,20.9
153,2,22,474,2008,21.45
153,2,22,474,2009,22.53
153,2,22,474,2010,24
153,2,22,474,2011,24.76
153,2,22,474,2012,25.77
153,2,22,474,2013,26.77
153,2,22,474,2014,27.77
153,2,22,474,2015,28.86
153,2,22,474,2016,29.94
153,2,22,474,2017,30.92
153,2,30,474,1990,1.88
153,2,30,474,1991,1.83
153,2,30,474,1992,1.8
153,2,30,474,1993,1.77
153,2,30,474,1994,1.77
153,2,30,474,1995,1.79
153,2,30,474,1996,1.78
153,2,30,474,1997,1.83
153,2,30,474,1998,1.89
153,2,30,474,1999,1.93
153,2,30,474,2000,1.87
153,2,30,474,2001,1.86
153,2,30,474,2002,1.87
153,2,30,474,2003,1.84
153,2,30,474,2004,1.93
153,2,30,474,2005,2.12
153,2,30,474,2006,2.31
153,2,30,474,2007,2.52
153,2,30,474,2008,2.66
153,2,30,474,2009,2.9
153,2,30,474,2010,3.27
153,2,30,474,2011,3.61
153,2,30,474,2012,4.04
153,2,30,474,2013,4.41
153,2,30,474,2014,4.68
153,2,30,474,2015,4.81
153,2,30,474,2016,4.85
153,2,30,474,2017,4.87
153,2,31,474,1990,1.36
153,2,31,474,1991,1.32
153,2,31,474,1992,1.27
153,2,31,474,1993,1.23
153,2,31,474,1994,1.2
153,2,31,474,1995,1.15
153,2,31,474,1996,1.1
153,2,31,474,1997,1.06
153,2,31,474,1998,1.04
153,2,31,474,1999,1.01
153,2,31,474,2000,0.94
153,2,31,474,2001,0.9
153,2,31,474,2002,0.89
153,2,31,474,2003,0.85
153,2,31,474,2004,0.88
153,2,31,474,2005,0.96
153,2,31,474,2006,1.03
153,2,31,474,2007,1.14
153,2,31,474,2008,1.22
153,2,31,474,2009,1.32
153,2,31,474,2010,1.49
153,2,31,474,2011,1.61
153,2,31,474,2012,1.76
153,2,31,474,2013,1.89
153,2,31,474,2014,2.04
153,2,31,474,2015,2.3
153,2,31,474,2016,2.57
153,2,31,474,2017,2.81
153,2,32,474,1990,0.68
153,2,32,474,1991,0.64
153,2,32,474,1992,0.59
153,2,32,474,1993,0.56
153,2,32,474,1994,0.52
153,2,32,474,1995,0.47
153,2,32,474,1996,0.44
153,2,32,474,1997,0.41
153,2,32,474,1998,0.38
153,2,32,474,1999,0.35
153,2,32,474,2000,0.31
153,2,32,474,2001,0.29
153,2,32,474,2002,0.27
153,2,32,474,2003,0.25
153,2,32,474,2004,0.25
153,2,32,474,2005,0.27
153,2,32,474,2006,0.27
153,2,32,474,2007,0.3
153,2,32,474,2008,0.32
153,2,32,474,2009,0.36
153,2,32,474,2010,0.4
153,2,32,474,2011,0.43
153,2,32,474,2012,0.48
153,2,32,474,2013,0.53
153,2,32,474,2014,0.58
153,2,32,474,2015,0.64
153,2,32,474,2016,0.7
153,2,32,474,2017,0.76
153,2,235,474,1990,0.25
153,2,235,474,1991,0.23
153,2,235,474,1992,0.2
153,2,235,474,1993,0.18
153,2,235,474,1994,0.16
153,2,235,474,1995,0.14
153,2,235,474,1996,0.12
153,2,235,474,1997,0.1
153,2,235,474,1998,0.08
153,2,235,474,1999,0.07
153,2,235,474,2000,0.06
153,2,235,474,2001,0.05
153,2,235,474,2002,0.04
153,2,235,474,2003,0.03
153,2,235,474,2004,0.03
153,2,235,474,2005,0.03
153,2,235,474,2006,0.03
153,2,235,474,2007,0.03
153,2,235,474,2008,0.03
153,2,235,474,2009,0.03
153,2,235,474,2010,0.04
153,2,235,474,2011,0.04
153,2,235,474,2012,0.05
153,2,235,474,2013,0.05
153,2,235,474,2014,0.06
153,2,235,474,2015,0.06
153,2,235,474,2016,0.07
153,2,235,474,2017,0.08
154,2,8,474,1990,0.04
154,2,8,474,1991,0.04
154,2,8,474,1992,0.04
154,2,8,474,1993,0.04
154,2,8,474,1994,0.04
154,2,8,474,1995,0.04
154,2,8,474,1996,0.05
154,2,8,474,1997,0.05
154,2,8,474,1998,0.05
154,2,8,474,1999,0.05
154,2,8,474,2000,0.05
154,2,8,474,2001,0.05
154,2,8,474,2002,0.05
154,2,8,474,2003,0.05
154,2,8,474,2004,0.05
154,2,8,474,2005,0.05
154,2,8,474,2006,0.05
154,2,8,474,2007,0.04
154,2,8,474,2008,0.04
154,2,8,474,2009,0.04
154,2,8,474,2010,0.04
154,2,8,474,2011,0.04
154,2,8,474,2012,0.04
154,2,8,474,2013,0.03
154,2,8,474,2014,0.03
154,2,8,474,2015,0.03
154,2,8,474,2016,0.03
154,2,8,474,2017,0.03
154,2,9,474,1990,0.04
154,2,9,474,1991,0.04
154,2,9,474,1992,0.04
154,2,9,474,1993,0.04
154,2,9,474,1994,0.04
154,2,9,474,1995,0.04
154,2,9,474,1996,0.05
154,2,9,474,1997,0.04
154,2,9,474,1998,0.04
154,2,9,474,1999,0.05
154,2,9,474,2000,0.05
154,2,9,474,2001,0.05
154,2,9,474,2002,0.05
154,2,9,474,2003,0.05
154,2,9,474,2004,0.05
154,2,9,474,2005,0.05
154,2,9,474,2006,0.05
154,2,9,474,2007,0.05
154,2,9,474,2008,0.05
154,2,9,474,2009,0.05
154,2,9,474,2010,0.05
154,2,9,474,2011,0.04
154,2,9,474,2012,0.04
154,2,9,474,2013,0.04
154,2,9,474,2014,0.04
154,2,9,474,2015,0.04
154,2,9,474,2016,0.04
154,2,9,474,2017,0.04
154,2,10,474,1990,0.06
154,2,10,474,1991,0.06
154,2,10,474,1992,0.06
154,2,10,474,1993,0.06
154,2,10,474,1994,0.07
154,2,10,474,1995,0.07
154,2,10,474,1996,0.07
154,2,10,474,1997,0.07
154,2,10,474,1998,0.06
154,2,10,474,1999,0.07
154,2,10,474,2000,0.07
154,2,10,474,2001,0.07
154,2,10,474,2002,0.07
154,2,10,474,2003,0.08
154,2,10,474,2004,0.08
154,2,10,474,2005,0.08
154,2,10,474,2006,0.08
154,2,10,474,2007,0.08
154,2,10,474,2008,0.08
154,2,10,474,2009,0.08
154,2,10,474,2010,0.08
154,2,10,474,2011,0.08
154,2,10,474,2012,0.07
154,2,10,474,2013,0.07
154,2,10,474,2014,0.07
154,2,10,474,2015,0.07
154,2,10,474,2016,0.07
154,2,10,474,2017,0.07
154,2,11,474,1990,0.1
154,2,11,474,1991,0.1
154,2,11,474,1992,0.1
154,2,11,474,1993,0.11
154,2,11,474,1994,0.12
154,2,11,474,1995,0.13
154,2,11,474,1996,0.13
154,2,11,474,1997,0.14
154,2,11,474,1998,0.14
154,2,11,474,1999,0.14
154,2,11,474,2000,0.14
154,2,11,474,2001,0.14
154,2,11,474,2002,0.14
154,2,11,474,2003,0.14
154,2,11,474,2004,0.14
154,2,11,474,2005,0.14
154,2,11,474,2006,0.14
154,2,11,474,2007,0.14
154,2,11,474,2008,0.14
154,2,11,474,2009,0.14
154,2,11,474,2010,0.15
154,2,11,474,2011,0.14
154,2,11,474,2012,0.14
154,2,11,474,2013,0.14
154,2,11,474,2014,0.14
154,2,11,474,2015,0.14
154,2,11,474,2016,0.14
154,2,11,474,2017,0.14
154,2,12,474,1990,0.13
154,2,12,474,1991,0.14
154,2,12,474,1992,0.16
154,2,12,474,1993,0.17
154,2,12,474,1994,0.18
154,2,12,474,1995,0.19
154,2,12,474,1996,0.2
154,2,12,474,1997,0.2
154,2,12,474,1998,0.2
154,2,12,474,1999,0.2
154,2,12,474,2000,0.21
154,2,12,474,2001,0.21
154,2,12,474,2002,0.22
154,2,12,474,2003,0.23
154,2,12,474,2004,0.23
154,2,12,474,2005,0.23
154,2,12,474,2006,0.23
154,2,12,474,2007,0.22
154,2,12,474,2008,0.22
154,2,12,474,2009,0.22
154,2,12,474,2010,0.23
154,2,12,474,2011,0.23
154,2,12,474,2012,0.23
154,2,12,474,2013,0.23
154,2,12,474,2014,0.24
154,2,12,474,2015,0.24
154,2,12,474,2016,0.25
154,2,12,474,2017,0.25
154,2,13,474,1990,0.23
154,2,13,474,1991,0.26
154,2,13,474,1992,0.29
154,2,13,474,1993,0.31
154,2,13,474,1994,0.34
154,2,13,474,1995,0.37
154,2,13,474,1996,0.38
154,2,13,474,1997,0.39
154,2,13,474,1998,0.41
154,2,13,474,1999,0.42
154,2,13,474,2000,0.44
154,2,13,474,2001,0.45
154,2,13,474,2002,0.46
154,2,13,474,2003,0.47
154,2,13,474,2004,0.48
154,2,13,474,2005,0.48
154,2,13,474,2006,0.49
154,2,13,474,2007,0.49
154,2,13,474,2008,0.49
154,2,13,474,2009,0.49
154,2,13,474,2010,0.49
154,2,13,474,2011,0.49
154,2,13,474,2012,0.49
154,2,13,474,2013,0.49
154,2,13,474,2014,0.49
154,2,13,474,2015,0.5
154,2,13,474,2016,0.51
154,2,13,474,2017,0.52
154,2,14,474,1990,0.36
154,2,14,474,1991,0.38
154,2,14,474,1992,0.41
154,2,14,474,1993,0.43
154,2,14,474,1994,0.45
154,2,14,474,1995,0.49
154,2,14,474,1996,0.52
154,2,14,474,1997,0.56
154,2,14,474,1998,0.59
154,2,14,474,1999,0.62
154,2,14,474,2000,0.64
154,2,14,474,2001,0.66
154,2,14,474,2002,0.68
154,2,14,474,2003,0.69
154,2,14,474,2004,0.72
154,2,14,474,2005,0.75
154,2,14,474,2006,0.77
154,2,14,474,2007,0.79
154,2,14,474,2008,0.8
154,2,14,474,2009,0.81
154,2,14,474,2010,0.81
154,2,14,474,2011,0.82
154,2,14,474,2012,0.82
154,2,14,474,2013,0.83
154,2,14,474,2014,0.83
154,2,14,474,2015,0.83
154,2,14,474,2016,0.84
154,2,14,474,2017,0.84
154,2,15,474,1990,0.72
154,2,15,474,1991,0.69
154,2,15,474,1992,0.68
154,2,15,474,1993,0.7
154,2,15,474,1994,0.7
154,2,15,474,1995,0.69
154,2,15,474,1996,0.7
154,2,15,474,1997,0.78
154,2,15,474,1998,0.81
154,2,15,474,1999,0.84
154,2,15,474,2000,0.88
154,2,15,474,2001,0.91
154,2,15,474,2002,0.95
154,2,15,474,2003,1
154,2,15,474,2004,1.05
154,2,15,474,2005,1.11
154,2,15,474,2006,1.16
154,2,15,474,2007,1.21
154,2,15,474,2008,1.27
154,2,15,474,2009,1.32
154,2,15,474,2010,1.37
154,2,15,474,2011,1.41
154,2,15,474,2012,1.43
154,2,15,474,2013,1.45
154,2,15,474,2014,1.47
154,2,15,474,2015,1.48
154,2,15,474,2016,1.49
154,2,15,474,2017,1.5
154,2,16,474,1990,1.21
154,2,16,474,1991,1.28
154,2,16,474,1992,1.36
154,2,16,474,1993,1.42
154,2,16,474,1994,1.46
154,2,16,474,1995,1.47
154,2,16,474,1996,1.48
154,2,16,474,1997,1.44
154,2,16,474,1998,1.44
154,2,16,474,1999,1.45
154,2,16,474,2000,1.45
154,2,16,474,2001,1.46
154,2,16,474,2002,1.48
154,2,16,474,2003,1.52
154,2,16,474,2004,1.57
154,2,16,474,2005,1.65
154,2,16,474,2006,1.72
154,2,16,474,2007,1.8
154,2,16,474,2008,1.9
154,2,16,474,2009,1.99
154,2,16,474,2010,2.09
154,2,16,474,2011,2.2
154,2,16,474,2012,2.31
154,2,16,474,2013,2.42
154,2,16,474,2014,2.53
154,2,16,474,2015,2.63
154,2,16,474,2016,2.71
154,2,16,474,2017,2.77
154,2,17,474,1990,1.77
154,2,17,474,1991,1.97
154,2,17,474,1992,2.23
154,2,17,474,1993,2.33
154,2,17,474,1994,2.37
154,2,17,474,1995,2.49
154,2,17,474,1996,2.57
154,2,17,474,1997,2.6
154,2,17,474,1998,2.61
154,2,17,474,1999,2.6
154,2,17,474,2000,2.54
154,2,17,474,2001,2.53
154,2,17,474,2002,2.51
154,2,17,474,2003,2.48
154,2,17,474,2004,2.5
154,2,17,474,2005,2.53
154,2,17,474,2006,2.56
154,2,17,474,2007,2.63
154,2,17,474,2008,2.72
154,2,17,474,2009,2.81
154,2,17,474,2010,2.94
154,2,17,474,2011,3.06
154,2,17,474,2012,3.2
154,2,17,474,2013,3.35
154,2,17,474,2014,3.52
154,2,17,474,2015,3.69
154,2,17,474,2016,3.89
154,2,17,474,2017,4.09
154,2,18,474,1990,2.62
154,2,18,474,1991,2.76
154,2,18,474,1992,2.89
154,2,18,474,1993,3.1
154,2,18,474,1994,3.36
154,2,18,474,1995,3.66
154,2,18,474,1996,3.86
154,2,18,474,1997,4.19
154,2,18,474,1998,4.39
154,2,18,474,1999,4.53
154,2,18,474,2000,4.56
154,2,18,474,2001,4.59
154,2,18,474,2002,4.61
154,2,18,474,2003,4.52
154,2,18,474,2004,4.51
154,2,18,474,2005,4.5
154,2,18,474,2006,4.54
154,2,18,474,2007,4.56
154,2,18,474,2008,4.6
154,2,18,474,2009,4.66
154,2,18,474,2010,4.72
154,2,18,474,2011,4.79
154,2,18,474,2012,4.91
154,2,18,474,2013,5.07
154,2,18,474,2014,5.26
154,2,18,474,2015,5.52
154,2,18,474,2016,5.75
154,2,18,474,2017,6.01
154,2,19,474,1990,3.25
154,2,19,474,1991,3.5
154,2,19,474,1992,3.98
154,2,19,474,1993,4.21
154,2,19,474,1994,4.28
154,2,19,474,1995,4.36
154,2,19,474,1996,4.55
154,2,19,474,1997,5.06
154,2,19,474,1998,5.33
154,2,19,474,1999,5.55
154,2,19,474,2000,5.71
154,2,19,474,2001,5.89
154,2,19,474,2002,6.11
154,2,19,474,2003,6.15
154,2,19,474,2004,6.35
154,2,19,474,2005,6.59
154,2,19,474,2006,6.67
154,2,19,474,2007,6.78
154,2,19,474,2008,6.81
154,2,19,474,2009,6.76
154,2,19,474,2010,6.67
154,2,19,474,2011,6.71
154,2,19,474,2012,6.76
154,2,19,474,2013,6.87
154,2,19,474,2014,7.02
154,2,19,474,2015,7.18
154,2,19,474,2016,7.38
154,2,19,474,2017,7.63
154,2,20,474,1990,3.49
154,2,20,474,1991,3.66
154,2,20,474,1992,3.72
154,2,20,474,1993,4.01
154,2,20,474,1994,4.47
154,2,20,474,1995,4.91
154,2,20,474,1996,5.15
154,2,20,474,1997,5.58
154,2,20,474,1998,5.82
154,2,20,474,1999,5.95
154,2,20,474,2000,5.86
154,2,20,474,2001,5.87
154,2,20,474,2002,5.95
154,2,20,474,2003,5.85
154,2,20,474,2004,6.07
154,2,20,474,2005,6.58
154,2,20,474,2006,6.96
154,2,20,474,2007,7.43
154,2,20,474,2008,7.87
154,2,20,474,2009,8.18
154,2,20,474,2010,8.4
154,2,20,474,2011,8.5
154,2,20,474,2012,8.52
154,2,20,474,2013,8.49
154,2,20,474,2014,8.44
154,2,20,474,2015,8.4
154,2,20,474,2016,8.58
154,2,20,474,2017,8.71
154,2,22,474,1990,20.47
154,2,22,474,1991,21.63
154,2,22,474,1992,23.16
154,2,22,474,1993,24.58
154,2,22,474,1994,25.92
154,2,22,474,1995,27.48
154,2,22,474,1996,28.74
154,2,22,474,1997,31.76
154,2,22,474,1998,33.18
154,2,22,474,1999,34.12
154,2,22,474,2000,34.32
154,2,22,474,2001,34.81
154,2,22,474,2002,35.5
154,2,22,474,2003,35.31
154,2,22,474,2004,36.28
154,2,22,474,2005,37.85
154,2,22,474,2006,39.1
154,2,22,474,2007,40.72
154,2,22,474,2008,42.4
154,2,22,474,2009,43.92
154,2,22,474,2010,45.46
154,2,22,474,2011,47.15
154,2,22,474,2012,48.9
154,2,22,474,2013,50.72
154,2,22,474,2014,52.59
154,2,22,474,2015,54.52
154,2,22,474,2016,56.48
154,2,22,474,2017,58.34
154,2,30,474,1990,3.91
154,2,30,474,1991,4
154,2,30,474,1992,4.18
154,2,30,474,1993,4.37
154,2,30,474,1994,4.55
154,2,30,474,1995,4.87
154,2,30,474,1996,5.14
154,2,30,474,1997,6.15
154,2,30,474,1998,6.48
154,2,30,474,1999,6.64
154,2,30,474,2000,6.57
154,2,30,474,2001,6.6
154,2,30,474,2002,6.68
154,2,30,474,2003,6.5
154,2,30,474,2004,6.66
154,2,30,474,2005,6.94
154,2,30,474,2006,7.26
154,2,30,474,2007,7.72
154,2,30,474,2008,8.28
154,2,30,474,2009,8.89
154,2,30,474,2010,9.63
154,2,30,474,2011,10.37
154,2,30,474,2012,11.11
154,2,30,474,2013,11.8
154,2,30,474,2014,12.37
154,2,30,474,2015,12.79
154,2,30,474,2016,12.96
154,2,30,474,2017,13
154,2,31,474,1990,2.03
154,2,31,474,1991,2.15
154,2,31,474,1992,2.35
154,2,31,474,1993,2.54
154,2,31,474,1994,2.67
154,2,31,474,1995,2.78
154,2,31,474,1996,2.92
154,2,31,474,1997,3.36
154,2,31,474,1998,3.54
154,2,31,474,1999,3.67
154,2,31,474,2000,3.78
154,2,31,474,2001,3.91
154,2,31,474,2002,4.04
154,2,31,474,2003,4.04
154,2,31,474,2004,4.2
154,2,31,474,2005,4.39
154,2,31,474,2006,4.55
154,2,31,474,2007,4.77
154,2,31,474,2008,5.02
154,2,31,474,2009,5.26
154,2,31,474,2010,5.48
154,2,31,474,2011,5.82
154,2,31,474,2012,6.21
154,2,31,474,2013,6.69
154,2,31,474,2014,7.25
154,2,31,474,2015,7.93
154,2,31,474,2016,8.57
154,2,31,474,2017,9.23
154,2,32,474,1990,0.44
154,2,32,474,1991,0.5
154,2,32,474,1992,0.57
154,2,32,474,1993,0.65
154,2,32,474,1994,0.73
154,2,32,474,1995,0.81
154,2,32,474,1996,0.87
154,2,32,474,1997,1.02
154,2,32,474,1998,1.1
154,2,32,474,1999,1.16
154,2,32,474,2000,1.18
154,2,32,474,2001,1.22
154,2,32,474,2002,1.27
154,2,32,474,2003,1.31
154,2,32,474,2004,1.39
154,2,32,474,2005,1.51
154,2,32,474,2006,1.59
154,2,32,474,2007,1.68
154,2,32,474,2008,1.77
154,2,32,474,2009,1.85
154,2,32,474,2010,1.95
154,2,32,474,2011,2.05
154,2,32,474,2012,2.15
154,2,32,474,2013,2.27
154,2,32,474,2014,2.41
154,2,32,474,2015,2.54
154,2,32,474,2016,2.73
154,2,32,474,2017,2.94
154,2,235,474,1990,0.08
154,2,235,474,1991,0.08
154,2,235,474,1992,0.08
154,2,235,474,1993,0.09
154,2,235,474,1994,0.09
154,2,235,474,1995,0.1
154,2,235,474,1996,0.12
154,2,235,474,1997,0.14
154,2,235,474,1998,0.16
154,2,235,474,1999,0.18
154,2,235,474,2000,0.19
154,2,235,474,2001,0.21
154,2,235,474,2002,0.23
154,2,235,474,2003,0.24
154,2,235,474,2004,0.26
154,2,235,474,2005,0.27
154,2,235,474,2006,0.29
154,2,235,474,2007,0.31
154,2,235,474,2008,0.33
154,2,235,474,2009,0.35
154,2,235,474,2010,0.38
154,2,235,474,2011,0.41
154,2,235,474,2012,0.43
154,2,235,474,2013,0.45
154,2,235,474,2014,0.48
154,2,235,474,2015,0.51
154,2,235,474,2016,0.54
154,2,235,474,2017,0.57
155,2,8,474,1990,0.44
155,2,8,474,1991,0.43
155,2,8,474,1992,0.43
155,2,8,474,1993,0.43
155,2,8,474,1994,0.41
155,2,8,474,1995,0.41
155,2,8,474,1996,0.41
155,2,8,474,1997,0.41
155,2,8,474,1998,0.36
155,2,8,474,1999,0.3
155,2,8,474,2000,0.33
155,2,8,474,2001,0.36
155,2,8,474,2002,0.4
155,2,8,474,2003,0.39
155,2,8,474,2004,0.38
155,2,8,474,2005,0.36
155,2,8,474,2006,0.35
155,2,8,474,2007,0.35
155,2,8,474,2008,0.33
155,2,8,474,2009,0.34
155,2,8,474,2010,0.35
155,2,8,474,2011,0.35
155,2,8,474,2012,0.35
155,2,8,474,2013,0.33
155,2,8,474,2014,0.3
155,2,8,474,2015,0.28
155,2,8,474,2016,0.27
155,2,8,474,2017,0.27
155,2,9,474,1990,0.53
155,2,9,474,1991,0.54
155,2,9,474,1992,0.56
155,2,9,474,1993,0.56
155,2,9,474,1994,0.55
155,2,9,474,1995,0.55
155,2,9,474,1996,0.54
155,2,9,474,1997,0.52
155,2,9,474,1998,0.48
155,2,9,474,1999,0.44
155,2,9,474,2000,0.45
155,2,9,474,2001,0.45
155,2,9,474,2002,0.45
155,2,9,474,2003,0.43
155,2,9,474,2004,0.4
155,2,9,474,2005,0.39
155,2,9,474,2006,0.4
155,2,9,474,2007,0.4
155,2,9,474,2008,0.41
155,2,9,474,2009,0.43
155,2,9,474,2010,0.44
155,2,9,474,2011,0.44
155,2,9,474,2012,0.44
155,2,9,474,2013,0.41
155,2,9,474,2014,0.36
155,2,9,474,2015,0.35
155,2,9,474,2016,0.34
155,2,9,474,2017,0.34
155,2,10,474,1990,0.8
155,2,10,474,1991,0.81
155,2,10,474,1992,0.81
155,2,10,474,1993,0.81
155,2,10,474,1994,0.81
155,2,10,474,1995,0.8
155,2,10,474,1996,0.8
155,2,10,474,1997,0.81
155,2,10,474,1998,0.8
155,2,10,474,1999,0.78
155,2,10,474,2000,0.76
155,2,10,474,2001,0.74
155,2,10,474,2002,0.73
155,2,10,474,2003,0.73
155,2,10,474,2004,0.71
155,2,10,474,2005,0.71
155,2,10,474,2006,0.72
155,2,10,474,2007,0.71
155,2,10,474,2008,0.72
155,2,10,474,2009,0.74
155,2,10,474,2010,0.73
155,2,10,474,2011,0.71
155,2,10,474,2012,0.7
155,2,10,474,2013,0.68
155,2,10,474,2014,0.66
155,2,10,474,2015,0.63
155,2,10,474,2016,0.61
155,2,10,474,2017,0.59
155,2,11,474,1990,1.51
155,2,11,474,1991,1.52
155,2,11,474,1992,1.57
155,2,11,474,1993,1.6
155,2,11,474,1994,1.63
155,2,11,474,1995,1.66
155,2,11,474,1996,1.64
155,2,11,474,1997,1.57
155,2,11,474,1998,1.51
155,2,11,474,1999,1.44
155,2,11,474,2000,1.35
155,2,11,474,2001,1.33
155,2,11,474,2002,1.35
155,2,11,474,2003,1.35
155,2,11,474,2004,1.32
155,2,11,474,2005,1.31
155,2,11,474,2006,1.29
155,2,11,474,2007,1.28
155,2,11,474,2008,1.3
155,2,11,474,2009,1.38
155,2,11,474,2010,1.45
155,2,11,474,2011,1.5
155,2,11,474,2012,1.5
155,2,11,474,2013,1.46
155,2,11,474,2014,1.43
155,2,11,474,2015,1.37
155,2,11,474,2016,1.31
155,2,11,474,2017,1.29
155,2,12,474,1990,2.51
155,2,12,474,1991,2.63
155,2,12,474,1992,2.74
155,2,12,474,1993,2.82
155,2,12,474,1994,2.83
155,2,12,474,1995,2.85
155,2,12,474,1996,2.87
155,2,12,474,1997,2.94
155,2,12,474,1998,2.95
155,2,12,474,1999,2.96
155,2,12,474,2000,2.83
155,2,12,474,2001,2.69
155,2,12,474,2002,2.5
155,2,12,474,2003,2.44
155,2,12,474,2004,2.32
155,2,12,474,2005,2.29
155,2,12,474,2006,2.37
155,2,12,474,2007,2.51
155,2,12,474,2008,2.74
155,2,12,474,2009,3.02
155,2,12,474,2010,3.13
155,2,12,474,2011,3.13
155,2,12,474,2012,3.17
155,2,12,474,2013,3.11
155,2,12,474,2014,3.09
155,2,12,474,2015,3.14
155,2,12,474,2016,3.15
155,2,12,474,2017,3.12
155,2,13,474,1990,3.7
155,2,13,474,1991,3.7
155,2,13,474,1992,3.81
155,2,13,474,1993,3.9
155,2,13,474,1994,3.91
155,2,13,474,1995,4.21
155,2,13,474,1996,4.43
155,2,13,474,1997,4.45
155,2,13,474,1998,4.43
155,2,13,474,1999,4.38
155,2,13,474,2000,4.07
155,2,13,474,2001,3.96
155,2,13,474,2002,4.11
155,2,13,474,2003,4.15
155,2,13,474,2004,4.12
155,2,13,474,2005,4.18
155,2,13,474,2006,4.18
155,2,13,474,2007,4.07
155,2,13,474,2008,4.03
155,2,13,474,2009,4.12
155,2,13,474,2010,4.1
155,2,13,474,2011,4.28
155,2,13,474,2012,4.52
155,2,13,474,2013,4.71
155,2,13,474,2014,4.85
155,2,13,474,2015,4.87
155,2,13,474,2016,4.8
155,2,13,474,2017,4.82
155,2,14,474,1990,6.28
155,2,14,474,1991,6.45
155,2,14,474,1992,6.54
155,2,14,474,1993,6.95
155,2,14,474,1994,7.41
155,2,14,474,1995,7.5
155,2,14,474,1996,7.46
155,2,14,474,1997,7.55
155,2,14,474,1998,7.55
155,2,14,474,1999,7.49
155,2,14,474,2000,7.4
155,2,14,474,2001,7.33
155,2,14,474,2002,7.08
155,2,14,474,2003,7.04
155,2,14,474,2004,6.91
155,2,14,474,2005,6.83
155,2,14,474,2006,6.93
155,2,14,474,2007,7.29
155,2,14,474,2008,7.73
155,2,14,474,2009,8.43
155,2,14,474,2010,8.92
155,2,14,474,2011,8.93
155,2,14,474,2012,8.52
155,2,14,474,2013,8.26
155,2,14,474,2014,7.84
155,2,14,474,2015,7.53
155,2,14,474,2016,7.6
155,2,14,474,2017,8.02
155,2,15,474,1990,9.96
155,2,15,474,1991,10.17
155,2,15,474,1992,10.28
155,2,15,474,1993,10.33
155,2,15,474,1994,10.33
155,2,15,474,1995,10.24
155,2,15,474,1996,10.12
155,2,15,474,1997,10.15
155,2,15,474,1998,10.43
155,2,15,474,1999,10.66
155,2,15,474,2000,10.23
155,2,15,474,2001,10.27
155,2,15,474,2002,10.95
155,2,15,474,2003,11.03
155,2,15,474,2004,11
155,2,15,474,2005,11.58
155,2,15,474,2006,12.13
155,2,15,474,2007,12.3
155,2,15,474,2008,12.11
155,2,15,474,2009,12.77
155,2,15,474,2010,12.85
155,2,15,474,2011,13.04
155,2,15,474,2012,13.56
155,2,15,474,2013,13.91
155,2,15,474,2014,14.08
155,2,15,474,2015,14.51
155,2,15,474,2016,14.34
155,2,15,474,2017,13.9
155,2,16,474,1990,17.83
155,2,16,474,1991,18.3
155,2,16,474,1992,18.15
155,2,16,474,1993,17.7
155,2,16,474,1994,18.21
155,2,16,474,1995,18.8
155,2,16,474,1996,18.61
155,2,16,474,1997,18.22
155,2,16,474,1998,17.63
155,2,16,474,1999,17.24
155,2,16,474,2000,15.96
155,2,16,474,2001,15.04
155,2,16,474,2002,14.06
155,2,16,474,2003,14.53
155,2,16,474,2004,15.17
155,2,16,474,2005,15.77
155,2,16,474,2006,16.32
155,2,16,474,2007,16.94
155,2,16,474,2008,18.16
155,2,16,474,2009,19.46
155,2,16,474,2010,21.4
155,2,16,474,2011,22.43
155,2,16,474,2012,22.67
155,2,16,474,2013,22.72
155,2,16,474,2014,22.52
155,2,16,474,2015,22.26
155,2,16,474,2016,22.17
155,2,16,474,2017,23.39
155,2,17,474,1990,23.89
155,2,17,474,1991,26.12
155,2,17,474,1992,27.47
155,2,17,474,1993,27.68
155,2,17,474,1994,27.69
155,2,17,474,1995,26.84
155,2,17,474,1996,25.86
155,2,17,474,1997,24.54
155,2,17,474,1998,23.32
155,2,17,474,1999,23.24
155,2,17,474,2000,22.51
155,2,17,474,2001,21.76
155,2,17,474,2002,21.91
155,2,17,474,2003,21.9
155,2,17,474,2004,21.78
155,2,17,474,2005,22.21
155,2,17,474,2006,23
155,2,17,474,2007,23.9
155,2,17,474,2008,25.49
155,2,17,474,2009,28.29
155,2,17,474,2010,29.38
155,2,17,474,2011,29.78
155,2,17,474,2012,30.2
155,2,17,474,2013,30.47
155,2,17,474,2014,30.72
155,2,17,474,2015,33.17
155,2,17,474,2016,34.11
155,2,17,474,2017,34.12
155,2,18,474,1990,27.16
155,2,18,474,1991,29.6
155,2,18,474,1992,31.51
155,2,18,474,1993,34.58
155,2,18,474,1994,36.97
155,2,18,474,1995,38.76
155,2,18,474,1996,40.01
155,2,18,474,1997,41.16
155,2,18,474,1998,40.94
155,2,18,474,1999,39.93
155,2,18,474,2000,35.71
155,2,18,474,2001,33.57
155,2,18,474,2002,32.11
155,2,18,474,2003,31.39
155,2,18,474,2004,31.63
155,2,18,474,2005,32.69
155,2,18,474,2006,33.32
155,2,18,474,2007,33.96
155,2,18,474,2008,34.02
155,2,18,474,2009,34.97
155,2,18,474,2010,35.63
155,2,18,474,2011,36.53
155,2,18,474,2012,37.1
155,2,18,474,2013,39.14
155,2,18,474,2014,41.45
155,2,18,474,2015,41.95
155,2,18,474,2016,41.99
155,2,18,474,2017,43
155,2,19,474,1990,24.41
155,2,19,474,1991,26.14
155,2,19,474,1992,27.66
155,2,19,474,1993,29.72
155,2,19,474,1994,31.97
155,2,19,474,1995,34.1
155,2,19,474,1996,35.86
155,2,19,474,1997,38.33
155,2,19,474,1998,41.76
155,2,19,474,1999,44.01
155,2,19,474,2000,43.38
155,2,19,474,2001,44.28
155,2,19,474,2002,45.98
155,2,19,474,2003,46.4
155,2,19,474,2004,45.45
155,2,19,474,2005,44.3
155,2,19,474,2006,44.07
155,2,19,474,2007,43.46
155,2,19,474,2008,42.32
155,2,19,474,2009,44.79
155,2,19,474,2010,46.85
155,2,19,474,2011,48.71
155,2,19,474,2012,49.54
155,2,19,474,2013,48.87
155,2,19,474,2014,48.11
155,2,19,474,2015,48.26
155,2,19,474,2016,48.75
155,2,19,474,2017,50.07
155,2,20,474,1990,28.87
155,2,20,474,1991,29.31
155,2,20,474,1992,28.91
155,2,20,474,1993,29.03
155,2,20,474,1994,29.86
155,2,20,474,1995,30.31
155,2,20,474,1996,30.9
155,2,20,474,1997,32.03
155,2,20,474,1998,33.16
155,2,20,474,1999,33.79
155,2,20,474,2000,33.51
155,2,20,474,2001,34.36
155,2,20,474,2002,37.62
155,2,20,474,2003,42.61
155,2,20,474,2004,43.98
155,2,20,474,2005,45.95
155,2,20,474,2006,48.94
155,2,20,474,2007,51.13
155,2,20,474,2008,51.25
155,2,20,474,2009,51.8
155,2,20,474,2010,50.19
155,2,20,474,2011,50.35
155,2,20,474,2012,49.76
155,2,20,474,2013,48.38
155,2,20,474,2014,49.16
155,2,20,474,2015,50.41
155,2,20,474,2016,50.54
155,2,20,474,2017,51.98
155,2,22,474,1990,214.79
155,2,22,474,1991,226.39
155,2,22,474,1992,232.52
155,2,22,474,1993,239.96
155,2,22,474,1994,249.37
155,2,22,474,1995,253.95
155,2,22,474,1996,254.16
155,2,22,474,1997,255.78
155,2,22,474,1998,258.59
155,2,22,474,1999,261.23
155,2,22,474,2000,251.42
155,2,22,474,2001,249.24
155,2,22,474,2002,254.14
155,2,22,474,2003,261.38
155,2,22,474,2004,264.88
155,2,22,474,2005,272.86
155,2,22,474,2006,282.75
155,2,22,474,2007,292.68
155,2,22,474,2008,304.61
155,2,22,474,2009,322.88
155,2,22,474,2010,333.42
155,2,22,474,2011,346.14
155,2,22,474,2012,354.59
155,2,22,474,2013,357.66
155,2,22,474,2014,358.84
155,2,22,474,2015,361.92
155,2,22,474,2016,364.27
155,2,22,474,2017,372.55
155,2,30,474,1990,33.47
155,2,30,474,1991,35.04
155,2,30,474,1992,35.63
155,2,30,474,1993,36.42
155,2,30,474,1994,37.61
155,2,30,474,1995,37.46
155,2,30,474,1996,35.84
155,2,30,474,1997,34.37
155,2,30,474,1998,33.48
155,2,30,474,1999,32.95
155,2,30,474,2000,31.67
155,2,30,474,2001,32.18
155,2,30,474,2002,34.2
155,2,30,474,2003,36.38
155,2,30,474,2004,37.83
155,2,30,474,2005,40.4
155,2,30,474,2006,42.64
155,2,30,474,2007,45.26
155,2,30,474,2008,50.09
155,2,30,474,2009,54.04
155,2,30,474,2010,56.33
155,2,30,474,2011,59.54
155,2,30,474,2012,61.07
155,2,30,474,2013,59.5
155,2,30,474,2014,57.41
155,2,30,474,2015,54.67
155,2,30,474,2016,53.76
155,2,30,474,2017,53.9
155,2,31,474,1990,22.99
155,2,31,474,1991,23.9
155,2,31,474,1992,23.9
155,2,31,474,1993,24.04
155,2,31,474,1994,24.75
155,2,31,474,1995,24.65
155,2,31,474,1996,24.15
155,2,31,474,1997,24.09
155,2,31,474,1998,24.47
155,2,31,474,1999,24.92
155,2,31,474,2000,24.38
155,2,31,474,2001,23.93
155,2,31,474,2002,23.81
155,2,31,474,2003,23.76
155,2,31,474,2004,24.35
155,2,31,474,2005,25.34
155,2,31,474,2006,26.93
155,2,31,474,2007,29.03
155,2,31,474,2008,32.09
155,2,31,474,2009,35.16
155,2,31,474,2010,37.59
155,2,31,474,2011,40.81
155,2,31,474,2012,44.23
155,2,31,474,2013,47.75
155,2,31,474,2014,48.95
155,2,31,474,2015,50.14
155,2,31,474,2016,51.4
155,2,31,474,2017,52.85
155,2,32,474,1990,8.46
155,2,32,474,1991,9.43
155,2,32,474,1992,10.04
155,2,32,474,1993,10.62
155,2,32,474,1994,11.34
155,2,32,474,1995,11.53
155,2,32,474,1996,11.3
155,2,32,474,1997,11.18
155,2,32,474,1998,11.55
155,2,32,474,1999,12.47
155,2,32,474,2000,12.51
155,2,32,474,2001,12.47
155,2,32,474,2002,12.32
155,2,32,474,2003,12.24
155,2,32,474,2004,12.7
155,2,32,474,2005,13.38
155,2,32,474,2006,13.75
155,2,32,474,2007,14.36
155,2,32,474,2008,15.57
155,2,32,474,2009,16.55
155,2,32,474,2010,17.29
155,2,32,474,2011,18.69
155,2,32,474,2012,20.29
155,2,32,474,2013,21.2
155,2,32,474,2014,21.45
155,2,32,474,2015,22.03
155,2,32,474,2016,22.72
155,2,32,474,2017,24.22
155,2,235,474,1990,1.99
155,2,235,474,1991,2.28
155,2,235,474,1992,2.51
155,2,235,474,1993,2.76
155,2,235,474,1994,3.08
155,2,235,474,1995,3.27
155,2,235,474,1996,3.35
155,2,235,474,1997,3.47
155,2,235,474,1998,3.75
155,2,235,474,1999,4.22
155,2,235,474,2000,4.39
155,2,235,474,2001,4.5
155,2,235,474,2002,4.56
155,2,235,474,2003,4.63
155,2,235,474,2004,4.86
155,2,235,474,2005,5.16
155,2,235,474,2006,5.42
155,2,235,474,2007,5.73
155,2,235,474,2008,6.24
155,2,235,474,2009,6.6
155,2,235,474,2010,6.77
155,2,235,474,2011,6.91
155,2,235,474,2012,6.97
155,2,235,474,2013,6.77
155,2,235,474,2014,6.45
155,2,235,474,2015,6.36
155,2,235,474,2016,6.42
155,2,235,474,2017,6.66
156,2,8,474,1990,0.01
156,2,8,474,1991,0.01
156,2,8,474,1992,0.01
156,2,8,474,1993,0.02
156,2,8,474,1994,0.02
156,2,8,474,1995,0.02
156,2,8,474,1996,0.02
156,2,8,474,1997,0.02
156,2,8,474,1998,0.03
156,2,8,474,1999,0.03
156,2,8,474,2000,0.03
156,2,8,474,2001,0.04
156,2,8,474,2002,0.04
156,2,8,474,2003,0.04
156,2,8,474,2004,0.04
156,2,8,474,2005,0.04
156,2,8,474,2006,0.04
156,2,8,474,2007,0.04
156,2,8,474,2008,0.04
156,2,8,474,2009,0.04
156,2,8,474,2010,0.04
156,2,8,474,2011,0.04
156,2,8,474,2012,0.04
156,2,8,474,2013,0.04
156,2,8,474,2014,0.04
156,2,8,474,2015,0.04
156,2,8,474,2016,0.05
156,2,8,474,2017,0.05
156,2,9,474,1990,0.02
156,2,9,474,1991,0.02
156,2,9,474,1992,0.02
156,2,9,474,1993,0.02
156,2,9,474,1994,0.02
156,2,9,474,1995,0.03
156,2,9,474,1996,0.03
156,2,9,474,1997,0.03
156,2,9,474,1998,0.03
156,2,9,474,1999,0.03
156,2,9,474,2000,0.04
156,2,9,474,2001,0.04
156,2,9,474,2002,0.05
156,2,9,474,2003,0.05
156,2,9,474,2004,0.06
156,2,9,474,2005,0.06
156,2,9,474,2006,0.05
156,2,9,474,2007,0.07
156,2,9,474,2008,0.08
156,2,9,474,2009,0.09
156,2,9,474,2010,0.08
156,2,9,474,2011,0.07
156,2,9,474,2012,0.06
156,2,9,474,2013,0.05
156,2,9,474,2014,0.05
156,2,9,474,2015,0.04
156,2,9,474,2016,0.04
156,2,9,474,2017,0.04
156,2,10,474,1990,0.03
156,2,10,474,1991,0.03
156,2,10,474,1992,0.03
156,2,10,474,1993,0.04
156,2,10,474,1994,0.04
156,2,10,474,1995,0.04
156,2,10,474,1996,0.05
156,2,10,474,1997,0.05
156,2,10,474,1998,0.05
156,2,10,474,1999,0.05
156,2,10,474,2000,0.06
156,2,10,474,2001,0.06
156,2,10,474,2002,0.06
156,2,10,474,2003,0.07
156,2,10,474,2004,0.07
156,2,10,474,2005,0.08
156,2,10,474,2006,0.09
156,2,10,474,2007,0.12
156,2,10,474,2008,0.17
156,2,10,474,2009,0.23
156,2,10,474,2010,0.23
156,2,10,474,2011,0.21
156,2,10,474,2012,0.19
156,2,10,474,2013,0.16
156,2,10,474,2014,0.13
156,2,10,474,2015,0.11
156,2,10,474,2016,0.09
156,2,10,474,2017,0.08
156,2,11,474,1990,0.05
156,2,11,474,1991,0.05
156,2,11,474,1992,0.05
156,2,11,474,1993,0.05
156,2,11,474,1994,0.06
156,2,11,474,1995,0.06
156,2,11,474,1996,0.06
156,2,11,474,1997,0.07
156,2,11,474,1998,0.07
156,2,11,474,1999,0.08
156,2,11,474,2000,0.09
156,2,11,474,2001,0.09
156,2,11,474,2002,0.1
156,2,11,474,2003,0.1
156,2,11,474,2004,0.11
156,2,11,474,2005,0.11
156,2,11,474,2006,0.12
156,2,11,474,2007,0.15
156,2,11,474,2008,0.18
156,2,11,474,2009,0.24
156,2,11,474,2010,0.27
156,2,11,474,2011,0.31
156,2,11,474,2012,0.35
156,2,11,474,2013,0.38
156,2,11,474,2014,0.39
156,2,11,474,2015,0.37
156,2,11,474,2016,0.34
156,2,11,474,2017,0.3
156,2,12,474,1990,0.05
156,2,12,474,1991,0.06
156,2,12,474,1992,0.06
156,2,12,474,1993,0.07
156,2,12,474,1994,0.07
156,2,12,474,1995,0.08
156,2,12,474,1996,0.08
156,2,12,474,1997,0.08
156,2,12,474,1998,0.09
156,2,12,474,1999,0.1
156,2,12,474,2000,0.1
156,2,12,474,2001,0.1
156,2,12,474,2002,0.11
156,2,12,474,2003,0.11
156,2,12,474,2004,0.12
156,2,12,474,2005,0.13
156,2,12,474,2006,0.14
156,2,12,474,2007,0.15
156,2,12,474,2008,0.18
156,2,12,474,2009,0.2
156,2,12,474,2010,0.23
156,2,12,474,2011,0.25
156,2,12,474,2012,0.28
156,2,12,474,2013,0.32
156,2,12,474,2014,0.36
156,2,12,474,2015,0.41
156,2,12,474,2016,0.46
156,2,12,474,2017,0.52
156,2,13,474,1990,0.08
156,2,13,474,1991,0.08
156,2,13,474,1992,0.09
156,2,13,474,1993,0.1
156,2,13,474,1994,0.11
156,2,13,474,1995,0.12
156,2,13,474,1996,0.14
156,2,13,474,1997,0.15
156,2,13,474,1998,0.16
156,2,13,474,1999,0.16
156,2,13,474,2000,0.17
156,2,13,474,2001,0.18
156,2,13,474,2002,0.18
156,2,13,474,2003,0.19
156,2,13,474,2004,0.2
156,2,13,474,2005,0.21
156,2,13,474,2006,0.22
156,2,13,474,2007,0.24
156,2,13,474,2008,0.27
156,2,13,474,2009,0.31
156,2,13,474,2010,0.35
156,2,13,474,2011,0.38
156,2,13,474,2012,0.42
156,2,13,474,2013,0.45
156,2,13,474,2014,0.49
156,2,13,474,2015,0.54
156,2,13,474,2016,0.6
156,2,13,474,2017,0.67
156,2,14,474,1990,0.12
156,2,14,474,1991,0.14
156,2,14,474,1992,0.15
156,2,14,474,1993,0.17
156,2,14,474,1994,0.19
156,2,14,474,1995,0.2
156,2,14,474,1996,0.21
156,2,14,474,1997,0.21
156,2,14,474,1998,0.22
156,2,14,474,1999,0.23
156,2,14,474,2000,0.25
156,2,14,474,2001,0.3
156,2,14,474,2002,0.33
156,2,14,474,2003,0.35
156,2,14,474,2004,0.35
156,2,14,474,2005,0.35
156,2,14,474,2006,0.36
156,2,14,474,2007,0.38
156,2,14,474,2008,0.41
156,2,14,474,2009,0.45
156,2,14,474,2010,0.5
156,2,14,474,2011,0.55
156,2,14,474,2012,0.6
156,2,14,474,2013,0.66
156,2,14,474,2014,0.73
156,2,14,474,2015,0.81
156,2,14,474,2016,0.87
156,2,14,474,2017,0.95
156,2,15,474,1990,0.17
156,2,15,474,1991,0.18
156,2,15,474,1992,0.19
156,2,15,474,1993,0.2
156,2,15,474,1994,0.21
156,2,15,474,1995,0.23
156,2,15,474,1996,0.26
156,2,15,474,1997,0.28
156,2,15,474,1998,0.3
156,2,15,474,1999,0.32
156,2,15,474,2000,0.34
156,2,15,474,2001,0.33
156,2,15,474,2002,0.34
156,2,15,474,2003,0.35
156,2,15,474,2004,0.38
156,2,15,474,2005,0.44
156,2,15,474,2006,0.51
156,2,15,474,2007,0.56
156,2,15,474,2008,0.62
156,2,15,474,2009,0.64
156,2,15,474,2010,0.68
156,2,15,474,2011,0.72
156,2,15,474,2012,0.77
156,2,15,474,2013,0.84
156,2,15,474,2014,0.93
156,2,15,474,2015,1.02
156,2,15,474,2016,1.11
156,2,15,474,2017,1.22
156,2,16,474,1990,0.2
156,2,16,474,1991,0.21
156,2,16,474,1992,0.22
156,2,16,474,1993,0.24
156,2,16,474,1994,0.26
156,2,16,474,1995,0.27
156,2,16,474,1996,0.28
156,2,16,474,1997,0.29
156,2,16,474,1998,0.31
156,2,16,474,1999,0.33
156,2,16,474,2000,0.35
156,2,16,474,2001,0.37
156,2,16,474,2002,0.4
156,2,16,474,2003,0.42
156,2,16,474,2004,0.45
156,2,16,474,2005,0.48
156,2,16,474,2006,0.51
156,2,16,474,2007,0.53
156,2,16,474,2008,0.57
156,2,16,474,2009,0.65
156,2,16,474,2010,0.76
156,2,16,474,2011,0.92
156,2,16,474,2012,1.05
156,2,16,474,2013,1.15
156,2,16,474,2014,1.21
156,2,16,474,2015,1.26
156,2,16,474,2016,1.32
156,2,16,474,2017,1.42
156,2,17,474,1990,0.29
156,2,17,474,1991,0.3
156,2,17,474,1992,0.31
156,2,17,474,1993,0.31
156,2,17,474,1994,0.31
156,2,17,474,1995,0.32
156,2,17,474,1996,0.33
156,2,17,474,1997,0.33
156,2,17,474,1998,0.36
156,2,17,474,1999,0.39
156,2,17,474,2000,0.41
156,2,17,474,2001,0.49
156,2,17,474,2002,0.53
156,2,17,474,2003,0.56
156,2,17,474,2004,0.6
156,2,17,474,2005,0.6
156,2,17,474,2006,0.66
156,2,17,474,2007,0.68
156,2,17,474,2008,0.66
156,2,17,474,2009,0.69
156,2,17,474,2010,0.76
156,2,17,474,2011,0.81
156,2,17,474,2012,0.89
156,2,17,474,2013,1.01
156,2,17,474,2014,1.17
156,2,17,474,2015,1.37
156,2,17,474,2016,1.62
156,2,17,474,2017,1.84
156,2,18,474,1990,0.38
156,2,18,474,1991,0.39
156,2,18,474,1992,0.41
156,2,18,474,1993,0.42
156,2,18,474,1994,0.44
156,2,18,474,1995,0.45
156,2,18,474,1996,0.46
156,2,18,474,1997,0.47
156,2,18,474,1998,0.49
156,2,18,474,1999,0.52
156,2,18,474,2000,0.52
156,2,18,474,2001,0.54
156,2,18,474,2002,0.56
156,2,18,474,2003,0.57
156,2,18,474,2004,0.58
156,2,18,474,2005,0.57
156,2,18,474,2006,0.59
156,2,18,474,2007,0.59
156,2,18,474,2008,0.59
156,2,18,474,2009,0.63
156,2,18,474,2010,0.69
156,2,18,474,2011,0.76
156,2,18,474,2012,0.83
156,2,18,474,2013,0.9
156,2,18,474,2014,0.96
156,2,18,474,2015,1.05
156,2,18,474,2016,1.11
156,2,18,474,2017,1.22
156,2,19,474,1990,0.34
156,2,19,474,1991,0.36
156,2,19,474,1992,0.38
156,2,19,474,1993,0.4
156,2,19,474,1994,0.43
156,2,19,474,1995,0.45
156,2,19,474,1996,0.46
156,2,19,474,1997,0.47
156,2,19,474,1998,0.5
156,2,19,474,1999,0.54
156,2,19,474,2000,0.57
156,2,19,474,2001,0.62
156,2,19,474,2002,0.64
156,2,19,474,2003,0.66
156,2,19,474,2004,0.67
156,2,19,474,2005,0.63
156,2,19,474,2006,0.63
156,2,19,474,2007,0.63
156,2,19,474,2008,0.6
156,2,19,474,2009,0.62
156,2,19,474,2010,0.64
156,2,19,474,2011,0.65
156,2,19,474,2012,0.67
156,2,19,474,2013,0.71
156,2,19,474,2014,0.77
156,2,19,474,2015,0.82
156,2,19,474,2016,0.91
156,2,19,474,2017,0.99
156,2,20,474,1990,0.22
156,2,20,474,1991,0.23
156,2,20,474,1992,0.25
156,2,20,474,1993,0.27
156,2,20,474,1994,0.3
156,2,20,474,1995,0.32
156,2,20,474,1996,0.34
156,2,20,474,1997,0.37
156,2,20,474,1998,0.4
156,2,20,474,1999,0.43
156,2,20,474,2000,0.45
156,2,20,474,2001,0.48
156,2,20,474,2002,0.52
156,2,20,474,2003,0.55
156,2,20,474,2004,0.57
156,2,20,474,2005,0.56
156,2,20,474,2006,0.58
156,2,20,474,2007,0.57
156,2,20,474,2008,0.55
156,2,20,474,2009,0.55
156,2,20,474,2010,0.56
156,2,20,474,2011,0.56
156,2,20,474,2012,0.57
156,2,20,474,2013,0.59
156,2,20,474,2014,0.6
156,2,20,474,2015,0.61
156,2,20,474,2016,0.62
156,2,20,474,2017,0.65
156,2,22,474,1990,2.26
156,2,22,474,1991,2.39
156,2,22,474,1992,2.54
156,2,22,474,1993,2.7
156,2,22,474,1994,2.89
156,2,22,474,1995,3.05
156,2,22,474,1996,3.22
156,2,22,474,1997,3.39
156,2,22,474,1998,3.64
156,2,22,474,1999,3.91
156,2,22,474,2000,4.09
156,2,22,474,2001,4.47
156,2,22,474,2002,4.73
156,2,22,474,2003,5.01
156,2,22,474,2004,5.25
156,2,22,474,2005,5.34
156,2,22,474,2006,5.66
156,2,22,474,2007,5.93
156,2,22,474,2008,6.18
156,2,22,474,2009,6.69
156,2,22,474,2010,7.21
156,2,22,474,2011,7.71
156,2,22,474,2012,8.24
156,2,22,474,2013,8.84
156,2,22,474,2014,9.43
156,2,22,474,2015,10.11
156,2,22,474,2016,10.81
156,2,22,474,2017,11.64
156,2,30,474,1990,0.2
156,2,30,474,1991,0.22
156,2,30,474,1992,0.24
156,2,30,474,1993,0.25
156,2,30,474,1994,0.27
156,2,30,474,1995,0.29
156,2,30,474,1996,0.31
156,2,30,474,1997,0.34
156,2,30,474,1998,0.37
156,2,30,474,1999,0.41
156,2,30,474,2000,0.44
156,2,30,474,2001,0.49
156,2,30,474,2002,0.53
156,2,30,474,2003,0.57
156,2,30,474,2004,0.6
156,2,30,474,2005,0.62
156,2,30,474,2006,0.66
156,2,30,474,2007,0.68
156,2,30,474,2008,0.69
156,2,30,474,2009,0.72
156,2,30,474,2010,0.75
156,2,30,474,2011,0.76
156,2,30,474,2012,0.77
156,2,30,474,2013,0.76
156,2,30,474,2014,0.76
156,2,30,474,2015,0.76
156,2,30,474,2016,0.76
156,2,30,474,2017,0.78
156,2,31,474,1990,0.08
156,2,31,474,1991,0.08
156,2,31,474,1992,0.09
156,2,31,474,1993,0.11
156,2,31,474,1994,0.12
156,2,31,474,1995,0.14
156,2,31,474,1996,0.16
156,2,31,474,1997,0.17
156,2,31,474,1998,0.19
156,2,31,474,1999,0.21
156,2,31,474,2000,0.22
156,2,31,474,2001,0.24
156,2,31,474,2002,0.26
156,2,31,474,2003,0.3
156,2,31,474,2004,0.33
156,2,31,474,2005,0.35
156,2,31,474,2006,0.38
156,2,31,474,2007,0.4
156,2,31,474,2008,0.42
156,2,31,474,2009,0.46
156,2,31,474,2010,0.48
156,2,31,474,2011,0.51
156,2,31,474,2012,0.53
156,2,31,474,2013,0.56
156,2,31,474,2014,0.57
156,2,31,474,2015,0.59
156,2,31,474,2016,0.6
156,2,31,474,2017,0.61
156,2,32,474,1990,0.02
156,2,32,474,1991,0.03
156,2,32,474,1992,0.03
156,2,32,474,1993,0.03
156,2,32,474,1994,0.03
156,2,32,474,1995,0.03
156,2,32,474,1996,0.04
156,2,32,474,1997,0.04
156,2,32,474,1998,0.05
156,2,32,474,1999,0.06
156,2,32,474,2000,0.07
156,2,32,474,2001,0.08
156,2,32,474,2002,0.09
156,2,32,474,2003,0.09
156,2,32,474,2004,0.1
156,2,32,474,2005,0.11
156,2,32,474,2006,0.12
156,2,32,474,2007,0.13
156,2,32,474,2008,0.14
156,2,32,474,2009,0.16
156,2,32,474,2010,0.17
156,2,32,474,2011,0.18
156,2,32,474,2012,0.2
156,2,32,474,2013,0.22
156,2,32,474,2014,0.23
156,2,32,474,2015,0.24
156,2,32,474,2016,0.25
156,2,32,474,2017,0.27
156,2,235,474,1990,0
156,2,235,474,1991,0
156,2,235,474,1992,0
156,2,235,474,1993,0.01
156,2,235,474,1994,0.01
156,2,235,474,1995,0.01
156,2,235,474,1996,0.01
156,2,235,474,1997,0.01
156,2,235,474,1998,0.01
156,2,235,474,1999,0.01
156,2,235,474,2000,0.01
156,2,235,474,2001,0.01
156,2,235,474,2002,0.01
156,2,235,474,2003,0.01
156,2,235,474,2004,0.02
156,2,235,474,2005,0.02
156,2,235,474,2006,0.02
156,2,235,474,2007,0.02
156,2,235,474,2008,0.02
156,2,235,474,2009,0.03
156,2,235,474,2010,0.03
156,2,235,474,2011,0.03
156,2,235,474,2012,0.03
156,2,235,474,2013,0.04
156,2,235,474,2014,0.04
156,2,235,474,2015,0.05
156,2,235,474,2016,0.05
156,2,235,474,2017,0.05
157,2,8,474,1990,0.11
157,2,8,474,1991,0.12
157,2,8,474,1992,0.13
157,2,8,474,1993,0.14
157,2,8,474,1994,0.15
157,2,8,474,1995,0.16
157,2,8,474,1996,0.17
157,2,8,474,1997,0.19
157,2,8,474,1998,0.2
157,2,8,474,1999,0.2
157,2,8,474,2000,0.21
157,2,8,474,2001,0.23
157,2,8,474,2002,0.24
157,2,8,474,2003,0.25
157,2,8,474,2004,0.25
157,2,8,474,2005,0.26
157,2,8,474,2006,0.26
157,2,8,474,2007,0.27
157,2,8,474,2008,0.27
157,2,8,474,2009,0.28
157,2,8,474,2010,0.28
157,2,8,474,2011,0.27
157,2,8,474,2012,0.26
157,2,8,474,2013,0.25
157,2,8,474,2014,0.25
157,2,8,474,2015,0.26
157,2,8,474,2016,0.26
157,2,8,474,2017,0.27
157,2,9,474,1990,0.15
157,2,9,474,1991,0.16
157,2,9,474,1992,0.17
157,2,9,474,1993,0.17
157,2,9,474,1994,0.18
157,2,9,474,1995,0.19
157,2,9,474,1996,0.21
157,2,9,474,1997,0.22
157,2,9,474,1998,0.23
157,2,9,474,1999,0.25
157,2,9,474,2000,0.26
157,2,9,474,2001,0.27
157,2,9,474,2002,0.29
157,2,9,474,2003,0.31
157,2,9,474,2004,0.32
157,2,9,474,2005,0.33
157,2,9,474,2006,0.34
157,2,9,474,2007,0.36
157,2,9,474,2008,0.37
157,2,9,474,2009,0.37
157,2,9,474,2010,0.38
157,2,9,474,2011,0.36
157,2,9,474,2012,0.35
157,2,9,474,2013,0.34
157,2,9,474,2014,0.34
157,2,9,474,2015,0.33
157,2,9,474,2016,0.33
157,2,9,474,2017,0.33
157,2,10,474,1990,0.21
157,2,10,474,1991,0.21
157,2,10,474,1992,0.22
157,2,10,474,1993,0.23
157,2,10,474,1994,0.23
157,2,10,474,1995,0.24
157,2,10,474,1996,0.25
157,2,10,474,1997,0.26
157,2,10,474,1998,0.27
157,2,10,474,1999,0.28
157,2,10,474,2000,0.29
157,2,10,474,2001,0.31
157,2,10,474,2002,0.33
157,2,10,474,2003,0.35
157,2,10,474,2004,0.37
157,2,10,474,2005,0.39
157,2,10,474,2006,0.41
157,2,10,474,2007,0.42
157,2,10,474,2008,0.44
157,2,10,474,2009,0.46
157,2,10,474,2010,0.47
157,2,10,474,2011,0.46
157,2,10,474,2012,0.45
157,2,10,474,2013,0.45
157,2,10,474,2014,0.44
157,2,10,474,2015,0.44
157,2,10,474,2016,0.44
157,2,10,474,2017,0.45
157,2,11,474,1990,0.36
157,2,11,474,1991,0.37
157,2,11,474,1992,0.39
157,2,11,474,1993,0.4
157,2,11,474,1994,0.41
157,2,11,474,1995,0.42
157,2,11,474,1996,0.42
157,2,11,474,1997,0.43
157,2,11,474,1998,0.44
157,2,11,474,1999,0.45
157,2,11,474,2000,0.46
157,2,11,474,2001,0.47
157,2,11,474,2002,0.49
157,2,11,474,2003,0.51
157,2,11,474,2004,0.53
157,2,11,474,2005,0.56
157,2,11,474,2006,0.59
157,2,11,474,2007,0.62
157,2,11,474,2008,0.66
157,2,11,474,2009,0.7
157,2,11,474,2010,0.74
157,2,11,474,2011,0.74
157,2,11,474,2012,0.75
157,2,11,474,2013,0.76
157,2,11,474,2014,0.77
157,2,11,474,2015,0.8
157,2,11,474,2016,0.82
157,2,11,474,2017,0.84
157,2,12,474,1990,0.51
157,2,12,474,1991,0.53
157,2,12,474,1992,0.56
157,2,12,474,1993,0.58
157,2,12,474,1994,0.61
157,2,12,474,1995,0.63
157,2,12,474,1996,0.66
157,2,12,474,1997,0.68
157,2,12,474,1998,0.69
157,2,12,474,1999,0.71
157,2,12,474,2000,0.72
157,2,12,474,2001,0.73
157,2,12,474,2002,0.75
157,2,12,474,2003,0.76
157,2,12,474,2004,0.78
157,2,12,474,2005,0.8
157,2,12,474,2006,0.82
157,2,12,474,2007,0.85
157,2,12,474,2008,0.89
157,2,12,474,2009,0.93
157,2,12,474,2010,0.98
157,2,12,474,2011,0.99
157,2,12,474,2012,1.02
157,2,12,474,2013,1.06
157,2,12,474,2014,1.11
157,2,12,474,2015,1.16
157,2,12,474,2016,1.22
157,2,12,474,2017,1.27
157,2,13,474,1990,0.89
157,2,13,474,1991,0.95
157,2,13,474,1992,1.01
157,2,13,474,1993,1.07
157,2,13,474,1994,1.11
157,2,13,474,1995,1.19
157,2,13,474,1996,1.25
157,2,13,474,1997,1.3
157,2,13,474,1998,1.35
157,2,13,474,1999,1.39
157,2,13,474,2000,1.43
157,2,13,474,2001,1.47
157,2,13,474,2002,1.51
157,2,13,474,2003,1.54
157,2,13,474,2004,1.57
157,2,13,474,2005,1.61
157,2,13,474,2006,1.63
157,2,13,474,2007,1.66
157,2,13,474,2008,1.69
157,2,13,474,2009,1.73
157,2,13,474,2010,1.77
157,2,13,474,2011,1.76
157,2,13,474,2012,1.77
157,2,13,474,2013,1.82
157,2,13,474,2014,1.89
157,2,13,474,2015,1.99
157,2,13,474,2016,2.12
157,2,13,474,2017,2.26
157,2,14,474,1990,1.38
157,2,14,474,1991,1.43
157,2,14,474,1992,1.49
157,2,14,474,1993,1.57
157,2,14,474,1994,1.68
157,2,14,474,1995,1.73
157,2,14,474,1996,1.84
157,2,14,474,1997,1.94
157,2,14,474,1998,2.04
157,2,14,474,1999,2.1
157,2,14,474,2000,2.2
157,2,14,474,2001,2.27
157,2,14,474,2002,2.35
157,2,14,474,2003,2.42
157,2,14,474,2004,2.49
157,2,14,474,2005,2.55
157,2,14,474,2006,2.58
157,2,14,474,2007,2.62
157,2,14,474,2008,2.67
157,2,14,474,2009,2.72
157,2,14,474,2010,2.78
157,2,14,474,2011,2.72
157,2,14,474,2012,2.71
157,2,14,474,2013,2.74
157,2,14,474,2014,2.79
157,2,14,474,2015,2.87
157,2,14,474,2016,2.99
157,2,14,474,2017,3.14
157,2,15,474,1990,2.08
157,2,15,474,1991,2.19
157,2,15,474,1992,2.31
157,2,15,474,1993,2.43
157,2,15,474,1994,2.54
157,2,15,474,1995,2.65
157,2,15,474,1996,2.74
157,2,15,474,1997,2.85
157,2,15,474,1998,2.97
157,2,15,474,1999,3.13
157,2,15,474,2000,3.19
157,2,15,474,2001,3.35
157,2,15,474,2002,3.51
157,2,15,474,2003,3.64
157,2,15,474,2004,3.74
157,2,15,474,2005,3.94
157,2,15,474,2006,4
157,2,15,474,2007,4.08
157,2,15,474,2008,4.17
157,2,15,474,2009,4.28
157,2,15,474,2010,4.38
157,2,15,474,2011,4.28
157,2,15,474,2012,4.24
157,2,15,474,2013,4.24
157,2,15,474,2014,4.29
157,2,15,474,2015,4.37
157,2,15,474,2016,4.49
157,2,15,474,2017,4.64
157,2,16,474,1990,2.91
157,2,16,474,1991,3
157,2,16,474,1992,3.08
157,2,16,474,1993,3.17
157,2,16,474,1994,3.27
157,2,16,474,1995,3.42
157,2,16,474,1996,3.59
157,2,16,474,1997,3.78
157,2,16,474,1998,3.97
157,2,16,474,1999,4.12
157,2,16,474,2000,4.23
157,2,16,474,2001,4.34
157,2,16,474,2002,4.46
157,2,16,474,2003,4.61
157,2,16,474,2004,4.86
157,2,16,474,2005,4.94
157,2,16,474,2006,5.09
157,2,16,474,2007,5.25
157,2,16,474,2008,5.39
157,2,16,474,2009,5.49
157,2,16,474,2010,5.74
157,2,16,474,2011,5.6
157,2,16,474,2012,5.56
157,2,16,474,2013,5.6
157,2,16,474,2014,5.68
157,2,16,474,2015,5.81
157,2,16,474,2016,5.96
157,2,16,474,2017,6.14
157,2,17,474,1990,4
157,2,17,474,1991,4.13
157,2,17,474,1992,4.26
157,2,17,474,1993,4.39
157,2,17,474,1994,4.52
157,2,17,474,1995,4.65
157,2,17,474,1996,4.78
157,2,17,474,1997,4.91
157,2,17,474,1998,5.05
157,2,17,474,1999,5.15
157,2,17,474,2000,5.3
157,2,17,474,2001,5.48
157,2,17,474,2002,5.69
157,2,17,474,2003,5.9
157,2,17,474,2004,6.12
157,2,17,474,2005,6.3
157,2,17,474,2006,6.37
157,2,17,474,2007,6.48
157,2,17,474,2008,6.66
157,2,17,474,2009,6.97
157,2,17,474,2010,7.04
157,2,17,474,2011,6.98
157,2,17,474,2012,7.02
157,2,17,474,2013,7.1
157,2,17,474,2014,7.16
157,2,17,474,2015,7.48
157,2,17,474,2016,7.68
157,2,17,474,2017,7.94
157,2,18,474,1990,5.53
157,2,18,474,1991,5.67
157,2,18,474,1992,5.82
157,2,18,474,1993,5.99
157,2,18,474,1994,6.18
157,2,18,474,1995,6.35
157,2,18,474,1996,6.57
157,2,18,474,1997,6.82
157,2,18,474,1998,7.04
157,2,18,474,1999,7.19
157,2,18,474,2000,7.3
157,2,18,474,2001,7.4
157,2,18,474,2002,7.5
157,2,18,474,2003,7.62
157,2,18,474,2004,7.77
157,2,18,474,2005,8.01
157,2,18,474,2006,8.15
157,2,18,474,2007,8.36
157,2,18,474,2008,8.6
157,2,18,474,2009,8.86
157,2,18,474,2010,9.07
157,2,18,474,2011,8.83
157,2,18,474,2012,8.76
157,2,18,474,2013,8.89
157,2,18,474,2014,9.25
157,2,18,474,2015,9.37
157,2,18,474,2016,9.83
157,2,18,474,2017,10.36
157,2,19,474,1990,6.63
157,2,19,474,1991,6.82
157,2,19,474,1992,7.01
157,2,19,474,1993,7.2
157,2,19,474,1994,7.38
157,2,19,474,1995,7.57
157,2,19,474,1996,7.76
157,2,19,474,1997,7.98
157,2,19,474,1998,8.23
157,2,19,474,1999,8.44
157,2,19,474,2000,8.58
157,2,19,474,2001,8.8
157,2,19,474,2002,9.05
157,2,19,474,2003,9.29
157,2,19,474,2004,9.54
157,2,19,474,2005,9.79
157,2,19,474,2006,9.83
157,2,19,474,2007,9.91
157,2,19,474,2008,10.03
157,2,19,474,2009,10.22
157,2,19,474,2010,10.53
157,2,19,474,2011,10.38
157,2,19,474,2012,10.43
157,2,19,474,2013,10.64
157,2,19,474,2014,10.93
157,2,19,474,2015,11.26
157,2,19,474,2016,11.58
157,2,19,474,2017,11.99
157,2,20,474,1990,6.52
157,2,20,474,1991,6.76
157,2,20,474,1992,7
157,2,20,474,1993,7.25
157,2,20,474,1994,7.51
157,2,20,474,1995,7.77
157,2,20,474,1996,8.05
157,2,20,474,1997,8.35
157,2,20,474,1998,8.65
157,2,20,474,1999,8.85
157,2,20,474,2000,9.01
157,2,20,474,2001,9.17
157,2,20,474,2002,9.35
157,2,20,474,2003,9.58
157,2,20,474,2004,9.84
157,2,20,474,2005,10.06
157,2,20,474,2006,10.17
157,2,20,474,2007,10.37
157,2,20,474,2008,10.6
157,2,20,474,2009,10.86
157,2,20,474,2010,11.13
157,2,20,474,2011,10.79
157,2,20,474,2012,10.66
157,2,20,474,2013,10.73
157,2,20,474,2014,10.93
157,2,20,474,2015,11.31
157,2,20,474,2016,11.78
157,2,20,474,2017,12.35
157,2,22,474,1990,39.57
157,2,22,474,1991,41.03
157,2,22,474,1992,42.53
157,2,22,474,1993,44.07
157,2,22,474,1994,45.69
157,2,22,474,1995,47.35
157,2,22,474,1996,49.18
157,2,22,474,1997,51.13
157,2,22,474,1998,53.07
157,2,22,474,1999,54.72
157,2,22,474,2000,56.09
157,2,22,474,2001,57.69
157,2,22,474,2002,59.45
157,2,22,474,2003,61.26
157,2,22,474,2004,63.22
157,2,22,474,2005,65.12
157,2,22,474,2006,66.05
157,2,22,474,2007,67.37
157,2,22,474,2008,69.01
157,2,22,474,2009,70.96
157,2,22,474,2010,72.85
157,2,22,474,2011,71.35
157,2,22,474,2012,71.22
157,2,22,474,2013,72.2
157,2,22,474,2014,74.01
157,2,22,474,2015,76.26
157,2,22,474,2016,79
157,2,22,474,2017,82.34
157,2,30,474,1990,5.45
157,2,30,474,1991,5.68
157,2,30,474,1992,5.92
157,2,30,474,1993,6.14
157,2,30,474,1994,6.39
157,2,30,474,1995,6.68
157,2,30,474,1996,6.97
157,2,30,474,1997,7.28
157,2,30,474,1998,7.6
157,2,30,474,1999,7.88
157,2,30,474,2000,8.12
157,2,30,474,2001,8.36
157,2,30,474,2002,8.64
157,2,30,474,2003,8.91
157,2,30,474,2004,9.18
157,2,30,474,2005,9.44
157,2,30,474,2006,9.51
157,2,30,474,2007,9.63
157,2,30,474,2008,9.85
157,2,30,474,2009,10.12
157,2,30,474,2010,10.37
157,2,30,474,2011,10.14
157,2,30,474,2012,10.16
157,2,30,474,2013,10.35
157,2,30,474,2014,10.68
157,2,30,474,2015,11.02
157,2,30,474,2016,11.4
157,2,30,474,2017,11.83
157,2,31,474,1990,2.24
157,2,31,474,1991,2.37
157,2,31,474,1992,2.49
157,2,31,474,1993,2.63
157,2,31,474,1994,2.76
157,2,31,474,1995,2.91
157,2,31,474,1996,3.06
157,2,31,474,1997,3.22
157,2,31,474,1998,3.38
157,2,31,474,1999,3.53
157,2,31,474,2000,3.7
157,2,31,474,2001,3.87
157,2,31,474,2002,4.06
157,2,31,474,2003,4.26
157,2,31,474,2004,4.48
157,2,31,474,2005,4.68
157,2,31,474,2006,4.79
157,2,31,474,2007,4.92
157,2,31,474,2008,5.07
157,2,31,474,2009,5.24
157,2,31,474,2010,5.39
157,2,31,474,2011,5.26
157,2,31,474,2012,5.25
157,2,31,474,2013,5.37
157,2,31,474,2014,5.57
157,2,31,474,2015,5.75
157,2,31,474,2016,6.01
157,2,31,474,2017,6.32
157,2,32,474,1990,0.53
157,2,32,474,1991,0.56
157,2,32,474,1992,0.6
157,2,32,474,1993,0.63
157,2,32,474,1994,0.67
157,2,32,474,1995,0.71
157,2,32,474,1996,0.76
157,2,32,474,1997,0.81
157,2,32,474,1998,0.86
157,2,32,474,1999,0.91
157,2,32,474,2000,0.96
157,2,32,474,2001,1.02
157,2,32,474,2002,1.08
157,2,32,474,2003,1.14
157,2,32,474,2004,1.2
157,2,32,474,2005,1.27
157,2,32,474,2006,1.32
157,2,32,474,2007,1.37
157,2,32,474,2008,1.43
157,2,32,474,2009,1.5
157,2,32,474,2010,1.57
157,2,32,474,2011,1.55
157,2,32,474,2012,1.57
157,2,32,474,2013,1.61
157,2,32,474,2014,1.67
157,2,32,474,2015,1.73
157,2,32,474,2016,1.8
157,2,32,474,2017,1.89
157,2,235,474,1990,0.07
157,2,235,474,1991,0.08
157,2,235,474,1992,0.08
157,2,235,474,1993,0.09
157,2,235,474,1994,0.09
157,2,235,474,1995,0.1
157,2,235,474,1996,0.1
157,2,235,474,1997,0.11
157,2,235,474,1998,0.12
157,2,235,474,1999,0.13
157,2,235,474,2000,0.13
157,2,235,474,2001,0.14
157,2,235,474,2002,0.15
157,2,235,474,2003,0.17
157,2,235,474,2004,0.18
157,2,235,474,2005,0.19
157,2,235,474,2006,0.2
157,2,235,474,2007,0.21
157,2,235,474,2008,0.22
157,2,235,474,2009,0.23
157,2,235,474,2010,0.25
157,2,235,474,2011,0.25
157,2,235,474,2012,0.25
157,2,235,474,2013,0.26
157,2,235,474,2014,0.27
157,2,235,474,2015,0.29
157,2,235,474,2016,0.3
157,2,235,474,2017,0.32
160,2,8,474,1990,0.21
160,2,8,474,1991,0.22
160,2,8,474,1992,0.25
160,2,8,474,1993,0.27
160,2,8,474,1994,0.27
160,2,8,474,1995,0.27
160,2,8,474,1996,0.26
160,2,8,474,1997,0.26
160,2,8,474,1998,0.26
160,2,8,474,1999,0.26
160,2,8,474,2000,0.27
160,2,8,474,2001,0.28
160,2,8,474,2002,0.29
160,2,8,474,2003,0.33
160,2,8,474,2004,0.35
160,2,8,474,2005,0.38
160,2,8,474,2006,0.41
160,2,8,474,2007,0.44
160,2,8,474,2008,0.5
160,2,8,474,2009,0.54
160,2,8,474,2010,0.6
160,2,8,474,2011,0.65
160,2,8,474,2012,0.68
160,2,8,474,2013,0.71
160,2,8,474,2014,0.73
160,2,8,474,2015,0.74
160,2,8,474,2016,0.75
160,2,8,474,2017,0.77
160,2,9,474,1990,0.27
160,2,9,474,1991,0.3
160,2,9,474,1992,0.43
160,2,9,474,1993,0.58
160,2,9,474,1994,0.61
160,2,9,474,1995,0.61
160,2,9,474,1996,0.59
160,2,9,474,1997,0.57
160,2,9,474,1998,0.53
160,2,9,474,1999,0.48
160,2,9,474,2000,0.45
160,2,9,474,2001,0.43
160,2,9,474,2002,0.45
160,2,9,474,2003,0.49
160,2,9,474,2004,0.5
160,2,9,474,2005,0.52
160,2,9,474,2006,0.52
160,2,9,474,2007,0.51
160,2,9,474,2008,0.54
160,2,9,474,2009,0.56
160,2,9,474,2010,0.61
160,2,9,474,2011,0.68
160,2,9,474,2012,0.75
160,2,9,474,2013,0.85
160,2,9,474,2014,0.94
160,2,9,474,2015,0.99
160,2,9,474,2016,1.06
160,2,9,474,2017,1.12
160,2,10,474,1990,0.28
160,2,10,474,1991,0.31
160,2,10,474,1992,0.42
160,2,10,474,1993,0.58
160,2,10,474,1994,0.67
160,2,10,474,1995,0.76
160,2,10,474,1996,0.86
160,2,10,474,1997,0.94
160,2,10,474,1998,0.99
160,2,10,474,1999,0.96
160,2,10,474,2000,0.91
160,2,10,474,2001,0.86
160,2,10,474,2002,0.83
160,2,10,474,2003,0.81
160,2,10,474,2004,0.78
160,2,10,474,2005,0.77
160,2,10,474,2006,0.75
160,2,10,474,2007,0.72
160,2,10,474,2008,0.73
160,2,10,474,2009,0.73
160,2,10,474,2010,0.76
160,2,10,474,2011,0.79
160,2,10,474,2012,0.8
160,2,10,474,2013,0.84
160,2,10,474,2014,0.88
160,2,10,474,2015,0.93
160,2,10,474,2016,1
160,2,10,474,2017,1.1
160,2,11,474,1990,0.31
160,2,11,474,1991,0.33
160,2,11,474,1992,0.41
160,2,11,474,1993,0.53
160,2,11,474,1994,0.64
160,2,11,474,1995,0.76
160,2,11,474,1996,0.88
160,2,11,474,1997,1.01
160,2,11,474,1998,1.15
160,2,11,474,1999,1.27
160,2,11,474,2000,1.41
160,2,11,474,2001,1.54
160,2,11,474,2002,1.68
160,2,11,474,2003,1.77
160,2,11,474,2004,1.77
160,2,11,474,2005,1.72
160,2,11,474,2006,1.63
160,2,11,474,2007,1.5
160,2,11,474,2008,1.42
160,2,11,474,2009,1.36
160,2,11,474,2010,1.33
160,2,11,474,2011,1.32
160,2,11,474,2012,1.32
160,2,11,474,2013,1.34
160,2,11,474,2014,1.37
160,2,11,474,2015,1.38
160,2,11,474,2016,1.41
160,2,11,474,2017,1.45
160,2,12,474,1990,0.64
160,2,12,474,1991,0.59
160,2,12,474,1992,0.6
160,2,12,474,1993,0.61
160,2,12,474,1994,0.62
160,2,12,474,1995,0.63
160,2,12,474,1996,0.69
160,2,12,474,1997,0.79
160,2,12,474,1998,0.93
160,2,12,474,1999,1.08
160,2,12,474,2000,1.26
160,2,12,474,2001,1.44
160,2,12,474,2002,1.63
160,2,12,474,2003,1.85
160,2,12,474,2004,2.06
160,2,12,474,2005,2.27
160,2,12,474,2006,2.47
160,2,12,474,2007,2.62
160,2,12,474,2008,2.73
160,2,12,474,2009,2.71
160,2,12,474,2010,2.66
160,2,12,474,2011,2.56
160,2,12,474,2012,2.42
160,2,12,474,2013,2.3
160,2,12,474,2014,2.22
160,2,12,474,2015,2.15
160,2,12,474,2016,2.11
160,2,12,474,2017,2.11
160,2,13,474,1990,1.7
160,2,13,474,1991,1.68
160,2,13,474,1992,1.74
160,2,13,474,1993,1.77
160,2,13,474,1994,1.72
160,2,13,474,1995,1.67
160,2,13,474,1996,1.56
160,2,13,474,1997,1.47
160,2,13,474,1998,1.4
160,2,13,474,1999,1.36
160,2,13,474,2000,1.38
160,2,13,474,2001,1.48
160,2,13,474,2002,1.69
160,2,13,474,2003,1.97
160,2,13,474,2004,2.29
160,2,13,474,2005,2.65
160,2,13,474,2006,3.01
160,2,13,474,2007,3.38
160,2,13,474,2008,3.82
160,2,13,474,2009,4.23
160,2,13,474,2010,4.68
160,2,13,474,2011,5.12
160,2,13,474,2012,5.48
160,2,13,474,2013,5.68
160,2,13,474,2014,5.67
160,2,13,474,2015,5.5
160,2,13,474,2016,5.26
160,2,13,474,2017,4.96
160,2,14,474,1990,2.93
160,2,14,474,1991,2.96
160,2,14,474,1992,3.14
160,2,14,474,1993,3.36
160,2,14,474,1994,3.41
160,2,14,474,1995,3.33
160,2,14,474,1996,3.29
160,2,14,474,1997,3.2
160,2,14,474,1998,3.03
160,2,14,474,1999,2.84
160,2,14,474,2000,2.71
160,2,14,474,2001,2.51
160,2,14,474,2002,2.34
160,2,14,474,2003,2.23
160,2,14,474,2004,2.16
160,2,14,474,2005,2.19
160,2,14,474,2006,2.34
160,2,14,474,2007,2.65
160,2,14,474,2008,3.12
160,2,14,474,2009,3.62
160,2,14,474,2010,4.19
160,2,14,474,2011,4.8
160,2,14,474,2012,5.43
160,2,14,474,2013,6.14
160,2,14,474,2014,6.87
160,2,14,474,2015,7.59
160,2,14,474,2016,8.34
160,2,14,474,2017,8.99
160,2,15,474,1990,4.77
160,2,15,474,1991,4.83
160,2,15,474,1992,5.1
160,2,15,474,1993,5.4
160,2,15,474,1994,5.56
160,2,15,474,1995,5.63
160,2,15,474,1996,5.66
160,2,15,474,1997,5.7
160,2,15,474,1998,5.73
160,2,15,474,1999,5.62
160,2,15,474,2000,5.38
160,2,15,474,2001,5.26
160,2,15,474,2002,5.07
160,2,15,474,2003,4.79
160,2,15,474,2004,4.47
160,2,15,474,2005,4.26
160,2,15,474,2006,3.91
160,2,15,474,2007,3.62
160,2,15,474,2008,3.45
160,2,15,474,2009,3.35
160,2,15,474,2010,3.39
160,2,15,474,2011,3.63
160,2,15,474,2012,4.12
160,2,15,474,2013,4.82
160,2,15,474,2014,5.63
160,2,15,474,2015,6.51
160,2,15,474,2016,7.44
160,2,15,474,2017,8.46
160,2,16,474,1990,6.37
160,2,16,474,1991,6.49
160,2,16,474,1992,6.8
160,2,16,474,1993,7.15
160,2,16,474,1994,7.41
160,2,16,474,1995,7.52
160,2,16,474,1996,7.6
160,2,16,474,1997,7.69
160,2,16,474,1998,7.76
160,2,16,474,1999,7.75
160,2,16,474,2000,7.68
160,2,16,474,2001,7.64
160,2,16,474,2002,7.63
160,2,16,474,2003,7.64
160,2,16,474,2004,7.52
160,2,16,474,2005,7.23
160,2,16,474,2006,7.07
160,2,16,474,2007,6.8
160,2,16,474,2008,6.45
160,2,16,474,2009,6.07
160,2,16,474,2010,5.83
160,2,16,474,2011,5.4
160,2,16,474,2012,5.05
160,2,16,474,2013,4.82
160,2,16,474,2014,4.73
160,2,16,474,2015,4.8
160,2,16,474,2016,5.18
160,2,16,474,2017,5.92
160,2,17,474,1990,7.8
160,2,17,474,1991,7.98
160,2,17,474,1992,8.31
160,2,17,474,1993,8.64
160,2,17,474,1994,8.84
160,2,17,474,1995,9.05
160,2,17,474,1996,9.2
160,2,17,474,1997,9.36
160,2,17,474,1998,9.52
160,2,17,474,1999,9.64
160,2,17,474,2000,9.6
160,2,17,474,2001,9.63
160,2,17,474,2002,9.69
160,2,17,474,2003,9.77
160,2,17,474,2004,9.82
160,2,17,474,2005,9.84
160,2,17,474,2006,9.84
160,2,17,474,2007,9.88
160,2,17,474,2008,9.97
160,2,17,474,2009,9.92
160,2,17,474,2010,9.61
160,2,17,474,2011,9.48
160,2,17,474,2012,9.18
160,2,17,474,2013,8.75
160,2,17,474,2014,8.28
160,2,17,474,2015,7.96
160,2,17,474,2016,7.38
160,2,17,474,2017,6.91
160,2,18,474,1990,9.71
160,2,18,474,1991,9.84
160,2,18,474,1992,10.11
160,2,18,474,1993,10.45
160,2,18,474,1994,10.76
160,2,18,474,1995,11
160,2,18,474,1996,11.25
160,2,18,474,1997,11.49
160,2,18,474,1998,11.64
160,2,18,474,1999,11.68
160,2,18,474,2000,11.83
160,2,18,474,2001,11.96
160,2,18,474,2002,12.07
160,2,18,474,2003,12.22
160,2,18,474,2004,12.43
160,2,18,474,2005,12.49
160,2,18,474,2006,12.59
160,2,18,474,2007,12.74
160,2,18,474,2008,12.94
160,2,18,474,2009,13.11
160,2,18,474,2010,13.19
160,2,18,474,2011,13.23
160,2,18,474,2012,13.32
160,2,18,474,2013,13.48
160,2,18,474,2014,13.45
160,2,18,474,2015,13.07
160,2,18,474,2016,12.95
160,2,18,474,2017,12.63
160,2,19,474,1990,9.74
160,2,19,474,1991,9.93
160,2,19,474,1992,10.18
160,2,19,474,1993,10.46
160,2,19,474,1994,10.75
160,2,19,474,1995,10.92
160,2,19,474,1996,11.06
160,2,19,474,1997,11.24
160,2,19,474,1998,11.44
160,2,19,474,1999,11.63
160,2,19,474,2000,11.79
160,2,19,474,2001,12.04
160,2,19,474,2002,12.24
160,2,19,474,2003,12.37
160,2,19,474,2004,12.48
160,2,19,474,2005,12.74
160,2,19,474,2006,12.99
160,2,19,474,2007,13.27
160,2,19,474,2008,13.6
160,2,19,474,2009,14.01
160,2,19,474,2010,14.23
160,2,19,474,2011,14.48
160,2,19,474,2012,14.79
160,2,19,474,2013,15.13
160,2,19,474,2014,15.45
160,2,19,474,2015,15.66
160,2,19,474,2016,15.85
160,2,19,474,2017,16.11
160,2,20,474,1990,8.3
160,2,20,474,1991,8.33
160,2,20,474,1992,8.41
160,2,20,474,1993,8.55
160,2,20,474,1994,8.68
160,2,20,474,1995,8.82
160,2,20,474,1996,8.95
160,2,20,474,1997,9.08
160,2,20,474,1998,9.22
160,2,20,474,1999,9.34
160,2,20,474,2000,9.43
160,2,20,474,2001,9.55
160,2,20,474,2002,9.69
160,2,20,474,2003,9.87
160,2,20,474,2004,10.1
160,2,20,474,2005,10.33
160,2,20,474,2006,10.64
160,2,20,474,2007,10.95
160,2,20,474,2008,11.24
160,2,20,474,2009,11.48
160,2,20,474,2010,11.89
160,2,20,474,2011,12.25
160,2,20,474,2012,12.64
160,2,20,474,2013,13.06
160,2,20,474,2014,13.57
160,2,20,474,2015,13.91
160,2,20,474,2016,14.3
160,2,20,474,2017,14.73
160,2,22,474,1990,61.98
160,2,22,474,1991,62.76
160,2,22,474,1992,64.95
160,2,22,474,1993,67.45
160,2,22,474,1994,69.09
160,2,22,474,1995,70.15
160,2,22,474,1996,71.01
160,2,22,474,1997,71.98
160,2,22,474,1998,72.82
160,2,22,474,1999,73.19
160,2,22,474,2000,73.4
160,2,22,474,2001,74.05
160,2,22,474,2002,74.86
160,2,22,474,2003,75.84
160,2,22,474,2004,76.68
160,2,22,474,2005,77.54
160,2,22,474,2006,78.57
160,2,22,474,2007,79.78
160,2,22,474,2008,81.55
160,2,22,474,2009,83.16
160,2,22,474,2010,84.88
160,2,22,474,2011,86.8
160,2,22,474,2012,88.97
160,2,22,474,2013,91.47
160,2,22,474,2014,93.86
160,2,22,474,2015,96
160,2,22,474,2016,98.54
160,2,22,474,2017,101.52
160,2,30,474,1990,6.08
160,2,30,474,1991,6.1
160,2,30,474,1992,6.14
160,2,30,474,1993,6.18
160,2,30,474,1994,6.24
160,2,30,474,1995,6.25
160,2,30,474,1996,6.25
160,2,30,474,1997,6.28
160,2,30,474,1998,6.32
160,2,30,474,1999,6.35
160,2,30,474,2000,6.41
160,2,30,474,2001,6.49
160,2,30,474,2002,6.59
160,2,30,474,2003,6.71
160,2,30,474,2004,6.87
160,2,30,474,2005,7
160,2,30,474,2006,7.15
160,2,30,474,2007,7.35
160,2,30,474,2008,7.59
160,2,30,474,2009,7.86
160,2,30,474,2010,8.16
160,2,30,474,2011,8.5
160,2,30,474,2012,8.87
160,2,30,474,2013,9.23
160,2,30,474,2014,9.55
160,2,30,474,2015,10.04
160,2,30,474,2016,10.5
160,2,30,474,2017,10.98
160,2,31,474,1990,2.32
160,2,31,474,1991,2.32
160,2,31,474,1992,2.31
160,2,31,474,1993,2.3
160,2,31,474,1994,2.28
160,2,31,474,1995,2.28
160,2,31,474,1996,2.27
160,2,31,474,1997,2.27
160,2,31,474,1998,2.27
160,2,31,474,1999,2.28
160,2,31,474,2000,2.28
160,2,31,474,2001,2.29
160,2,31,474,2002,2.32
160,2,31,474,2003,2.36
160,2,31,474,2004,2.41
160,2,31,474,2005,2.47
160,2,31,474,2006,2.55
160,2,31,474,2007,2.65
160,2,31,474,2008,2.75
160,2,31,474,2009,2.87
160,2,31,474,2010,2.99
160,2,31,474,2011,3.11
160,2,31,474,2012,3.25
160,2,31,474,2013,3.42
160,2,31,474,2014,3.6
160,2,31,474,2015,3.79
160,2,31,474,2016,4.01
160,2,31,474,2017,4.23
160,2,32,474,1990,0.47
160,2,32,474,1991,0.49
160,2,32,474,1992,0.52
160,2,32,474,1993,0.54
160,2,32,474,1994,0.56
160,2,32,474,1995,0.56
160,2,32,474,1996,0.56
160,2,32,474,1997,0.55
160,2,32,474,1998,0.55
160,2,32,474,1999,0.55
160,2,32,474,2000,0.55
160,2,32,474,2001,0.55
160,2,32,474,2002,0.55
160,2,32,474,2003,0.56
160,2,32,474,2004,0.57
160,2,32,474,2005,0.57
160,2,32,474,2006,0.58
160,2,32,474,2007,0.6
160,2,32,474,2008,0.62
160,2,32,474,2009,0.64
160,2,32,474,2010,0.67
160,2,32,474,2011,0.7
160,2,32,474,2012,0.73
160,2,32,474,2013,0.77
160,2,32,474,2014,0.81
160,2,32,474,2015,0.85
160,2,32,474,2016,0.89
160,2,32,474,2017,0.94
160,2,235,474,1990,0.07
160,2,235,474,1991,0.07
160,2,235,474,1992,0.07
160,2,235,474,1993,0.07
160,2,235,474,1994,0.08
160,2,235,474,1995,0.08
160,2,235,474,1996,0.08
160,2,235,474,1997,0.09
160,2,235,474,1998,0.09
160,2,235,474,1999,0.09
160,2,235,474,2000,0.09
160,2,235,474,2001,0.09
160,2,235,474,2002,0.09
160,2,235,474,2003,0.09
160,2,235,474,2004,0.1
160,2,235,474,2005,0.1
160,2,235,474,2006,0.1
160,2,235,474,2007,0.1
160,2,235,474,2008,0.1
160,2,235,474,2009,0.1
160,2,235,474,2010,0.1
160,2,235,474,2011,0.1
160,2,235,474,2012,0.11
160,2,235,474,2013,0.11
160,2,235,474,2014,0.11
160,2,235,474,2015,0.12
160,2,235,474,2016,0.12
160,2,235,474,2017,0.13
161,2,8,474,1990,0.65
161,2,8,474,1991,0.63
161,2,8,474,1992,0.65
161,2,8,474,1993,0.66
161,2,8,474,1994,0.66
161,2,8,474,1995,0.67
161,2,8,474,1996,0.68
161,2,8,474,1997,0.7
161,2,8,474,1998,0.73
161,2,8,474,1999,0.82
161,2,8,474,2000,0.87
161,2,8,474,2001,0.91
161,2,8,474,2002,0.98
161,2,8,474,2003,1
161,2,8,474,2004,0.99
161,2,8,474,2005,0.97
161,2,8,474,2006,0.93
161,2,8,474,2007,0.92
161,2,8,474,2008,0.96
161,2,8,474,2009,0.97
161,2,8,474,2010,0.9
161,2,8,474,2011,0.86
161,2,8,474,2012,0.83
161,2,8,474,2013,0.84
161,2,8,474,2014,0.89
161,2,8,474,2015,0.93
161,2,8,474,2016,0.97
161,2,8,474,2017,1.04
161,2,9,474,1990,0.79
161,2,9,474,1991,0.76
161,2,9,474,1992,0.78
161,2,9,474,1993,0.78
161,2,9,474,1994,0.79
161,2,9,474,1995,0.82
161,2,9,474,1996,0.82
161,2,9,474,1997,0.83
161,2,9,474,1998,0.84
161,2,9,474,1999,0.9
161,2,9,474,2000,0.92
161,2,9,474,2001,0.95
161,2,9,474,2002,0.97
161,2,9,474,2003,1.02
161,2,9,474,2004,1.02
161,2,9,474,2005,1
161,2,9,474,2006,1.07
161,2,9,474,2007,1.07
161,2,9,474,2008,1.01
161,2,9,474,2009,0.91
161,2,9,474,2010,0.94
161,2,9,474,2011,1.02
161,2,9,474,2012,1.03
161,2,9,474,2013,1.04
161,2,9,474,2014,1.03
161,2,9,474,2015,1.07
161,2,9,474,2016,1.1
161,2,9,474,2017,1.11
161,2,10,474,1990,1.28
161,2,10,474,1991,1.22
161,2,10,474,1992,1.25
161,2,10,474,1993,1.25
161,2,10,474,1994,1.25
161,2,10,474,1995,1.29
161,2,10,474,1996,1.28
161,2,10,474,1997,1.29
161,2,10,474,1998,1.3
161,2,10,474,1999,1.36
161,2,10,474,2000,1.41
161,2,10,474,2001,1.45
161,2,10,474,2002,1.51
161,2,10,474,2003,1.58
161,2,10,474,2004,1.51
161,2,10,474,2005,1.49
161,2,10,474,2006,1.57
161,2,10,474,2007,1.53
161,2,10,474,2008,1.41
161,2,10,474,2009,1.32
161,2,10,474,2010,1.33
161,2,10,474,2011,1.32
161,2,10,474,2012,1.31
161,2,10,474,2013,1.29
161,2,10,474,2014,1.3
161,2,10,474,2015,1.32
161,2,10,474,2016,1.34
161,2,10,474,2017,1.36
161,2,11,474,1990,1.63
161,2,11,474,1991,1.54
161,2,11,474,1992,1.58
161,2,11,474,1993,1.57
161,2,11,474,1994,1.56
161,2,11,474,1995,1.61
161,2,11,474,1996,1.58
161,2,11,474,1997,1.57
161,2,11,474,1998,1.57
161,2,11,474,1999,1.59
161,2,11,474,2000,1.63
161,2,11,474,2001,1.68
161,2,11,474,2002,1.73
161,2,11,474,2003,1.83
161,2,11,474,2004,1.9
161,2,11,474,2005,1.92
161,2,11,474,2006,2
161,2,11,474,2007,2.06
161,2,11,474,2008,2.03
161,2,11,474,2009,1.69
161,2,11,474,2010,1.5
161,2,11,474,2011,1.44
161,2,11,474,2012,1.38
161,2,11,474,2013,1.37
161,2,11,474,2014,1.45
161,2,11,474,2015,1.49
161,2,11,474,2016,1.52
161,2,11,474,2017,1.64
161,2,12,474,1990,3.4
161,2,12,474,1991,3.15
161,2,12,474,1992,3.24
161,2,12,474,1993,3.21
161,2,12,474,1994,3.19
161,2,12,474,1995,3.29
161,2,12,474,1996,3.23
161,2,12,474,1997,3.22
161,2,12,474,1998,3.19
161,2,12,474,1999,3.22
161,2,12,474,2000,3.3
161,2,12,474,2001,3.39
161,2,12,474,2002,3.48
161,2,12,474,2003,3.77
161,2,12,474,2004,3.84
161,2,12,474,2005,3.98
161,2,12,474,2006,4.38
161,2,12,474,2007,4.49
161,2,12,474,2008,4.28
161,2,12,474,2009,3.92
161,2,12,474,2010,3.81
161,2,12,474,2011,3.67
161,2,12,474,2012,3.54
161,2,12,474,2013,3.53
161,2,12,474,2014,3.65
161,2,12,474,2015,3.7
161,2,12,474,2016,3.73
161,2,12,474,2017,3.94
161,2,13,474,1990,6.39
161,2,13,474,1991,5.87
161,2,13,474,1992,5.99
161,2,13,474,1993,5.89
161,2,13,474,1994,5.81
161,2,13,474,1995,5.96
161,2,13,474,1996,5.86
161,2,13,474,1997,5.88
161,2,13,474,1998,5.87
161,2,13,474,1999,5.91
161,2,13,474,2000,6.06
161,2,13,474,2001,6.24
161,2,13,474,2002,6.41
161,2,13,474,2003,6.86
161,2,13,474,2004,7.05
161,2,13,474,2005,7.48
161,2,13,474,2006,8.03
161,2,13,474,2007,8.25
161,2,13,474,2008,8.24
161,2,13,474,2009,8.1
161,2,13,474,2010,7.6
161,2,13,474,2011,6.81
161,2,13,474,2012,6.34
161,2,13,474,2013,6.44
161,2,13,474,2014,6.96
161,2,13,474,2015,7.19
161,2,13,474,2016,7.4
161,2,13,474,2017,8.14
161,2,14,474,1990,6.93
161,2,14,474,1991,6.63
161,2,14,474,1992,6.66
161,2,14,474,1993,6.51
161,2,14,474,1994,6.47
161,2,14,474,1995,6.67
161,2,14,474,1996,6.47
161,2,14,474,1997,6.44
161,2,14,474,1998,6.31
161,2,14,474,1999,6.17
161,2,14,474,2000,6.19
161,2,14,474,2001,6.28
161,2,14,474,2002,6.36
161,2,14,474,2003,6.28
161,2,14,474,2004,6.39
161,2,14,474,2005,6.77
161,2,14,474,2006,6.98
161,2,14,474,2007,7.3
161,2,14,474,2008,7.71
161,2,14,474,2009,8.26
161,2,14,474,2010,8.73
161,2,14,474,2011,8.75
161,2,14,474,2012,8.74
161,2,14,474,2013,8.8
161,2,14,474,2014,8.81
161,2,14,474,2015,8.91
161,2,14,474,2016,9.08
161,2,14,474,2017,9.27
161,2,15,474,1990,12.07
161,2,15,474,1991,11.64
161,2,15,474,1992,11.86
161,2,15,474,1993,11.71
161,2,15,474,1994,11.62
161,2,15,474,1995,11.8
161,2,15,474,1996,11.52
161,2,15,474,1997,11.44
161,2,15,474,1998,11.31
161,2,15,474,1999,11.3
161,2,15,474,2000,11.65
161,2,15,474,2001,11.86
161,2,15,474,2002,12.22
161,2,15,474,2003,12.37
161,2,15,474,2004,12.83
161,2,15,474,2005,13.26
161,2,15,474,2006,13.38
161,2,15,474,2007,14.31
161,2,15,474,2008,15.64
161,2,15,474,2009,16.07
161,2,15,474,2010,17.46
161,2,15,474,2011,18.85
161,2,15,474,2012,20.13
161,2,15,474,2013,20.48
161,2,15,474,2014,20.24
161,2,15,474,2015,20.62
161,2,15,474,2016,21.03
161,2,15,474,2017,20.78
161,2,16,474,1990,11.17
161,2,16,474,1991,10.8
161,2,16,474,1992,11.07
161,2,16,474,1993,10.99
161,2,16,474,1994,10.95
161,2,16,474,1995,11.21
161,2,16,474,1996,10.98
161,2,16,474,1997,11
161,2,16,474,1998,10.96
161,2,16,474,1999,10.91
161,2,16,474,2000,11.04
161,2,16,474,2001,11.25
161,2,16,474,2002,11.5
161,2,16,474,2003,11.74
161,2,16,474,2004,11.97
161,2,16,474,2005,12.78
161,2,16,474,2006,13.05
161,2,16,474,2007,13.59
161,2,16,474,2008,14.67
161,2,16,474,2009,16.58
161,2,16,474,2010,17.9
161,2,16,474,2011,18.37
161,2,16,474,2012,19.19
161,2,16,474,2013,19.75
161,2,16,474,2014,20.02
161,2,16,474,2015,20.38
161,2,16,474,2016,20.87
161,2,16,474,2017,21.22
161,2,17,474,1990,19.66
161,2,17,474,1991,19.03
161,2,17,474,1992,19.05
161,2,17,474,1993,18.42
161,2,17,474,1994,17.86
161,2,17,474,1995,17.9
161,2,17,474,1996,17.31
161,2,17,474,1997,17.09
161,2,17,474,1998,16.83
161,2,17,474,1999,16.41
161,2,17,474,2000,16.43
161,2,17,474,2001,16.5
161,2,17,474,2002,16.86
161,2,17,474,2003,17.67
161,2,17,474,2004,18.57
161,2,17,474,2005,18.78
161,2,17,474,2006,19.62
161,2,17,474,2007,20.69
161,2,17,474,2008,21.36
161,2,17,474,2009,19.69
161,2,17,474,2010,20.72
161,2,17,474,2011,22.55
161,2,17,474,2012,24.23
161,2,17,474,2013,24.86
161,2,17,474,2014,25.19
161,2,17,474,2015,26.15
161,2,17,474,2016,27.16
161,2,17,474,2017,28.01
161,2,18,474,1990,17.71
161,2,18,474,1991,16.08
161,2,18,474,1992,16.55
161,2,18,474,1993,16.94
161,2,18,474,1994,17.62
161,2,18,474,1995,18.68
161,2,18,474,1996,18.94
161,2,18,474,1997,18.98
161,2,18,474,1998,18.75
161,2,18,474,1999,18.43
161,2,18,474,2000,18.59
161,2,18,474,2001,18.83
161,2,18,474,2002,19.71
161,2,18,474,2003,20.49
161,2,18,474,2004,21.37
161,2,18,474,2005,21.72
161,2,18,474,2006,21.14
161,2,18,474,2007,22.59
161,2,18,474,2008,25.39
161,2,18,474,2009,25.78
161,2,18,474,2010,25.65
161,2,18,474,2011,25.77
161,2,18,474,2012,26.57
161,2,18,474,2013,27.25
161,2,18,474,2014,28.58
161,2,18,474,2015,29.69
161,2,18,474,2016,30.75
161,2,18,474,2017,32.83
161,2,19,474,1990,19.57
161,2,19,474,1991,17.72
161,2,19,474,1992,17.45
161,2,19,474,1993,16.71
161,2,19,474,1994,16.09
161,2,19,474,1995,15.97
161,2,19,474,1996,15.41
161,2,19,474,1997,15.82
161,2,19,474,1998,16.57
161,2,19,474,1999,17.53
161,2,19,474,2000,18.9
161,2,19,474,2001,20.22
161,2,19,474,2002,21.53
161,2,19,474,2003,23.03
161,2,19,474,2004,23.06
161,2,19,474,2005,23.02
161,2,19,474,2006,23.71
161,2,19,474,2007,24.59
161,2,19,474,2008,25.59
161,2,19,474,2009,25.49
161,2,19,474,2010,26.94
161,2,19,474,2011,28.4
161,2,19,474,2012,30.69
161,2,19,474,2013,31.73
161,2,19,474,2014,32.54
161,2,19,474,2015,33.54
161,2,19,474,2016,34.82
161,2,19,474,2017,35.7
161,2,20,474,1990,21.84
161,2,20,474,1991,20.99
161,2,20,474,1992,21.06
161,2,20,474,1993,20.51
161,2,20,474,1994,19.92
161,2,20,474,1995,20.14
161,2,20,474,1996,19.58
161,2,20,474,1997,19.05
161,2,20,474,1998,18.37
161,2,20,474,1999,17.65
161,2,20,474,2000,17.36
161,2,20,474,2001,17.47
161,2,20,474,2002,18.92
161,2,20,474,2003,21.05
161,2,20,474,2004,22.93
161,2,20,474,2005,25.27
161,2,20,474,2006,26.77
161,2,20,474,2007,27.86
161,2,20,474,2008,30.18
161,2,20,474,2009,33.4
161,2,20,474,2010,35.38
161,2,20,474,2011,36.13
161,2,20,474,2012,38.17
161,2,20,474,2013,39.66
161,2,20,474,2014,40.99
161,2,20,474,2015,41.97
161,2,20,474,2016,43.22
161,2,20,474,2017,45.36
161,2,22,474,1990,160.75
161,2,22,474,1991,152.78
161,2,22,474,1992,155.79
161,2,22,474,1993,155.11
161,2,22,474,1994,155.23
161,2,22,474,1995,159.34
161,2,22,474,1996,157.47
161,2,22,474,1997,158.12
161,2,22,474,1998,157.97
161,2,22,474,1999,157.9
161,2,22,474,2000,160.79
161,2,22,474,2001,164.04
161,2,22,474,2002,169.46
161,2,22,474,2003,176.22
161,2,22,474,2004,180.33
161,2,22,474,2005,185.58
161,2,22,474,2006,189.16
161,2,22,474,2007,196.82
161,2,22,474,2008,209.53
161,2,22,474,2009,217.93
161,2,22,474,2010,227.67
161,2,22,474,2011,234.63
161,2,22,474,2012,246.64
161,2,22,474,2013,255.59
161,2,22,474,2014,264.8
161,2,22,474,2015,275.46
161,2,22,474,2016,288.02
161,2,22,474,2017,302.56
161,2,30,474,1990,19.89
161,2,30,474,1991,18.86
161,2,30,474,1992,19.73
161,2,30,474,1993,20.37
161,2,30,474,1994,21.12
161,2,30,474,1995,22.24
161,2,30,474,1996,22.47
161,2,30,474,1997,22.35
161,2,30,474,1998,21.86
161,2,30,474,1999,21.24
161,2,30,474,2000,21.22
161,2,30,474,2001,21.04
161,2,30,474,2002,20.76
161,2,30,474,2003,20.44
161,2,30,474,2004,19.78
161,2,30,474,2005,19.64
161,2,30,474,2006,19.38
161,2,30,474,2007,20.62
161,2,30,474,2008,23.61
161,2,30,474,2009,27.72
161,2,30,474,2010,30.77
161,2,30,474,2011,32.84
161,2,30,474,2012,35.18
161,2,30,474,2013,37.12
161,2,30,474,2014,38.95
161,2,30,474,2015,41.11
161,2,30,474,2016,43.88
161,2,30,474,2017,46.94
161,2,31,474,1990,12.95
161,2,31,474,1991,12.85
161,2,31,474,1992,13.29
161,2,31,474,1993,13.49
161,2,31,474,1994,13.68
161,2,31,474,1995,13.93
161,2,31,474,1996,13.84
161,2,31,474,1997,14.56
161,2,31,474,1998,15.28
161,2,31,474,1999,15.96
161,2,31,474,2000,16.59
161,2,31,474,2001,17.11
161,2,31,474,2002,17.17
161,2,31,474,2003,17.16
161,2,31,474,2004,16.77
161,2,31,474,2005,16.84
161,2,31,474,2006,16.42
161,2,31,474,2007,16.05
161,2,31,474,2008,16.21
161,2,31,474,2009,16.52
161,2,31,474,2010,16.48
161,2,31,474,2011,16.48
161,2,31,474,2012,18.01
161,2,31,474,2013,20.24
161,2,31,474,2014,23
161,2,31,474,2015,25.88
161,2,31,474,2016,29.09
161,2,31,474,2017,31.87
161,2,32,474,1990,4.08
161,2,32,474,1991,4.26
161,2,32,474,1992,4.75
161,2,32,474,1993,5.2
161,2,32,474,1994,5.65
161,2,32,474,1995,6.06
161,2,32,474,1996,6.29
161,2,32,474,1997,6.54
161,2,32,474,1998,6.73
161,2,32,474,1999,6.88
161,2,32,474,2000,6.91
161,2,32,474,2001,7.01
161,2,32,474,2002,7.43
161,2,32,474,2003,7.91
161,2,32,474,2004,8.27
161,2,32,474,2005,8.56
161,2,32,474,2006,8.65
161,2,32,474,2007,8.67
161,2,32,474,2008,8.82
161,2,32,474,2009,8.91
161,2,32,474,2010,8.93
161,2,32,474,2011,8.77
161,2,32,474,2012,8.65
161,2,32,474,2013,8.54
161,2,32,474,2014,8.53
161,2,32,474,2015,8.72
161,2,32,474,2016,9.24
161,2,32,474,2017,10.47
161,2,235,474,1990,0.73
161,2,235,474,1991,0.76
161,2,235,474,1992,0.84
161,2,235,474,1993,0.91
161,2,235,474,1994,1
161,2,235,474,1995,1.11
161,2,235,474,1996,1.21
161,2,235,474,1997,1.36
161,2,235,474,1998,1.51
161,2,235,474,1999,1.64
161,2,235,474,2000,1.74
161,2,235,474,2001,1.85
161,2,235,474,2002,1.93
161,2,235,474,2003,2.02
161,2,235,474,2004,2.07
161,2,235,474,2005,2.09
161,2,235,474,2006,2.09
161,2,235,474,2007,2.23
161,2,235,474,2008,2.42
161,2,235,474,2009,2.59
161,2,235,474,2010,2.63
161,2,235,474,2011,2.63
161,2,235,474,2012,2.64
161,2,235,474,2013,2.65
161,2,235,474,2014,2.67
161,2,235,474,2015,2.75
161,2,235,474,2016,2.84
161,2,235,474,2017,2.87
162,2,8,474,1990,0
162,2,8,474,1991,0
162,2,8,474,1992,0
162,2,8,474,1993,0
162,2,8,474,1994,0
162,2,8,474,1995,0
162,2,8,474,1996,0
162,2,8,474,1997,0
162,2,8,474,1998,0
162,2,8,474,1999,0
162,2,8,474,2000,0
162,2,8,474,2001,0
162,2,8,474,2002,0
162,2,8,474,2003,0
162,2,8,474,2004,0
162,2,8,474,2005,0
162,2,8,474,2006,0
162,2,8,474,2007,0
162,2,8,474,2008,0
162,2,8,474,2009,0
162,2,8,474,2010,0
162,2,8,474,2011,0
162,2,8,474,2012,0
162,2,8,474,2013,0
162,2,8,474,2014,0
162,2,8,474,2015,0
162,2,8,474,2016,0
162,2,8,474,2017,0
162,2,9,474,1990,0
162,2,9,474,1991,0
162,2,9,474,1992,0
162,2,9,474,1993,0
162,2,9,474,1994,0
162,2,9,474,1995,0
162,2,9,474,1996,0
162,2,9,474,1997,0
162,2,9,474,1998,0
162,2,9,474,1999,0
162,2,9,474,2000,0
162,2,9,474,2001,0
162,2,9,474,2002,0
162,2,9,474,2003,0
162,2,9,474,2004,0
162,2,9,474,2005,0
162,2,9,474,2006,0
162,2,9,474,2007,0
162,2,9,474,2008,0
162,2,9,474,2009,0.01
162,2,9,474,2010,0.01
162,2,9,474,2011,0.01
162,2,9,474,2012,0.01
162,2,9,474,2013,0.01
162,2,9,474,2014,0.01
162,2,9,474,2015,0.01
162,2,9,474,2016,0.01
162,2,9,474,2017,0.01
162,2,10,474,1990,0.01
162,2,10,474,1991,0.01
162,2,10,474,1992,0.01
162,2,10,474,1993,0.01
162,2,10,474,1994,0.01
162,2,10,474,1995,0.01
162,2,10,474,1996,0.01
162,2,10,474,1997,0.01
162,2,10,474,1998,0.01
162,2,10,474,1999,0.01
162,2,10,474,2000,0.01
162,2,10,474,2001,0.01
162,2,10,474,2002,0.01
162,2,10,474,2003,0.01
162,2,10,474,2004,0.01
162,2,10,474,2005,0.01
162,2,10,474,2006,0.01
162,2,10,474,2007,0.01
162,2,10,474,2008,0.01
162,2,10,474,2009,0.01
162,2,10,474,2010,0.01
162,2,10,474,2011,0.01
162,2,10,474,2012,0.01
162,2,10,474,2013,0.01
162,2,10,474,2014,0.01
162,2,10,474,2015,0.01
162,2,10,474,2016,0.01
162,2,10,474,2017,0.01
162,2,11,474,1990,0.01
162,2,11,474,1991,0.01
162,2,11,474,1992,0.01
162,2,11,474,1993,0.01
162,2,11,474,1994,0.01
162,2,11,474,1995,0.01
162,2,11,474,1996,0.01
162,2,11,474,1997,0.01
162,2,11,474,1998,0.01
162,2,11,474,1999,0.01
162,2,11,474,2000,0.01
162,2,11,474,2001,0.01
162,2,11,474,2002,0.01
162,2,11,474,2003,0.01
162,2,11,474,2004,0.01
162,2,11,474,2005,0.01
162,2,11,474,2006,0.01
162,2,11,474,2007,0.01
162,2,11,474,2008,0.01
162,2,11,474,2009,0.01
162,2,11,474,2010,0.01
162,2,11,474,2011,0.01
162,2,11,474,2012,0.01
162,2,11,474,2013,0.01
162,2,11,474,2014,0.01
162,2,11,474,2015,0.01
162,2,11,474,2016,0.01
162,2,11,474,2017,0.01
162,2,12,474,1990,0.02
162,2,12,474,1991,0.02
162,2,12,474,1992,0.02
162,2,12,474,1993,0.02
162,2,12,474,1994,0.02
162,2,12,474,1995,0.02
162,2,12,474,1996,0.02
162,2,12,474,1997,0.02
162,2,12,474,1998,0.02
162,2,12,474,1999,0.02
162,2,12,474,2000,0.02
162,2,12,474,2001,0.02
162,2,12,474,2002,0.02
162,2,12,474,2003,0.02
162,2,12,474,2004,0.02
162,2,12,474,2005,0.02
162,2,12,474,2006,0.02
162,2,12,474,2007,0.02
162,2,12,474,2008,0.02
162,2,12,474,2009,0.02
162,2,12,474,2010,0.02
162,2,12,474,2011,0.02
162,2,12,474,2012,0.02
162,2,12,474,2013,0.02
162,2,12,474,2014,0.03
162,2,12,474,2015,0.03
162,2,12,474,2016,0.03
162,2,12,474,2017,0.03
162,2,13,474,1990,0.04
162,2,13,474,1991,0.04
162,2,13,474,1992,0.04
162,2,13,474,1993,0.04
162,2,13,474,1994,0.04
162,2,13,474,1995,0.04
162,2,13,474,1996,0.04
162,2,13,474,1997,0.04
162,2,13,474,1998,0.04
162,2,13,474,1999,0.04
162,2,13,474,2000,0.04
162,2,13,474,2001,0.04
162,2,13,474,2002,0.03
162,2,13,474,2003,0.03
162,2,13,474,2004,0.03
162,2,13,474,2005,0.03
162,2,13,474,2006,0.03
162,2,13,474,2007,0.03
162,2,13,474,2008,0.03
162,2,13,474,2009,0.03
162,2,13,474,2010,0.03
162,2,13,474,2011,0.04
162,2,13,474,2012,0.04
162,2,13,474,2013,0.04
162,2,13,474,2014,0.04
162,2,13,474,2015,0.04
162,2,13,474,2016,0.04
162,2,13,474,2017,0.05
162,2,14,474,1990,0.04
162,2,14,474,1991,0.04
162,2,14,474,1992,0.04
162,2,14,474,1993,0.04
162,2,14,474,1994,0.04
162,2,14,474,1995,0.04
162,2,14,474,1996,0.04
162,2,14,474,1997,0.04
162,2,14,474,1998,0.04
162,2,14,474,1999,0.04
162,2,14,474,2000,0.04
162,2,14,474,2001,0.04
162,2,14,474,2002,0.04
162,2,14,474,2003,0.04
162,2,14,474,2004,0.04
162,2,14,474,2005,0.04
162,2,14,474,2006,0.04
162,2,14,474,2007,0.04
162,2,14,474,2008,0.04
162,2,14,474,2009,0.04
162,2,14,474,2010,0.04
162,2,14,474,2011,0.04
162,2,14,474,2012,0.05
162,2,14,474,2013,0.05
162,2,14,474,2014,0.05
162,2,14,474,2015,0.05
162,2,14,474,2016,0.05
162,2,14,474,2017,0.05
162,2,15,474,1990,0.07
162,2,15,474,1991,0.07
162,2,15,474,1992,0.07
162,2,15,474,1993,0.07
162,2,15,474,1994,0.07
162,2,15,474,1995,0.07
162,2,15,474,1996,0.07
162,2,15,474,1997,0.07
162,2,15,474,1998,0.07
162,2,15,474,1999,0.07
162,2,15,474,2000,0.07
162,2,15,474,2001,0.07
162,2,15,474,2002,0.07
162,2,15,474,2003,0.07
162,2,15,474,2004,0.07
162,2,15,474,2005,0.07
162,2,15,474,2006,0.07
162,2,15,474,2007,0.07
162,2,15,474,2008,0.07
162,2,15,474,2009,0.07
162,2,15,474,2010,0.07
162,2,15,474,2011,0.08
162,2,15,474,2012,0.08
162,2,15,474,2013,0.08
162,2,15,474,2014,0.08
162,2,15,474,2015,0.08
162,2,15,474,2016,0.08
162,2,15,474,2017,0.08
162,2,16,474,1990,0.08
162,2,16,474,1991,0.08
162,2,16,474,1992,0.08
162,2,16,474,1993,0.08
162,2,16,474,1994,0.08
162,2,16,474,1995,0.08
162,2,16,474,1996,0.08
162,2,16,474,1997,0.08
162,2,16,474,1998,0.08
162,2,16,474,1999,0.08
162,2,16,474,2000,0.08
162,2,16,474,2001,0.08
162,2,16,474,2002,0.08
162,2,16,474,2003,0.08
162,2,16,474,2004,0.08
162,2,16,474,2005,0.08
162,2,16,474,2006,0.08
162,2,16,474,2007,0.08
162,2,16,474,2008,0.08
162,2,16,474,2009,0.08
162,2,16,474,2010,0.09
162,2,16,474,2011,0.09
162,2,16,474,2012,0.09
162,2,16,474,2013,0.09
162,2,16,474,2014,0.09
162,2,16,474,2015,0.1
162,2,16,474,2016,0.1
162,2,16,474,2017,0.1
162,2,17,474,1990,0.1
162,2,17,474,1991,0.11
162,2,17,474,1992,0.11
162,2,17,474,1993,0.11
162,2,17,474,1994,0.12
162,2,17,474,1995,0.12
162,2,17,474,1996,0.12
162,2,17,474,1997,0.12
162,2,17,474,1998,0.12
162,2,17,474,1999,0.12
162,2,17,474,2000,0.12
162,2,17,474,2001,0.12
162,2,17,474,2002,0.12
162,2,17,474,2003,0.12
162,2,17,474,2004,0.12
162,2,17,474,2005,0.12
162,2,17,474,2006,0.12
162,2,17,474,2007,0.12
162,2,17,474,2008,0.12
162,2,17,474,2009,0.12
162,2,17,474,2010,0.12
162,2,17,474,2011,0.12
162,2,17,474,2012,0.13
162,2,17,474,2013,0.13
162,2,17,474,2014,0.14
162,2,17,474,2015,0.14
162,2,17,474,2016,0.14
162,2,17,474,2017,0.15
162,2,18,474,1990,0.13
162,2,18,474,1991,0.13
162,2,18,474,1992,0.13
162,2,18,474,1993,0.14
162,2,18,474,1994,0.14
162,2,18,474,1995,0.14
162,2,18,474,1996,0.15
162,2,18,474,1997,0.15
162,2,18,474,1998,0.15
162,2,18,474,1999,0.15
162,2,18,474,2000,0.15
162,2,18,474,2001,0.15
162,2,18,474,2002,0.15
162,2,18,474,2003,0.15
162,2,18,474,2004,0.16
162,2,18,474,2005,0.16
162,2,18,474,2006,0.16
162,2,18,474,2007,0.16
162,2,18,474,2008,0.16
162,2,18,474,2009,0.16
162,2,18,474,2010,0.17
162,2,18,474,2011,0.17
162,2,18,474,2012,0.17
162,2,18,474,2013,0.18
162,2,18,474,2014,0.18
162,2,18,474,2015,0.18
162,2,18,474,2016,0.19
162,2,18,474,2017,0.19
162,2,19,474,1990,0.14
162,2,19,474,1991,0.14
162,2,19,474,1992,0.15
162,2,19,474,1993,0.15
162,2,19,474,1994,0.15
162,2,19,474,1995,0.16
162,2,19,474,1996,0.16
162,2,19,474,1997,0.16
162,2,19,474,1998,0.17
162,2,19,474,1999,0.17
162,2,19,474,2000,0.17
162,2,19,474,2001,0.17
162,2,19,474,2002,0.18
162,2,19,474,2003,0.18
162,2,19,474,2004,0.18
162,2,19,474,2005,0.19
162,2,19,474,2006,0.19
162,2,19,474,2007,0.2
162,2,19,474,2008,0.2
162,2,19,474,2009,0.2
162,2,19,474,2010,0.21
162,2,19,474,2011,0.21
162,2,19,474,2012,0.22
162,2,19,474,2013,0.22
162,2,19,474,2014,0.23
162,2,19,474,2015,0.23
162,2,19,474,2016,0.24
162,2,19,474,2017,0.25
162,2,20,474,1990,0.15
162,2,20,474,1991,0.16
162,2,20,474,1992,0.16
162,2,20,474,1993,0.17
162,2,20,474,1994,0.17
162,2,20,474,1995,0.18
162,2,20,474,1996,0.18
162,2,20,474,1997,0.18
162,2,20,474,1998,0.18
162,2,20,474,1999,0.19
162,2,20,474,2000,0.19
162,2,20,474,2001,0.19
162,2,20,474,2002,0.2
162,2,20,474,2003,0.2
162,2,20,474,2004,0.21
162,2,20,474,2005,0.22
162,2,20,474,2006,0.23
162,2,20,474,2007,0.24
162,2,20,474,2008,0.24
162,2,20,474,2009,0.25
162,2,20,474,2010,0.26
162,2,20,474,2011,0.27
162,2,20,474,2012,0.28
162,2,20,474,2013,0.29
162,2,20,474,2014,0.3
162,2,20,474,2015,0.31
162,2,20,474,2016,0.31
162,2,20,474,2017,0.32
162,2,22,474,1990,1
162,2,22,474,1991,1.02
162,2,22,474,1992,1.05
162,2,22,474,1993,1.07
162,2,22,474,1994,1.1
162,2,22,474,1995,1.12
162,2,22,474,1996,1.14
162,2,22,474,1997,1.17
162,2,22,474,1998,1.18
162,2,22,474,1999,1.19
162,2,22,474,2000,1.2
162,2,22,474,2001,1.21
162,2,22,474,2002,1.22
162,2,22,474,2003,1.25
162,2,22,474,2004,1.27
162,2,22,474,2005,1.31
162,2,22,474,2006,1.34
162,2,22,474,2007,1.37
162,2,22,474,2008,1.41
162,2,22,474,2009,1.45
162,2,22,474,2010,1.51
162,2,22,474,2011,1.56
162,2,22,474,2012,1.61
162,2,22,474,2013,1.67
162,2,22,474,2014,1.73
162,2,22,474,2015,1.79
162,2,22,474,2016,1.85
162,2,22,474,2017,1.91
162,2,30,474,1990,0.12
162,2,30,474,1991,0.12
162,2,30,474,1992,0.13
162,2,30,474,1993,0.13
162,2,30,474,1994,0.14
162,2,30,474,1995,0.14
162,2,30,474,1996,0.15
162,2,30,474,1997,0.15
162,2,30,474,1998,0.16
162,2,30,474,1999,0.16
162,2,30,474,2000,0.17
162,2,30,474,2001,0.17
162,2,30,474,2002,0.17
162,2,30,474,2003,0.18
162,2,30,474,2004,0.18
162,2,30,474,2005,0.19
162,2,30,474,2006,0.2
162,2,30,474,2007,0.21
162,2,30,474,2008,0.22
162,2,30,474,2009,0.23
162,2,30,474,2010,0.25
162,2,30,474,2011,0.26
162,2,30,474,2012,0.27
162,2,30,474,2013,0.28
162,2,30,474,2014,0.3
162,2,30,474,2015,0.31
162,2,30,474,2016,0.32
162,2,30,474,2017,0.33
162,2,31,474,1990,0.06
162,2,31,474,1991,0.06
162,2,31,474,1992,0.07
162,2,31,474,1993,0.07
162,2,31,474,1994,0.07
162,2,31,474,1995,0.08
162,2,31,474,1996,0.08
162,2,31,474,1997,0.08
162,2,31,474,1998,0.09
162,2,31,474,1999,0.09
162,2,31,474,2000,0.09
162,2,31,474,2001,0.1
162,2,31,474,2002,0.1
162,2,31,474,2003,0.11
162,2,31,474,2004,0.11
162,2,31,474,2005,0.12
162,2,31,474,2006,0.12
162,2,31,474,2007,0.13
162,2,31,474,2008,0.13
162,2,31,474,2009,0.14
162,2,31,474,2010,0.15
162,2,31,474,2011,0.16
162,2,31,474,2012,0.16
162,2,31,474,2013,0.17
162,2,31,474,2014,0.19
162,2,31,474,2015,0.2
162,2,31,474,2016,0.21
162,2,31,474,2017,0.22
162,2,32,474,1990,0.02
162,2,32,474,1991,0.02
162,2,32,474,1992,0.02
162,2,32,474,1993,0.02
162,2,32,474,1994,0.02
162,2,32,474,1995,0.03
162,2,32,474,1996,0.03
162,2,32,474,1997,0.03
162,2,32,474,1998,0.03
162,2,32,474,1999,0.03
162,2,32,474,2000,0.03
162,2,32,474,2001,0.03
162,2,32,474,2002,0.04
162,2,32,474,2003,0.04
162,2,32,474,2004,0.04
162,2,32,474,2005,0.04
162,2,32,474,2006,0.04
162,2,32,474,2007,0.05
162,2,32,474,2008,0.05
162,2,32,474,2009,0.05
162,2,32,474,2010,0.06
162,2,32,474,2011,0.06
162,2,32,474,2012,0.06
162,2,32,474,2013,0.07
162,2,32,474,2014,0.07
162,2,32,474,2015,0.08
162,2,32,474,2016,0.08
162,2,32,474,2017,0.09
162,2,235,474,1990,0
162,2,235,474,1991,0
162,2,235,474,1992,0
162,2,235,474,1993,0
162,2,235,474,1994,0
162,2,235,474,1995,0
162,2,235,474,1996,0.01
162,2,235,474,1997,0.01
162,2,235,474,1998,0.01
162,2,235,474,1999,0.01
162,2,235,474,2000,0.01
162,2,235,474,2001,0.01
162,2,235,474,2002,0.01
162,2,235,474,2003,0.01
162,2,235,474,2004,0.01
162,2,235,474,2005,0.01
162,2,235,474,2006,0.01
162,2,235,474,2007,0.01
162,2,235,474,2008,0.01
162,2,235,474,2009,0.01
162,2,235,474,2010,0.01
162,2,235,474,2011,0.01
162,2,235,474,2012,0.01
162,2,235,474,2013,0.01
162,2,235,474,2014,0.02
162,2,235,474,2015,0.02
162,2,235,474,2016,0.02
162,2,235,474,2017,0.02
163,2,8,474,1990,5.52
163,2,8,474,1991,5.63
163,2,8,474,1992,5.79
163,2,8,474,1993,5.74
163,2,8,474,1994,5.42
163,2,8,474,1995,5.21
163,2,8,474,1996,5.21
163,2,8,474,1997,5.42
163,2,8,474,1998,5.63
163,2,8,474,1999,6.16
163,2,8,474,2000,6.45
163,2,8,474,2001,6.29
163,2,8,474,2002,6.52
163,2,8,474,2003,6.66
163,2,8,474,2004,6.69
163,2,8,474,2005,6.68
163,2,8,474,2006,6.41
163,2,8,474,2007,6.25
163,2,8,474,2008,6.28
163,2,8,474,2009,6.35
163,2,8,474,2010,6.69
163,2,8,474,2011,6.8
163,2,8,474,2012,6.36
163,2,8,474,2013,6.06
163,2,8,474,2014,5.59
163,2,8,474,2015,4.91
163,2,8,474,2016,5
163,2,8,474,2017,5.01
163,2,9,474,1990,6.24
163,2,9,474,1991,6.59
163,2,9,474,1992,6.8
163,2,9,474,1993,6.69
163,2,9,474,1994,6.41
163,2,9,474,1995,6.23
163,2,9,474,1996,6.36
163,2,9,474,1997,6.7
163,2,9,474,1998,6.94
163,2,9,474,1999,7.49
163,2,9,474,2000,7.57
163,2,9,474,2001,7.23
163,2,9,474,2002,6.83
163,2,9,474,2003,6.55
163,2,9,474,2004,6.84
163,2,9,474,2005,7.34
163,2,9,474,2006,7.52
163,2,9,474,2007,7.57
163,2,9,474,2008,7.71
163,2,9,474,2009,7.8
163,2,9,474,2010,7.98
163,2,9,474,2011,8.04
163,2,9,474,2012,7.38
163,2,9,474,2013,6.91
163,2,9,474,2014,6.73
163,2,9,474,2015,6.17
163,2,9,474,2016,6.3
163,2,9,474,2017,6.37
163,2,10,474,1990,7.78
163,2,10,474,1991,8.09
163,2,10,474,1992,8.43
163,2,10,474,1993,8.41
163,2,10,474,1994,8.47
163,2,10,474,1995,8.43
163,2,10,474,1996,8.69
163,2,10,474,1997,9.13
163,2,10,474,1998,9.44
163,2,10,474,1999,10.3
163,2,10,474,2000,10.72
163,2,10,474,2001,10.77
163,2,10,474,2002,10.29
163,2,10,474,2003,9.52
163,2,10,474,2004,9.63
163,2,10,474,2005,9.82
163,2,10,474,2006,9.57
163,2,10,474,2007,9.37
163,2,10,474,2008,9.54
163,2,10,474,2009,9.68
163,2,10,474,2010,10.19
163,2,10,474,2011,10.36
163,2,10,474,2012,9.93
163,2,10,474,2013,9.72
163,2,10,474,2014,9.63
163,2,10,474,2015,9.19
163,2,10,474,2016,9.58
163,2,10,474,2017,9.78
163,2,11,474,1990,11.43
163,2,11,474,1991,11.88
163,2,11,474,1992,12.39
163,2,11,474,1993,12.36
163,2,11,474,1994,12.3
163,2,11,474,1995,12.16
163,2,11,474,1996,12.52
163,2,11,474,1997,13.33
163,2,11,474,1998,13.85
163,2,11,474,1999,14.83
163,2,11,474,2000,15.59
163,2,11,474,2001,15.75
163,2,11,474,2002,14.98
163,2,11,474,2003,13.51
163,2,11,474,2004,12.81
163,2,11,474,2005,13.16
163,2,11,474,2006,13.74
163,2,11,474,2007,13.84
163,2,11,474,2008,14.33
163,2,11,474,2009,14.65
163,2,11,474,2010,14.91
163,2,11,474,2011,15.04
163,2,11,474,2012,14.64
163,2,11,474,2013,14.56
163,2,11,474,2014,14.86
163,2,11,474,2015,14.9
163,2,11,474,2016,15.73
163,2,11,474,2017,15.99
163,2,12,474,1990,26.04
163,2,12,474,1991,26.75
163,2,12,474,1992,27.7
163,2,12,474,1993,27.4
163,2,12,474,1994,26.26
163,2,12,474,1995,25.34
163,2,12,474,1996,25.43
163,2,12,474,1997,27.32
163,2,12,474,1998,28.67
163,2,12,474,1999,30.54
163,2,12,474,2000,31.84
163,2,12,474,2001,31.16
163,2,12,474,2002,30.45
163,2,12,474,2003,30.53
163,2,12,474,2004,30.21
163,2,12,474,2005,30.54
163,2,12,474,2006,31.15
163,2,12,474,2007,31.17
163,2,12,474,2008,31.56
163,2,12,474,2009,31.61
163,2,12,474,2010,32.21
163,2,12,474,2011,32.34
163,2,12,474,2012,30.94
163,2,12,474,2013,30.85
163,2,12,474,2014,32.51
163,2,12,474,2015,33.41
163,2,12,474,2016,35.18
163,2,12,474,2017,36.2
163,2,13,474,1990,47.19
163,2,13,474,1991,49.57
163,2,13,474,1992,51.9
163,2,13,474,1993,51.42
163,2,13,474,1994,50.3
163,2,13,474,1995,49.64
163,2,13,474,1996,50.19
163,2,13,474,1997,52.36
163,2,13,474,1998,53.41
163,2,13,474,1999,55.77
163,2,13,474,2000,53.46
163,2,13,474,2001,51.24
163,2,13,474,2002,52.55
163,2,13,474,2003,53.51
163,2,13,474,2004,52.28
163,2,13,474,2005,52.47
163,2,13,474,2006,53.58
163,2,13,474,2007,55.13
163,2,13,474,2008,57.87
163,2,13,474,2009,59.42
163,2,13,474,2010,59.78
163,2,13,474,2011,60.44
163,2,13,474,2012,60.69
163,2,13,474,2013,63.15
163,2,13,474,2014,69.13
163,2,13,474,2015,75.08
163,2,13,474,2016,79.3
163,2,13,474,2017,81.88
163,2,14,474,1990,56.48
163,2,14,474,1991,55.15
163,2,14,474,1992,57.3
163,2,14,474,1993,57.01
163,2,14,474,1994,59.11
163,2,14,474,1995,58.95
163,2,14,474,1996,63.71
163,2,14,474,1997,66.83
163,2,14,474,1998,66.91
163,2,14,474,1999,70.37
163,2,14,474,2000,70.89
163,2,14,474,2001,64.32
163,2,14,474,2002,62.13
163,2,14,474,2003,62.99
163,2,14,474,2004,64.25
163,2,14,474,2005,67.35
163,2,14,474,2006,67.28
163,2,14,474,2007,66.93
163,2,14,474,2008,68.73
163,2,14,474,2009,68.91
163,2,14,474,2010,69.83
163,2,14,474,2011,71.4
163,2,14,474,2012,73.07
163,2,14,474,2013,77.4
163,2,14,474,2014,84.57
163,2,14,474,2015,91.75
163,2,14,474,2016,97.13
163,2,14,474,2017,100.05
163,2,15,474,1990,101.04
163,2,15,474,1991,100.86
163,2,15,474,1992,103.11
163,2,15,474,1993,100.3
163,2,15,474,1994,100.71
163,2,15,474,1995,100.06
163,2,15,474,1996,107.77
163,2,15,474,1997,112.3
163,2,15,474,1998,109.73
163,2,15,474,1999,109.66
163,2,15,474,2000,107.41
163,2,15,474,2001,110
163,2,15,474,2002,113.52
163,2,15,474,2003,113.92
163,2,15,474,2004,109.72
163,2,15,474,2005,105.88
163,2,15,474,2006,103.74
163,2,15,474,2007,104.86
163,2,15,474,2008,107.3
163,2,15,474,2009,108.06
163,2,15,474,2010,113.25
163,2,15,474,2011,119.36
163,2,15,474,2012,135.23
163,2,15,474,2013,156.17
163,2,15,474,2014,178.45
163,2,15,474,2015,206.11
163,2,15,474,2016,219.8
163,2,15,474,2017,227.44
163,2,16,474,1990,123.75
163,2,16,474,1991,127.87
163,2,16,474,1992,133.13
163,2,16,474,1993,132.74
163,2,16,474,1994,131.49
163,2,16,474,1995,129.91
163,2,16,474,1996,132.86
163,2,16,474,1997,138.08
163,2,16,474,1998,139.86
163,2,16,474,1999,145.31
163,2,16,474,2000,147.96
163,2,16,474,2001,145.01
163,2,16,474,2002,141.75
163,2,16,474,2003,138.86
163,2,16,474,2004,138.48
163,2,16,474,2005,139.54
163,2,16,474,2006,143.96
163,2,16,474,2007,149.59
163,2,16,474,2008,153.14
163,2,16,474,2009,156.12
163,2,16,474,2010,167.35
163,2,16,474,2011,170.16
163,2,16,474,2012,173.08
163,2,16,474,2013,186.57
163,2,16,474,2014,209.24
163,2,16,474,2015,231.53
163,2,16,474,2016,246.21
163,2,16,474,2017,256.86
163,2,17,474,1990,178.62
163,2,17,474,1991,181.32
163,2,17,474,1992,191.25
163,2,17,474,1993,194.34
163,2,17,474,1994,196.08
163,2,17,474,1995,197
163,2,17,474,1996,203.29
163,2,17,474,1997,220.23
163,2,17,474,1998,230.52
163,2,17,474,1999,231.06
163,2,17,474,2000,230.34
163,2,17,474,2001,222.71
163,2,17,474,2002,231.28
163,2,17,474,2003,242
163,2,17,474,2004,235.24
163,2,17,474,2005,233.38
163,2,17,474,2006,238.13
163,2,17,474,2007,249.23
163,2,17,474,2008,256.65
163,2,17,474,2009,262.47
163,2,17,474,2010,272.35
163,2,17,474,2011,282.12
163,2,17,474,2012,277.05
163,2,17,474,2013,287.16
163,2,17,474,2014,318.74
163,2,17,474,2015,344.67
163,2,17,474,2016,358.84
163,2,17,474,2017,372.98
163,2,18,474,1990,201.1
163,2,18,474,1991,213.03
163,2,18,474,1992,225.34
163,2,18,474,1993,230.26
163,2,18,474,1994,229.1
163,2,18,474,1995,232.12
163,2,18,474,1996,239.7
163,2,18,474,1997,261.65
163,2,18,474,1998,281.04
163,2,18,474,1999,298.78
163,2,18,474,2000,309.94
163,2,18,474,2001,315.36
163,2,18,474,2002,321.07
163,2,18,474,2003,326.25
163,2,18,474,2004,323.8
163,2,18,474,2005,325.29
163,2,18,474,2006,331.98
163,2,18,474,2007,332.78
163,2,18,474,2008,334.68
163,2,18,474,2009,332.97
163,2,18,474,2010,338.48
163,2,18,474,2011,341.58
163,2,18,474,2012,341.62
163,2,18,474,2013,358.3
163,2,18,474,2014,396.95
163,2,18,474,2015,424.22
163,2,18,474,2016,460.26
163,2,18,474,2017,487.67
163,2,19,474,1990,196.32
163,2,19,474,1991,208.09
163,2,19,474,1992,218.47
163,2,19,474,1993,220.58
163,2,19,474,1994,218.93
163,2,19,474,1995,220.79
163,2,19,474,1996,226.86
163,2,19,474,1997,246.07
163,2,19,474,1998,264.72
163,2,19,474,1999,283.92
163,2,19,474,2000,299.09
163,2,19,474,2001,309.69
163,2,19,474,2002,321.92
163,2,19,474,2003,334.51
163,2,19,474,2004,341.54
163,2,19,474,2005,354.76
163,2,19,474,2006,372.33
163,2,19,474,2007,384.29
163,2,19,474,2008,396.17
163,2,19,474,2009,403.04
163,2,19,474,2010,414.62
163,2,19,474,2011,418.49
163,2,19,474,2012,418.97
163,2,19,474,2013,439.37
163,2,19,474,2014,484.51
163,2,19,474,2015,526.24
163,2,19,474,2016,555.82
163,2,19,474,2017,584.52
163,2,20,474,1990,199.06
163,2,20,474,1991,205.82
163,2,20,474,1992,215.24
163,2,20,474,1993,219.62
163,2,20,474,1994,222.84
163,2,20,474,1995,228.67
163,2,20,474,1996,237.07
163,2,20,474,1997,255.04
163,2,20,474,1998,270.64
163,2,20,474,1999,286.17
163,2,20,474,2000,297.57
163,2,20,474,2001,305.76
163,2,20,474,2002,318.12
163,2,20,474,2003,333.25
163,2,20,474,2004,344.5
163,2,20,474,2005,363.34
163,2,20,474,2006,386.99
163,2,20,474,2007,408.13
163,2,20,474,2008,431.11
163,2,20,474,2009,456.12
163,2,20,474,2010,485.67
163,2,20,474,2011,503.25
163,2,20,474,2012,497.43
163,2,20,474,2013,512.5
163,2,20,474,2014,550.7
163,2,20,474,2015,575.01
163,2,20,474,2016,602.04
163,2,20,474,2017,614.94
163,2,22,474,1990,1403.69
163,2,22,474,1991,1460.03
163,2,22,474,1992,1531.41
163,2,22,474,1993,1548.08
163,2,22,474,1994,1551.96
163,2,22,474,1995,1564.39
163,2,22,474,1996,1619.82
163,2,22,474,1997,1737.17
163,2,22,474,1998,1825.23
163,2,22,474,1999,1918.33
163,2,22,474,2000,1974.4
163,2,22,474,2001,1992.63
163,2,22,474,2002,2044.52
163,2,22,474,2003,2102.94
163,2,22,474,2004,2121.13
163,2,22,474,2005,2179.7
163,2,22,474,2006,2265.88
163,2,22,474,2007,2344.87
163,2,22,474,2008,2431.83
163,2,22,474,2009,2515.18
163,2,22,474,2010,2643.27
163,2,22,474,2011,2727.93
163,2,22,474,2012,2768.91
163,2,22,474,2013,2935.67
163,2,22,474,2014,3246.61
163,2,22,474,2015,3525.42
163,2,22,474,2016,3752.37
163,2,22,474,2017,3921.21
163,2,30,474,1990,161.72
163,2,30,474,1991,169.61
163,2,30,474,1992,176.04
163,2,30,474,1993,175.92
163,2,30,474,1994,173.78
163,2,30,474,1995,173.64
163,2,30,474,1996,177.32
163,2,30,474,1997,190.28
163,2,30,474,1998,203.69
163,2,30,474,1999,219.2
163,2,30,474,2000,231.26
163,2,30,474,2001,239.63
163,2,30,474,2002,248.84
163,2,30,474,2003,258.43
163,2,30,474,2004,265.44
163,2,30,474,2005,279.21
163,2,30,474,2006,296.61
163,2,30,474,2007,312.97
163,2,30,474,2008,332.43
163,2,30,474,2009,358.95
163,2,30,474,2010,392.51
163,2,30,474,2011,415.74
163,2,30,474,2012,435.67
163,2,30,474,2013,474.14
163,2,30,474,2014,532.67
163,2,30,474,2015,589.45
163,2,30,474,2016,632.76
163,2,30,474,2017,662.63
163,2,31,474,1990,64.74
163,2,31,474,1991,71.52
163,2,31,474,1992,78.51
163,2,31,474,1993,83.67
163,2,31,474,1994,87.55
163,2,31,474,1995,91.06
163,2,31,474,1996,94.93
163,2,31,474,1997,100.92
163,2,31,474,1998,105.23
163,2,31,474,1999,110.06
163,2,31,474,2000,112.96
163,2,31,474,2001,114.93
163,2,31,474,2002,119.92
163,2,31,474,2003,126.56
163,2,31,474,2004,132.68
163,2,31,474,2005,141.71
163,2,31,474,2006,151.1
163,2,31,474,2007,158.24
163,2,31,474,2008,166.27
163,2,31,474,2009,176.7
163,2,31,474,2010,190.11
163,2,31,474,2011,201.25
163,2,31,474,2012,211.99
163,2,31,474,2013,232.02
163,2,31,474,2014,262.41
163,2,31,474,2015,293.66
163,2,31,474,2016,320.53
163,2,31,474,2017,343.23
163,2,32,474,1990,14.85
163,2,32,474,1991,16.26
163,2,32,474,1992,17.83
163,2,32,474,1993,19.26
163,2,32,474,1994,20.69
163,2,32,474,1995,22.44
163,2,32,474,1996,24.9
163,2,32,474,1997,28.08
163,2,32,474,1998,31.12
163,2,32,474,1999,34.39
163,2,32,474,2000,36.58
163,2,32,474,2001,37.58
163,2,32,474,2002,38.72
163,2,32,474,2003,39.78
163,2,32,474,2004,40.48
163,2,32,474,2005,42.21
163,2,32,474,2006,44.39
163,2,32,474,2007,46.83
163,2,32,474,2008,50.02
163,2,32,474,2009,53.92
163,2,32,474,2010,58.41
163,2,32,474,2011,62.12
163,2,32,474,2012,64.84
163,2,32,474,2013,69.84
163,2,32,474,2014,77.56
163,2,32,474,2015,85.4
163,2,32,474,2016,92.99
163,2,32,474,2017,99.81
163,2,235,474,1990,1.84
163,2,235,474,1991,1.99
163,2,235,474,1992,2.19
163,2,235,474,1993,2.36
163,2,235,474,1994,2.53
163,2,235,474,1995,2.72
163,2,235,474,1996,3.02
163,2,235,474,1997,3.41
163,2,235,474,1998,3.81
163,2,235,474,1999,4.32
163,2,235,474,2000,4.78
163,2,235,474,2001,5.18
163,2,235,474,2002,5.63
163,2,235,474,2003,6.11
163,2,235,474,2004,6.54
163,2,235,474,2005,7.03
163,2,235,474,2006,7.41
163,2,235,474,2007,7.7
163,2,235,474,2008,8.02
163,2,235,474,2009,8.41
163,2,235,474,2010,8.93
163,2,235,474,2011,9.44
163,2,235,474,2012,10
163,2,235,474,2013,10.97
163,2,235,474,2014,12.37
163,2,235,474,2015,13.73
163,2,235,474,2016,14.92
163,2,235,474,2017,15.84
164,2,8,474,1990,0.09
164,2,8,474,1991,0.09
164,2,8,474,1992,0.09
164,2,8,474,1993,0.09
164,2,8,474,1994,0.09
164,2,8,474,1995,0.09
164,2,8,474,1996,0.09
164,2,8,474,1997,0.09
164,2,8,474,1998,0.1
164,2,8,474,1999,0.1
164,2,8,474,2000,0.1
164,2,8,474,2001,0.11
164,2,8,474,2002,0.11
164,2,8,474,2003,0.12
164,2,8,474,2004,0.12
164,2,8,474,2005,0.13
164,2,8,474,2006,0.13
164,2,8,474,2007,0.14
164,2,8,474,2008,0.14
164,2,8,474,2009,0.15
164,2,8,474,2010,0.15
164,2,8,474,2011,0.15
164,2,8,474,2012,0.15
164,2,8,474,2013,0.15
164,2,8,474,2014,0.16
164,2,8,474,2015,0.16
164,2,8,474,2016,0.16
164,2,8,474,2017,0.16
164,2,9,474,1990,0.12
164,2,9,474,1991,0.12
164,2,9,474,1992,0.12
164,2,9,474,1993,0.12
164,2,9,474,1994,0.12
164,2,9,474,1995,0.12
164,2,9,474,1996,0.11
164,2,9,474,1997,0.11
164,2,9,474,1998,0.11
164,2,9,474,1999,0.11
164,2,9,474,2000,0.11
164,2,9,474,2001,0.11
164,2,9,474,2002,0.11
164,2,9,474,2003,0.11
164,2,9,474,2004,0.12
164,2,9,474,2005,0.12
164,2,9,474,2006,0.12
164,2,9,474,2007,0.13
164,2,9,474,2008,0.13
164,2,9,474,2009,0.14
164,2,9,474,2010,0.14
164,2,9,474,2011,0.14
164,2,9,474,2012,0.14
164,2,9,474,2013,0.14
164,2,9,474,2014,0.15
164,2,9,474,2015,0.15
164,2,9,474,2016,0.16
164,2,9,474,2017,0.16
164,2,10,474,1990,0.19
164,2,10,474,1991,0.19
164,2,10,474,1992,0.19
164,2,10,474,1993,0.19
164,2,10,474,1994,0.19
164,2,10,474,1995,0.19
164,2,10,474,1996,0.18
164,2,10,474,1997,0.18
164,2,10,474,1998,0.17
164,2,10,474,1999,0.17
164,2,10,474,2000,0.17
164,2,10,474,2001,0.16
164,2,10,474,2002,0.16
164,2,10,474,2003,0.16
164,2,10,474,2004,0.16
164,2,10,474,2005,0.17
164,2,10,474,2006,0.17
164,2,10,474,2007,0.17
164,2,10,474,2008,0.17
164,2,10,474,2009,0.17
164,2,10,474,2010,0.17
164,2,10,474,2011,0.17
164,2,10,474,2012,0.17
164,2,10,474,2013,0.17
164,2,10,474,2014,0.18
164,2,10,474,2015,0.18
164,2,10,474,2016,0.19
164,2,10,474,2017,0.19
164,2,11,474,1990,0.29
164,2,11,474,1991,0.29
164,2,11,474,1992,0.29
164,2,11,474,1993,0.29
164,2,11,474,1994,0.29
164,2,11,474,1995,0.28
164,2,11,474,1996,0.28
164,2,11,474,1997,0.27
164,2,11,474,1998,0.27
164,2,11,474,1999,0.27
164,2,11,474,2000,0.26
164,2,11,474,2001,0.26
164,2,11,474,2002,0.26
164,2,11,474,2003,0.26
164,2,11,474,2004,0.26
164,2,11,474,2005,0.27
164,2,11,474,2006,0.27
164,2,11,474,2007,0.27
164,2,11,474,2008,0.28
164,2,11,474,2009,0.28
164,2,11,474,2010,0.28
164,2,11,474,2011,0.28
164,2,11,474,2012,0.29
164,2,11,474,2013,0.3
164,2,11,474,2014,0.3
164,2,11,474,2015,0.31
164,2,11,474,2016,0.32
164,2,11,474,2017,0.33
164,2,12,474,1990,0.68
164,2,12,474,1991,0.68
164,2,12,474,1992,0.68
164,2,12,474,1993,0.68
164,2,12,474,1994,0.68
164,2,12,474,1995,0.67
164,2,12,474,1996,0.66
164,2,12,474,1997,0.66
164,2,12,474,1998,0.65
164,2,12,474,1999,0.65
164,2,12,474,2000,0.63
164,2,12,474,2001,0.62
164,2,12,474,2002,0.63
164,2,12,474,2003,0.63
164,2,12,474,2004,0.64
164,2,12,474,2005,0.65
164,2,12,474,2006,0.66
164,2,12,474,2007,0.67
164,2,12,474,2008,0.68
164,2,12,474,2009,0.7
164,2,12,474,2010,0.71
164,2,12,474,2011,0.71
164,2,12,474,2012,0.72
164,2,12,474,2013,0.74
164,2,12,474,2014,0.75
164,2,12,474,2015,0.78
164,2,12,474,2016,0.8
164,2,12,474,2017,0.81
164,2,13,474,1990,1.31
164,2,13,474,1991,1.32
164,2,13,474,1992,1.34
164,2,13,474,1993,1.36
164,2,13,474,1994,1.37
164,2,13,474,1995,1.33
164,2,13,474,1996,1.3
164,2,13,474,1997,1.29
164,2,13,474,1998,1.28
164,2,13,474,1999,1.28
164,2,13,474,2000,1.25
164,2,13,474,2001,1.23
164,2,13,474,2002,1.23
164,2,13,474,2003,1.24
164,2,13,474,2004,1.24
164,2,13,474,2005,1.25
164,2,13,474,2006,1.26
164,2,13,474,2007,1.29
164,2,13,474,2008,1.31
164,2,13,474,2009,1.33
164,2,13,474,2010,1.36
164,2,13,474,2011,1.38
164,2,13,474,2012,1.43
164,2,13,474,2013,1.48
164,2,13,474,2014,1.53
164,2,13,474,2015,1.59
164,2,13,474,2016,1.65
164,2,13,474,2017,1.69
164,2,14,474,1990,1.76
164,2,14,474,1991,1.78
164,2,14,474,1992,1.77
164,2,14,474,1993,1.76
164,2,14,474,1994,1.74
164,2,14,474,1995,1.77
164,2,14,474,1996,1.77
164,2,14,474,1997,1.78
164,2,14,474,1998,1.79
164,2,14,474,1999,1.8
164,2,14,474,2000,1.74
164,2,14,474,2001,1.72
164,2,14,474,2002,1.72
164,2,14,474,2003,1.73
164,2,14,474,2004,1.74
164,2,14,474,2005,1.76
164,2,14,474,2006,1.79
164,2,14,474,2007,1.83
164,2,14,474,2008,1.86
164,2,14,474,2009,1.89
164,2,14,474,2010,1.93
164,2,14,474,2011,1.96
164,2,14,474,2012,2.02
164,2,14,474,2013,2.09
164,2,14,474,2014,2.16
164,2,14,474,2015,2.25
164,2,14,474,2016,2.33
164,2,14,474,2017,2.4
164,2,15,474,1990,2.79
164,2,15,474,1991,2.83
164,2,15,474,1992,2.86
164,2,15,474,1993,2.91
164,2,15,474,1994,2.91
164,2,15,474,1995,2.92
164,2,15,474,1996,2.92
164,2,15,474,1997,2.88
164,2,15,474,1998,2.86
164,2,15,474,1999,2.84
164,2,15,474,2000,2.88
164,2,15,474,2001,2.89
164,2,15,474,2002,2.93
164,2,15,474,2003,2.99
164,2,15,474,2004,3.04
164,2,15,474,2005,3.02
164,2,15,474,2006,3.06
164,2,15,474,2007,3.14
164,2,15,474,2008,3.2
164,2,15,474,2009,3.27
164,2,15,474,2010,3.36
164,2,15,474,2011,3.44
164,2,15,474,2012,3.54
164,2,15,474,2013,3.64
164,2,15,474,2014,3.75
164,2,15,474,2015,3.89
164,2,15,474,2016,4.01
164,2,15,474,2017,4.09
164,2,16,474,1990,3.06
164,2,16,474,1991,3.11
164,2,16,474,1992,3.15
164,2,16,474,1993,3.2
164,2,16,474,1994,3.22
164,2,16,474,1995,3.23
164,2,16,474,1996,3.24
164,2,16,474,1997,3.23
164,2,16,474,1998,3.24
164,2,16,474,1999,3.27
164,2,16,474,2000,3.25
164,2,16,474,2001,3.26
164,2,16,474,2002,3.27
164,2,16,474,2003,3.29
164,2,16,474,2004,3.33
164,2,16,474,2005,3.5
164,2,16,474,2006,3.62
164,2,16,474,2007,3.79
164,2,16,474,2008,3.9
164,2,16,474,2009,4
164,2,16,474,2010,4.01
164,2,16,474,2011,4.09
164,2,16,474,2012,4.2
164,2,16,474,2013,4.32
164,2,16,474,2014,4.45
164,2,16,474,2015,4.63
164,2,16,474,2016,4.79
164,2,16,474,2017,4.91
164,2,17,474,1990,4.43
164,2,17,474,1991,4.51
164,2,17,474,1992,4.58
164,2,17,474,1993,4.66
164,2,17,474,1994,4.69
164,2,17,474,1995,4.7
164,2,17,474,1996,4.7
164,2,17,474,1997,4.7
164,2,17,474,1998,4.73
164,2,17,474,1999,4.76
164,2,17,474,2000,4.75
164,2,17,474,2001,4.77
164,2,17,474,2002,4.84
164,2,17,474,2003,4.93
164,2,17,474,2004,5.06
164,2,17,474,2005,5.21
164,2,17,474,2006,5.4
164,2,17,474,2007,5.55
164,2,17,474,2008,5.64
164,2,17,474,2009,5.71
164,2,17,474,2010,5.99
164,2,17,474,2011,6.19
164,2,17,474,2012,6.42
164,2,17,474,2013,6.67
164,2,17,474,2014,6.91
164,2,17,474,2015,7.03
164,2,17,474,2016,7.19
164,2,17,474,2017,7.31
164,2,18,474,1990,5.28
164,2,18,474,1991,5.42
164,2,18,474,1992,5.53
164,2,18,474,1993,5.62
164,2,18,474,1994,5.65
164,2,18,474,1995,5.66
164,2,18,474,1996,5.66
164,2,18,474,1997,5.64
164,2,18,474,1998,5.65
164,2,18,474,1999,5.66
164,2,18,474,2000,5.62
164,2,18,474,2001,5.63
164,2,18,474,2002,5.69
164,2,18,474,2003,5.8
164,2,18,474,2004,5.94
164,2,18,474,2005,6.09
164,2,18,474,2006,6.27
164,2,18,474,2007,6.49
164,2,18,474,2008,6.71
164,2,18,474,2009,6.95
164,2,18,474,2010,7.24
164,2,18,474,2011,7.59
164,2,18,474,2012,7.89
164,2,18,474,2013,8.19
164,2,18,474,2014,8.53
164,2,18,474,2015,9.25
164,2,18,474,2016,9.75
164,2,18,474,2017,10.16
164,2,19,474,1990,4.98
164,2,19,474,1991,5.17
164,2,19,474,1992,5.36
164,2,19,474,1993,5.54
164,2,19,474,1994,5.66
164,2,19,474,1995,5.77
164,2,19,474,1996,5.83
164,2,19,474,1997,5.87
164,2,19,474,1998,5.94
164,2,19,474,1999,6.01
164,2,19,474,2000,6
164,2,19,474,2001,6.02
164,2,19,474,2002,6.07
164,2,19,474,2003,6.15
164,2,19,474,2004,6.26
164,2,19,474,2005,6.4
164,2,19,474,2006,6.59
164,2,19,474,2007,6.88
164,2,19,474,2008,7.18
164,2,19,474,2009,7.52
164,2,19,474,2010,7.91
164,2,19,474,2011,8.34
164,2,19,474,2012,8.8
164,2,19,474,2013,9.26
164,2,19,474,2014,9.73
164,2,19,474,2015,10.29
164,2,19,474,2016,10.85
164,2,19,474,2017,11.21
164,2,20,474,1990,4.86
164,2,20,474,1991,5.07
164,2,20,474,1992,5.33
164,2,20,474,1993,5.6
164,2,20,474,1994,5.83
164,2,20,474,1995,6
164,2,20,474,1996,6.14
164,2,20,474,1997,6.26
164,2,20,474,1998,6.37
164,2,20,474,1999,6.45
164,2,20,474,2000,6.49
164,2,20,474,2001,6.55
164,2,20,474,2002,6.66
164,2,20,474,2003,6.8
164,2,20,474,2004,6.98
164,2,20,474,2005,7.16
164,2,20,474,2006,7.41
164,2,20,474,2007,7.72
164,2,20,474,2008,8
164,2,20,474,2009,8.29
164,2,20,474,2010,8.62
164,2,20,474,2011,9.02
164,2,20,474,2012,9.49
164,2,20,474,2013,9.96
164,2,20,474,2014,10.45
164,2,20,474,2015,11.03
164,2,20,474,2016,11.62
164,2,20,474,2017,12.15
164,2,22,474,1990,36.38
164,2,22,474,1991,37.36
164,2,22,474,1992,38.33
164,2,22,474,1993,39.37
164,2,22,474,1994,40.05
164,2,22,474,1995,40.69
164,2,22,474,1996,41.19
164,2,22,474,1997,41.66
164,2,22,474,1998,42.31
164,2,22,474,1999,42.99
164,2,22,474,2000,43.25
164,2,22,474,2001,43.75
164,2,22,474,2002,44.61
164,2,22,474,2003,45.71
164,2,22,474,2004,46.95
164,2,22,474,2005,48.38
164,2,22,474,2006,50.02
164,2,22,474,2007,52.05
164,2,22,474,2008,53.87
164,2,22,474,2009,55.78
164,2,22,474,2010,58.04
164,2,22,474,2011,60.52
164,2,22,474,2012,63.22
164,2,22,474,2013,65.9
164,2,22,474,2014,68.7
164,2,22,474,2015,72.16
164,2,22,474,2016,75.38
164,2,22,474,2017,77.99
164,2,30,474,1990,3.76
164,2,30,474,1991,3.94
164,2,30,474,1992,4.1
164,2,30,474,1993,4.29
164,2,30,474,1994,4.47
164,2,30,474,1995,4.66
164,2,30,474,1996,4.86
164,2,30,474,1997,5.09
164,2,30,474,1998,5.34
164,2,30,474,1999,5.59
164,2,30,474,2000,5.75
164,2,30,474,2001,5.94
164,2,30,474,2002,6.16
164,2,30,474,2003,6.39
164,2,30,474,2004,6.62
164,2,30,474,2005,6.89
164,2,30,474,2006,7.17
164,2,30,474,2007,7.5
164,2,30,474,2008,7.82
164,2,30,474,2009,8.16
164,2,30,474,2010,8.55
164,2,30,474,2011,8.98
164,2,30,474,2012,9.44
164,2,30,474,2013,9.84
164,2,30,474,2014,10.24
164,2,30,474,2015,10.7
164,2,30,474,2016,11.17
164,2,30,474,2017,11.62
164,2,31,474,1990,1.99
164,2,31,474,1991,2.01
164,2,31,474,1992,2.07
164,2,31,474,1993,2.15
164,2,31,474,1994,2.24
164,2,31,474,1995,2.37
164,2,31,474,1996,2.5
164,2,31,474,1997,2.62
164,2,31,474,1998,2.77
164,2,31,474,1999,2.92
164,2,31,474,2000,3.07
164,2,31,474,2001,3.25
164,2,31,474,2002,3.47
164,2,31,474,2003,3.7
164,2,31,474,2004,3.94
164,2,31,474,2005,4.16
164,2,31,474,2006,4.37
164,2,31,474,2007,4.6
164,2,31,474,2008,4.82
164,2,31,474,2009,5.03
164,2,31,474,2010,5.28
164,2,31,474,2011,5.56
164,2,31,474,2012,5.86
164,2,31,474,2013,6.13
164,2,31,474,2014,6.41
164,2,31,474,2015,6.71
164,2,31,474,2016,7
164,2,31,474,2017,7.25
164,2,32,474,1990,0.68
164,2,32,474,1991,0.71
164,2,32,474,1992,0.72
164,2,32,474,1993,0.74
164,2,32,474,1994,0.75
164,2,32,474,1995,0.77
164,2,32,474,1996,0.79
164,2,32,474,1997,0.82
164,2,32,474,1998,0.87
164,2,32,474,1999,0.92
164,2,32,474,2000,0.98
164,2,32,474,2001,1.04
164,2,32,474,2002,1.11
164,2,32,474,2003,1.18
164,2,32,474,2004,1.27
164,2,32,474,2005,1.37
164,2,32,474,2006,1.47
164,2,32,474,2007,1.6
164,2,32,474,2008,1.73
164,2,32,474,2009,1.86
164,2,32,474,2010,1.98
164,2,32,474,2011,2.1
164,2,32,474,2012,2.23
164,2,32,474,2013,2.36
164,2,32,474,2014,2.49
164,2,32,474,2015,2.63
164,2,32,474,2016,2.77
164,2,32,474,2017,2.91
164,2,235,474,1990,0.12
164,2,235,474,1991,0.13
164,2,235,474,1992,0.14
164,2,235,474,1993,0.15
164,2,235,474,1994,0.15
164,2,235,474,1995,0.16
164,2,235,474,1996,0.17
164,2,235,474,1997,0.17
164,2,235,474,1998,0.17
164,2,235,474,1999,0.18
164,2,235,474,2000,0.18
164,2,235,474,2001,0.19
164,2,235,474,2002,0.2
164,2,235,474,2003,0.21
164,2,235,474,2004,0.23
164,2,235,474,2005,0.25
164,2,235,474,2006,0.27
164,2,235,474,2007,0.29
164,2,235,474,2008,0.31
164,2,235,474,2009,0.34
164,2,235,474,2010,0.37
164,2,235,474,2011,0.4
164,2,235,474,2012,0.44
164,2,235,474,2013,0.48
164,2,235,474,2014,0.52
164,2,235,474,2015,0.56
164,2,235,474,2016,0.6
164,2,235,474,2017,0.64
165,2,8,474,1990,3.12
165,2,8,474,1991,3.47
165,2,8,474,1992,3.41
165,2,8,474,1993,3.42
165,2,8,474,1994,3.51
165,2,8,474,1995,3.83
165,2,8,474,1996,4.06
165,2,8,474,1997,4.16
165,2,8,474,1998,4.47
165,2,8,474,1999,4.68
165,2,8,474,2000,4.82
165,2,8,474,2001,5.04
165,2,8,474,2002,5.22
165,2,8,474,2003,5.39
165,2,8,474,2004,5.6
165,2,8,474,2005,5.88
165,2,8,474,2006,6.41
165,2,8,474,2007,6.72
165,2,8,474,2008,7.17
165,2,8,474,2009,7.52
165,2,8,474,2010,7.8
165,2,8,474,2011,8.12
165,2,8,474,2012,8.44
165,2,8,474,2013,8.71
165,2,8,474,2014,8.98
165,2,8,474,2015,9.16
165,2,8,474,2016,9.33
165,2,8,474,2017,9.41
165,2,9,474,1990,3.83
165,2,9,474,1991,4.55
165,2,9,474,1992,5.02
165,2,9,474,1993,5.3
165,2,9,474,1994,5.55
165,2,9,474,1995,5.97
165,2,9,474,1996,6.46
165,2,9,474,1997,6.58
165,2,9,474,1998,6.83
165,2,9,474,1999,7.07
165,2,9,474,2000,7.25
165,2,9,474,2001,7.56
165,2,9,474,2002,7.85
165,2,9,474,2003,8.13
165,2,9,474,2004,8.49
165,2,9,474,2005,8.93
165,2,9,474,2006,9.55
165,2,9,474,2007,9.87
165,2,9,474,2008,10.31
165,2,9,474,2009,10.67
165,2,9,474,2010,11.02
165,2,9,474,2011,11.43
165,2,9,474,2012,11.87
165,2,9,474,2013,12.31
165,2,9,474,2014,12.82
165,2,9,474,2015,13.15
165,2,9,474,2016,13.49
165,2,9,474,2017,13.73
165,2,10,474,1990,5.23
165,2,10,474,1991,5.91
165,2,10,474,1992,6.08
165,2,10,474,1993,6.06
165,2,10,474,1994,6.3
165,2,10,474,1995,7.16
165,2,10,474,1996,7.81
165,2,10,474,1997,8.1
165,2,10,474,1998,8.91
165,2,10,474,1999,9.39
165,2,10,474,2000,9.76
165,2,10,474,2001,10.22
165,2,10,474,2002,10.6
165,2,10,474,2003,10.91
165,2,10,474,2004,11.34
165,2,10,474,2005,11.89
165,2,10,474,2006,12.72
165,2,10,474,2007,13.21
165,2,10,474,2008,13.83
165,2,10,474,2009,14.37
165,2,10,474,2010,14.85
165,2,10,474,2011,15.38
165,2,10,474,2012,15.89
165,2,10,474,2013,16.36
165,2,10,474,2014,16.88
165,2,10,474,2015,17.22
165,2,10,474,2016,17.62
165,2,10,474,2017,17.93
165,2,11,474,1990,5.01
165,2,11,474,1991,5.37
165,2,11,474,1992,5.91
165,2,11,474,1993,6.16
165,2,11,474,1994,6.36
165,2,11,474,1995,6.82
165,2,11,474,1996,7.49
165,2,11,474,1997,7.65
165,2,11,474,1998,8.13
165,2,11,474,1999,8.55
165,2,11,474,2000,8.95
165,2,11,474,2001,9.51
165,2,11,474,2002,10.03
165,2,11,474,2003,10.52
165,2,11,474,2004,11.1
165,2,11,474,2005,11.78
165,2,11,474,2006,12.62
165,2,11,474,2007,13.09
165,2,11,474,2008,13.61
165,2,11,474,2009,14.07
165,2,11,474,2010,14.55
165,2,11,474,2011,15.17
165,2,11,474,2012,15.83
165,2,11,474,2013,16.51
165,2,11,474,2014,17.2
165,2,11,474,2015,17.68
165,2,11,474,2016,18.15
165,2,11,474,2017,18.49
165,2,12,474,1990,8.25
165,2,12,474,1991,8.75
165,2,12,474,1992,9.47
165,2,12,474,1993,10.16
165,2,12,474,1994,10.74
165,2,12,474,1995,11.36
165,2,12,474,1996,12.26
165,2,12,474,1997,12.65
165,2,12,474,1998,13.19
165,2,12,474,1999,13.67
165,2,12,474,2000,14.07
165,2,12,474,2001,14.7
165,2,12,474,2002,15.3
165,2,12,474,2003,15.89
165,2,12,474,2004,16.68
165,2,12,474,2005,17.72
165,2,12,474,2006,19.02
165,2,12,474,2007,20
165,2,12,474,2008,21.14
165,2,12,474,2009,22.19
165,2,12,474,2010,23.17
165,2,12,474,2011,24.16
165,2,12,474,2012,25.1
165,2,12,474,2013,26.03
165,2,12,474,2014,27
165,2,12,474,2015,27.83
165,2,12,474,2016,28.71
165,2,12,474,2017,29.57
165,2,13,474,1990,14.46
165,2,13,474,1991,16.37
165,2,13,474,1992,17.52
165,2,13,474,1993,18.21
165,2,13,474,1994,18.88
165,2,13,474,1995,19.97
165,2,13,474,1996,21.28
165,2,13,474,1997,21.9
165,2,13,474,1998,23.11
165,2,13,474,1999,23.92
165,2,13,474,2000,24.42
165,2,13,474,2001,25.15
165,2,13,474,2002,25.72
165,2,13,474,2003,26.22
165,2,13,474,2004,26.95
165,2,13,474,2005,27.98
165,2,13,474,2006,29.28
165,2,13,474,2007,30.16
165,2,13,474,2008,31.33
165,2,13,474,2009,32.65
165,2,13,474,2010,34.14
165,2,13,474,2011,35.91
165,2,13,474,2012,37.79
165,2,13,474,2013,39.74
165,2,13,474,2014,41.62
165,2,13,474,2015,43.27
165,2,13,474,2016,44.7
165,2,13,474,2017,45.9
165,2,14,474,1990,19.07
165,2,14,474,1991,17.09
165,2,14,474,1992,16.33
165,2,14,474,1993,17.36
165,2,14,474,1994,18.48
165,2,14,474,1995,19.13
165,2,14,474,1996,20.26
165,2,14,474,1997,21.5
165,2,14,474,1998,23.04
165,2,14,474,1999,23.76
165,2,14,474,2000,24.13
165,2,14,474,2001,25.12
165,2,14,474,2002,26.07
165,2,14,474,2003,27.08
165,2,14,474,2004,28.07
165,2,14,474,2005,29.1
165,2,14,474,2006,30.12
165,2,14,474,2007,30.73
165,2,14,474,2008,31.53
165,2,14,474,2009,32.38
165,2,14,474,2010,33.36
165,2,14,474,2011,34.51
165,2,14,474,2012,35.8
165,2,14,474,2013,37.21
165,2,14,474,2014,38.81
165,2,14,474,2015,40.57
165,2,14,474,2016,42.49
165,2,14,474,2017,44.54
165,2,15,474,1990,34.12
165,2,15,474,1991,37.59
165,2,15,474,1992,41.33
165,2,15,474,1993,44.89
165,2,15,474,1994,47.28
165,2,15,474,1995,47.35
165,2,15,474,1996,50.05
165,2,15,474,1997,51.53
165,2,15,474,1998,50.77
165,2,15,474,1999,51.62
165,2,15,474,2000,52.75
165,2,15,474,2001,54.12
165,2,15,474,2002,55.74
165,2,15,474,2003,57.62
165,2,15,474,2004,59.28
165,2,15,474,2005,60.64
165,2,15,474,2006,62.64
165,2,15,474,2007,64.3
165,2,15,474,2008,66.66
165,2,15,474,2009,68.82
165,2,15,474,2010,70.78
165,2,15,474,2011,72.64
165,2,15,474,2012,74.46
165,2,15,474,2013,76.32
165,2,15,474,2014,78.39
165,2,15,474,2015,80.63
165,2,15,474,2016,83.18
165,2,15,474,2017,85.97
165,2,16,474,1990,36.82
165,2,16,474,1991,39.79
165,2,16,474,1992,41.92
165,2,16,474,1993,45.2
165,2,16,474,1994,48.12
165,2,16,474,1995,49.13
165,2,16,474,1996,51.33
165,2,16,474,1997,53.37
165,2,16,474,1998,54.3
165,2,16,474,1999,55.44
165,2,16,474,2000,56.11
165,2,16,474,2001,57.79
165,2,16,474,2002,59.09
165,2,16,474,2003,59.63
165,2,16,474,2004,61.08
165,2,16,474,2005,63.42
165,2,16,474,2006,65.13
165,2,16,474,2007,66.82
165,2,16,474,2008,69.52
165,2,16,474,2009,71.71
165,2,16,474,2010,73.51
165,2,16,474,2011,76.25
165,2,16,474,2012,79.32
165,2,16,474,2013,82.62
165,2,16,474,2014,85.77
165,2,16,474,2015,88.5
165,2,16,474,2016,91
165,2,16,474,2017,93.34
165,2,17,474,1990,72.12
165,2,17,474,1991,81.8
165,2,17,474,1992,86.44
165,2,17,474,1993,88.74
165,2,17,474,1994,92.21
165,2,17,474,1995,97.91
165,2,17,474,1996,102.73
165,2,17,474,1997,105.25
165,2,17,474,1998,110.07
165,2,17,474,1999,112.91
165,2,17,474,2000,114.17
165,2,17,474,2001,116.34
165,2,17,474,2002,118.24
165,2,17,474,2003,120
165,2,17,474,2004,122.51
165,2,17,474,2005,125.03
165,2,17,474,2006,128.45
165,2,17,474,2007,130.64
165,2,17,474,2008,132.1
165,2,17,474,2009,135.04
165,2,17,474,2010,139.89
165,2,17,474,2011,143.59
165,2,17,474,2012,148.63
165,2,17,474,2013,155.02
165,2,17,474,2014,160.45
165,2,17,474,2015,164.37
165,2,17,474,2016,170.14
165,2,17,474,2017,176.41
165,2,18,474,1990,82.11
165,2,18,474,1991,90.98
165,2,18,474,1992,91.59
165,2,18,474,1993,93.51
165,2,18,474,1994,98
165,2,18,474,1995,103.09
165,2,18,474,1996,107.39
165,2,18,474,1997,112.01
165,2,18,474,1998,116.92
165,2,18,474,1999,120.14
165,2,18,474,2000,121.86
165,2,18,474,2001,125.13
165,2,18,474,2002,128.42
165,2,18,474,2003,131.97
165,2,18,474,2004,136.15
165,2,18,474,2005,140.23
165,2,18,474,2006,144.01
165,2,18,474,2007,147.35
165,2,18,474,2008,151.43
165,2,18,474,2009,155.59
165,2,18,474,2010,159.81
165,2,18,474,2011,164.88
165,2,18,474,2012,169.41
165,2,18,474,2013,172
165,2,18,474,2014,176.74
165,2,18,474,2015,183.43
165,2,18,474,2016,188.53
165,2,18,474,2017,195.15
165,2,19,474,1990,106.93
165,2,19,474,1991,118.8
165,2,19,474,1992,121.49
165,2,19,474,1993,122.02
165,2,19,474,1994,124.98
165,2,19,474,1995,130.32
165,2,19,474,1996,133.94
165,2,19,474,1997,135.95
165,2,19,474,1998,139.53
165,2,19,474,1999,142.86
165,2,19,474,2000,145.36
165,2,19,474,2001,150.5
165,2,19,474,2002,155.22
165,2,19,474,2003,160.16
165,2,19,474,2004,164.84
165,2,19,474,2005,169.81
165,2,19,474,2006,175.45
165,2,19,474,2007,180.8
165,2,19,474,2008,188.01
165,2,19,474,2009,195.27
165,2,19,474,2010,202.11
165,2,19,474,2011,208.07
165,2,19,474,2012,214.61
165,2,19,474,2013,220.94
165,2,19,474,2014,227.76
165,2,19,474,2015,233.55
165,2,19,474,2016,240.84
165,2,19,474,2017,247.26
165,2,20,474,1990,91.9
165,2,20,474,1991,101.69
165,2,20,474,1992,99.36
165,2,20,474,1993,94.41
165,2,20,474,1994,94.67
165,2,20,474,1995,101.81
165,2,20,474,1996,102.89
165,2,20,474,1997,102.76
165,2,20,474,1998,107.21
165,2,20,474,1999,107.82
165,2,20,474,2000,107.33
165,2,20,474,2001,108.62
165,2,20,474,2002,110.07
165,2,20,474,2003,113.17
165,2,20,474,2004,118.32
165,2,20,474,2005,124.4
165,2,20,474,2006,130.9
165,2,20,474,2007,136.58
165,2,20,474,2008,143.24
165,2,20,474,2009,149.15
165,2,20,474,2010,155.01
165,2,20,474,2011,160.98
165,2,20,474,2012,168.06
165,2,20,474,2013,175.9
165,2,20,474,2014,184.04
165,2,20,474,2015,190.78
165,2,20,474,2016,197.04
165,2,20,474,2017,203.56
165,2,22,474,1990,635.85
165,2,22,474,1991,692.05
165,2,22,474,1992,706.27
165,2,22,474,1993,717.74
165,2,22,474,1994,742.03
165,2,22,474,1995,777.66
165,2,22,474,1996,805.51
165,2,22,474,1997,822.36
165,2,22,474,1998,849.11
165,2,22,474,1999,864.14
165,2,22,474,2000,870.52
165,2,22,474,2001,888.7
165,2,22,474,2002,905.83
165,2,22,474,2003,927
165,2,22,474,2004,954.87
165,2,22,474,2005,987.06
165,2,22,474,2006,1023.92
165,2,22,474,2007,1055.5
165,2,22,474,2008,1094.68
165,2,22,474,2009,1135.21
165,2,22,474,2010,1177.92
165,2,22,474,2011,1221.71
165,2,22,474,2012,1268.94
165,2,22,474,2013,1317.23
165,2,22,474,2014,1368.4
165,2,22,474,2015,1415.77
165,2,22,474,2016,1465.42
165,2,22,474,2017,1516.6
165,2,30,474,1990,92.48
165,2,30,474,1991,97.63
165,2,30,474,1992,96.95
165,2,30,474,1993,97.15
165,2,30,474,1994,99.22
165,2,30,474,1995,102.76
165,2,30,474,1996,104.02
165,2,30,474,1997,103.72
165,2,30,474,1998,105.2
165,2,30,474,1999,104.34
165,2,30,474,2000,102.33
165,2,30,474,2001,102.25
165,2,30,474,2002,102.16
165,2,30,474,2003,103.41
165,2,30,474,2004,105.91
165,2,30,474,2005,109.55
165,2,30,474,2006,114.18
165,2,30,474,2007,118.87
165,2,30,474,2008,124.89
165,2,30,474,2009,132.03
165,2,30,474,2010,139.91
165,2,30,474,2011,147.99
165,2,30,474,2012,156.04
165,2,30,474,2013,164.31
165,2,30,474,2014,172.05
165,2,30,474,2015,178.84
165,2,30,474,2016,186.06
165,2,30,474,2017,194.13
165,2,31,474,1990,43.56
165,2,31,474,1991,44.78
165,2,31,474,1992,45.53
165,2,31,474,1993,47.16
165,2,31,474,1994,49.62
165,2,31,474,1995,52.56
165,2,31,474,1996,54.64
165,2,31,474,1997,55.57
165,2,31,474,1998,56.83
165,2,31,474,1999,56.74
165,2,31,474,2000,55.71
165,2,31,474,2001,54.93
165,2,31,474,2002,54.25
165,2,31,474,2003,54.64
165,2,31,474,2004,55.71
165,2,31,474,2005,57.28
165,2,31,474,2006,59.27
165,2,31,474,2007,61.37
165,2,31,474,2008,63.96
165,2,31,474,2009,66.73
165,2,31,474,2010,69.84
165,2,31,474,2011,73.29
165,2,31,474,2012,77.07
165,2,31,474,2013,81.23
165,2,31,474,2014,86.28
165,2,31,474,2015,91.55
165,2,31,474,2016,97.04
165,2,31,474,2017,102.17
165,2,32,474,1990,14.43
165,2,32,474,1991,14.81
165,2,32,474,1992,15.1
165,2,32,474,1993,15.1
165,2,32,474,1994,15.15
165,2,32,474,1995,15.42
165,2,32,474,1996,15.73
165,2,32,474,1997,16.4
165,2,32,474,1998,17.28
165,2,32,474,1999,17.92
165,2,32,474,2000,18.25
165,2,32,474,2001,18.46
165,2,32,474,2002,18.47
165,2,32,474,2003,18.75
165,2,32,474,2004,19.18
165,2,32,474,2005,19.61
165,2,32,474,2006,20.18
165,2,32,474,2007,20.81
165,2,32,474,2008,21.58
165,2,32,474,2009,22.45
165,2,32,474,2010,23.4
165,2,32,474,2011,24.39
165,2,32,474,2012,25.48
165,2,32,474,2013,26.68
165,2,32,474,2014,28.02
165,2,32,474,2015,29.4
165,2,32,474,2016,31
165,2,32,474,2017,32.69
165,2,235,474,1990,2.43
165,2,235,474,1991,2.65
165,2,235,474,1992,2.81
165,2,235,474,1993,2.9
165,2,235,474,1994,2.99
165,2,235,474,1995,3.09
165,2,235,474,1996,3.16
165,2,235,474,1997,3.27
165,2,235,474,1998,3.31
165,2,235,474,1999,3.3
165,2,235,474,2000,3.26
165,2,235,474,2001,3.27
165,2,235,474,2002,3.38
165,2,235,474,2003,3.5
165,2,235,474,2004,3.67
165,2,235,474,2005,3.83
165,2,235,474,2006,4.01
165,2,235,474,2007,4.19
165,2,235,474,2008,4.37
165,2,235,474,2009,4.57
165,2,235,474,2010,4.76
165,2,235,474,2011,4.95
165,2,235,474,2012,5.15
165,2,235,474,2013,5.36
165,2,235,474,2014,5.59
165,2,235,474,2015,5.83
165,2,235,474,2016,6.1
165,2,235,474,2017,6.38
168,2,8,474,1990,0.13
168,2,8,474,1991,0.14
168,2,8,474,1992,0.15
168,2,8,474,1993,0.16
168,2,8,474,1994,0.18
168,2,8,474,1995,0.18
168,2,8,474,1996,0.16
168,2,8,474,1997,0.16
168,2,8,474,1998,0.2
168,2,8,474,1999,0.19
168,2,8,474,2000,0.19
168,2,8,474,2001,0.19
168,2,8,474,2002,0.21
168,2,8,474,2003,0.22
168,2,8,474,2004,0.24
168,2,8,474,2005,0.24
168,2,8,474,2006,0.24
168,2,8,474,2007,0.25
168,2,8,474,2008,0.25
168,2,8,474,2009,0.24
168,2,8,474,2010,0.25
168,2,8,474,2011,0.24
168,2,8,474,2012,0.23
168,2,8,474,2013,0.23
168,2,8,474,2014,0.23
168,2,8,474,2015,0.23
168,2,8,474,2016,0.22
168,2,8,474,2017,0.23
168,2,9,474,1990,0.22
168,2,9,474,1991,0.22
168,2,9,474,1992,0.23
168,2,9,474,1993,0.25
168,2,9,474,1994,0.27
168,2,9,474,1995,0.28
168,2,9,474,1996,0.26
168,2,9,474,1997,0.27
168,2,9,474,1998,0.33
168,2,9,474,1999,0.32
168,2,9,474,2000,0.32
168,2,9,474,2001,0.32
168,2,9,474,2002,0.32
168,2,9,474,2003,0.33
168,2,9,474,2004,0.35
168,2,9,474,2005,0.35
168,2,9,474,2006,0.36
168,2,9,474,2007,0.36
168,2,9,474,2008,0.37
168,2,9,474,2009,0.38
168,2,9,474,2010,0.38
168,2,9,474,2011,0.37
168,2,9,474,2012,0.36
168,2,9,474,2013,0.35
168,2,9,474,2014,0.34
168,2,9,474,2015,0.33
168,2,9,474,2016,0.32
168,2,9,474,2017,0.33
168,2,10,474,1990,0.37
168,2,10,474,1991,0.38
168,2,10,474,1992,0.4
168,2,10,474,1993,0.43
168,2,10,474,1994,0.45
168,2,10,474,1995,0.45
168,2,10,474,1996,0.42
168,2,10,474,1997,0.43
168,2,10,474,1998,0.51
168,2,10,474,1999,0.5
168,2,10,474,2000,0.51
168,2,10,474,2001,0.52
168,2,10,474,2002,0.56
168,2,10,474,2003,0.58
168,2,10,474,2004,0.61
168,2,10,474,2005,0.6
168,2,10,474,2006,0.59
168,2,10,474,2007,0.58
168,2,10,474,2008,0.58
168,2,10,474,2009,0.58
168,2,10,474,2010,0.59
168,2,10,474,2011,0.58
168,2,10,474,2012,0.58
168,2,10,474,2013,0.57
168,2,10,474,2014,0.57
168,2,10,474,2015,0.57
168,2,10,474,2016,0.55
168,2,10,474,2017,0.56
168,2,11,474,1990,0.65
168,2,11,474,1991,0.69
168,2,11,474,1992,0.73
168,2,11,474,1993,0.8
168,2,11,474,1994,0.85
168,2,11,474,1995,0.86
168,2,11,474,1996,0.81
168,2,11,474,1997,0.81
168,2,11,474,1998,0.96
168,2,11,474,1999,0.92
168,2,11,474,2000,0.92
168,2,11,474,2001,0.9
168,2,11,474,2002,0.93
168,2,11,474,2003,0.95
168,2,11,474,2004,0.99
168,2,11,474,2005,0.99
168,2,11,474,2006,1.01
168,2,11,474,2007,1.02
168,2,11,474,2008,1.04
168,2,11,474,2009,1.05
168,2,11,474,2010,1.05
168,2,11,474,2011,1.01
168,2,11,474,2012,0.97
168,2,11,474,2013,0.94
168,2,11,474,2014,0.91
168,2,11,474,2015,0.92
168,2,11,474,2016,0.92
168,2,11,474,2017,0.97
168,2,12,474,1990,1.02
168,2,12,474,1991,1.05
168,2,12,474,1992,1.09
168,2,12,474,1993,1.16
168,2,12,474,1994,1.24
168,2,12,474,1995,1.28
168,2,12,474,1996,1.27
168,2,12,474,1997,1.31
168,2,12,474,1998,1.53
168,2,12,474,1999,1.52
168,2,12,474,2000,1.51
168,2,12,474,2001,1.49
168,2,12,474,2002,1.54
168,2,12,474,2003,1.56
168,2,12,474,2004,1.58
168,2,12,474,2005,1.56
168,2,12,474,2006,1.55
168,2,12,474,2007,1.55
168,2,12,474,2008,1.59
168,2,12,474,2009,1.62
168,2,12,474,2010,1.67
168,2,12,474,2011,1.68
168,2,12,474,2012,1.68
168,2,12,474,2013,1.69
168,2,12,474,2014,1.66
168,2,12,474,2015,1.64
168,2,12,474,2016,1.61
168,2,12,474,2017,1.63
168,2,13,474,1990,1.35
168,2,13,474,1991,1.45
168,2,13,474,1992,1.58
168,2,13,474,1993,1.73
168,2,13,474,1994,1.9
168,2,13,474,1995,1.92
168,2,13,474,1996,1.86
168,2,13,474,1997,1.87
168,2,13,474,1998,2.13
168,2,13,474,1999,2.11
168,2,13,474,2000,2.15
168,2,13,474,2001,2.17
168,2,13,474,2002,2.29
168,2,13,474,2003,2.4
168,2,13,474,2004,2.5
168,2,13,474,2005,2.5
168,2,13,474,2006,2.5
168,2,13,474,2007,2.48
168,2,13,474,2008,2.53
168,2,13,474,2009,2.55
168,2,13,474,2010,2.59
168,2,13,474,2011,2.53
168,2,13,474,2012,2.49
168,2,13,474,2013,2.47
168,2,13,474,2014,2.43
168,2,13,474,2015,2.49
168,2,13,474,2016,2.56
168,2,13,474,2017,2.72
168,2,14,474,1990,2.17
168,2,14,474,1991,2.2
168,2,14,474,1992,2.23
168,2,14,474,1993,2.29
168,2,14,474,1994,2.34
168,2,14,474,1995,2.51
168,2,14,474,1996,2.55
168,2,14,474,1997,2.71
168,2,14,474,1998,3.16
168,2,14,474,1999,3.27
168,2,14,474,2000,3.26
168,2,14,474,2001,3.26
168,2,14,474,2002,3.36
168,2,14,474,2003,3.48
168,2,14,474,2004,3.64
168,2,14,474,2005,3.75
168,2,14,474,2006,3.91
168,2,14,474,2007,4.06
168,2,14,474,2008,4.29
168,2,14,474,2009,4.46
168,2,14,474,2010,4.59
168,2,14,474,2011,4.5
168,2,14,474,2012,4.39
168,2,14,474,2013,4.31
168,2,14,474,2014,4.15
168,2,14,474,2015,4.13
168,2,14,474,2016,4.13
168,2,14,474,2017,4.28
168,2,15,474,1990,3.55
168,2,15,474,1991,3.72
168,2,15,474,1992,3.91
168,2,15,474,1993,4.16
168,2,15,474,1994,4.35
168,2,15,474,1995,4.27
168,2,15,474,1996,4.11
168,2,15,474,1997,4.04
168,2,15,474,1998,4.36
168,2,15,474,1999,4.23
168,2,15,474,2000,4.52
168,2,15,474,2001,4.74
168,2,15,474,2002,5.1
168,2,15,474,2003,5.52
168,2,15,474,2004,5.93
168,2,15,474,2005,6.01
168,2,15,474,2006,6.14
168,2,15,474,2007,6.26
168,2,15,474,2008,6.54
168,2,15,474,2009,6.83
168,2,15,474,2010,7.2
168,2,15,474,2011,7.3
168,2,15,474,2012,7.42
168,2,15,474,2013,7.55
168,2,15,474,2014,7.49
168,2,15,474,2015,7.55
168,2,15,474,2016,7.55
168,2,15,474,2017,7.77
168,2,16,474,1990,4.52
168,2,16,474,1991,4.62
168,2,16,474,1992,4.78
168,2,16,474,1993,5.02
168,2,16,474,1994,5.28
168,2,16,474,1995,5.58
168,2,16,474,1996,5.64
168,2,16,474,1997,5.88
168,2,16,474,1998,6.48
168,2,16,474,1999,6.56
168,2,16,474,2000,6.41
168,2,16,474,2001,6.31
168,2,16,474,2002,6.32
168,2,16,474,2003,6.35
168,2,16,474,2004,6.35
168,2,16,474,2005,6.81
168,2,16,474,2006,7.33
168,2,16,474,2007,7.85
168,2,16,474,2008,8.51
168,2,16,474,2009,9.18
168,2,16,474,2010,9.46
168,2,16,474,2011,9.25
168,2,16,474,2012,9.12
168,2,16,474,2013,9.07
168,2,16,474,2014,8.98
168,2,16,474,2015,9.18
168,2,16,474,2016,9.45
168,2,16,474,2017,10.06
168,2,17,474,1990,6.08
168,2,17,474,1991,6.24
168,2,17,474,1992,6.41
168,2,17,474,1993,6.64
168,2,17,474,1994,6.82
168,2,17,474,1995,6.91
168,2,17,474,1996,6.89
168,2,17,474,1997,7.05
168,2,17,474,1998,7.58
168,2,17,474,1999,7.79
168,2,17,474,2000,8.28
168,2,17,474,2001,8.52
168,2,17,474,2002,8.98
168,2,17,474,2003,9.47
168,2,17,474,2004,9.81
168,2,17,474,2005,9.66
168,2,17,474,2006,9.72
168,2,17,474,2007,9.63
168,2,17,474,2008,9.66
168,2,17,474,2009,9.64
168,2,17,474,2010,10.46
168,2,17,474,2011,10.78
168,2,17,474,2012,11.15
168,2,17,474,2013,11.56
168,2,17,474,2014,11.81
168,2,17,474,2015,11.81
168,2,17,474,2016,11.79
168,2,17,474,2017,12.18
168,2,18,474,1990,7.34
168,2,18,474,1991,7.62
168,2,18,474,1992,7.94
168,2,18,474,1993,8.3
168,2,18,474,1994,8.65
168,2,18,474,1995,8.85
168,2,18,474,1996,8.84
168,2,18,474,1997,9.03
168,2,18,474,1998,9.61
168,2,18,474,1999,9.73
168,2,18,474,2000,9.82
168,2,18,474,2001,9.87
168,2,18,474,2002,10.16
168,2,18,474,2003,10.6
168,2,18,474,2004,11.1
168,2,18,474,2005,11.79
168,2,18,474,2006,12.4
168,2,18,474,2007,12.99
168,2,18,474,2008,13.7
168,2,18,474,2009,14.19
168,2,18,474,2010,14.06
168,2,18,474,2011,13.45
168,2,18,474,2012,12.8
168,2,18,474,2013,12.25
168,2,18,474,2014,11.59
168,2,18,474,2015,12.2
168,2,18,474,2016,12.85
168,2,18,474,2017,13.97
168,2,19,474,1990,7.08
168,2,19,474,1991,7.38
168,2,19,474,1992,7.7
168,2,19,474,1993,8.1
168,2,19,474,1994,8.48
168,2,19,474,1995,8.78
168,2,19,474,1996,8.94
168,2,19,474,1997,9.24
168,2,19,474,1998,9.9
168,2,19,474,1999,10.1
168,2,19,474,2000,10.3
168,2,19,474,2001,10.41
168,2,19,474,2002,10.71
168,2,19,474,2003,11.01
168,2,19,474,2004,11.3
168,2,19,474,2005,11.5
168,2,19,474,2006,11.82
168,2,19,474,2007,12.16
168,2,19,474,2008,12.72
168,2,19,474,2009,13.37
168,2,19,474,2010,14.44
168,2,19,474,2011,14.6
168,2,19,474,2012,14.84
168,2,19,474,2013,15.08
168,2,19,474,2014,14.98
168,2,19,474,2015,14.49
168,2,19,474,2016,14.23
168,2,19,474,2017,14.3
168,2,20,474,1990,6.19
168,2,20,474,1991,6.42
168,2,20,474,1992,6.67
168,2,20,474,1993,6.95
168,2,20,474,1994,7.24
168,2,20,474,1995,7.47
168,2,20,474,1996,7.71
168,2,20,474,1997,8.03
168,2,20,474,1998,8.61
168,2,20,474,1999,8.94
168,2,20,474,2000,9.27
168,2,20,474,2001,9.55
168,2,20,474,2002,9.96
168,2,20,474,2003,10.41
168,2,20,474,2004,10.82
168,2,20,474,2005,11.15
168,2,20,474,2006,11.45
168,2,20,474,2007,11.7
168,2,20,474,2008,12.06
168,2,20,474,2009,12.4
168,2,20,474,2010,12.75
168,2,20,474,2011,12.54
168,2,20,474,2012,12.46
168,2,20,474,2013,12.57
168,2,20,474,2014,12.75
168,2,20,474,2015,13.52
168,2,20,474,2016,14.13
168,2,20,474,2017,15.21
168,2,22,474,1990,46.69
168,2,22,474,1991,48.42
168,2,22,474,1992,50.4
168,2,22,474,1993,52.86
168,2,22,474,1994,55.2
168,2,22,474,1995,56.75
168,2,22,474,1996,57.14
168,2,22,474,1997,58.87
168,2,22,474,1998,63.87
168,2,22,474,1999,65.02
168,2,22,474,2000,66.62
168,2,22,474,2001,67.84
168,2,22,474,2002,70.54
168,2,22,474,2003,73.55
168,2,22,474,2004,76.46
168,2,22,474,2005,78.67
168,2,22,474,2006,81.38
168,2,22,474,2007,83.86
168,2,22,474,2008,87.53
168,2,22,474,2009,90.88
168,2,22,474,2010,94.63
168,2,22,474,2011,93.92
168,2,22,474,2012,93.65
168,2,22,474,2013,93.97
168,2,22,474,2014,93.37
168,2,22,474,2015,94.9
168,2,22,474,2016,96.63
168,2,22,474,2017,101.55
168,2,30,474,1990,3.85
168,2,30,474,1991,4.02
168,2,30,474,1992,4.21
168,2,30,474,1993,4.41
168,2,30,474,1994,4.61
168,2,30,474,1995,4.79
168,2,30,474,1996,4.94
168,2,30,474,1997,5.14
168,2,30,474,1998,5.44
168,2,30,474,1999,5.63
168,2,30,474,2000,5.83
168,2,30,474,2001,6.09
168,2,30,474,2002,6.43
168,2,30,474,2003,6.82
168,2,30,474,2004,7.21
168,2,30,474,2005,7.55
168,2,30,474,2006,7.9
168,2,30,474,2007,8.24
168,2,30,474,2008,8.66
168,2,30,474,2009,9.05
168,2,30,474,2010,9.47
168,2,30,474,2011,9.39
168,2,30,474,2012,9.34
168,2,30,474,2013,9.37
168,2,30,474,2014,9.36
168,2,30,474,2015,9.49
168,2,30,474,2016,9.72
168,2,30,474,2017,10.29
168,2,31,474,1990,1.65
168,2,31,474,1991,1.72
168,2,31,474,1992,1.78
168,2,31,474,1993,1.84
168,2,31,474,1994,1.91
168,2,31,474,1995,1.99
168,2,31,474,1996,2.08
168,2,31,474,1997,2.2
168,2,31,474,1998,2.35
168,2,31,474,1999,2.46
168,2,31,474,2000,2.56
168,2,31,474,2001,2.67
168,2,31,474,2002,2.81
168,2,31,474,2003,2.95
168,2,31,474,2004,3.09
168,2,31,474,2005,3.23
168,2,31,474,2006,3.42
168,2,31,474,2007,3.62
168,2,31,474,2008,3.84
168,2,31,474,2009,4.07
168,2,31,474,2010,4.32
168,2,31,474,2011,4.36
168,2,31,474,2012,4.42
168,2,31,474,2013,4.52
168,2,31,474,2014,4.62
168,2,31,474,2015,4.76
168,2,31,474,2016,4.92
168,2,31,474,2017,5.23
168,2,32,474,1990,0.45
168,2,32,474,1991,0.47
168,2,32,474,1992,0.49
168,2,32,474,1993,0.5
168,2,32,474,1994,0.52
168,2,32,474,1995,0.54
168,2,32,474,1996,0.56
168,2,32,474,1997,0.58
168,2,32,474,1998,0.61
168,2,32,474,1999,0.63
168,2,32,474,2000,0.65
168,2,32,474,2001,0.68
168,2,32,474,2002,0.72
168,2,32,474,2003,0.77
168,2,32,474,2004,0.81
168,2,32,474,2005,0.85
168,2,32,474,2006,0.9
168,2,32,474,2007,0.95
168,2,32,474,2008,1.01
168,2,32,474,2009,1.07
168,2,32,474,2010,1.13
168,2,32,474,2011,1.16
168,2,32,474,2012,1.2
168,2,32,474,2013,1.24
168,2,32,474,2014,1.28
168,2,32,474,2015,1.35
168,2,32,474,2016,1.42
168,2,32,474,2017,1.55
168,2,235,474,1990,0.09
168,2,235,474,1991,0.09
168,2,235,474,1992,0.09
168,2,235,474,1993,0.1
168,2,235,474,1994,0.1
168,2,235,474,1995,0.1
168,2,235,474,1996,0.11
168,2,235,474,1997,0.11
168,2,235,474,1998,0.12
168,2,235,474,1999,0.12
168,2,235,474,2000,0.12
168,2,235,474,2001,0.12
168,2,235,474,2002,0.13
168,2,235,474,2003,0.14
168,2,235,474,2004,0.14
168,2,235,474,2005,0.15
168,2,235,474,2006,0.16
168,2,235,474,2007,0.16
168,2,235,474,2008,0.17
168,2,235,474,2009,0.18
168,2,235,474,2010,0.19
168,2,235,474,2011,0.2
168,2,235,474,2012,0.2
168,2,235,474,2013,0.21
168,2,235,474,2014,0.22
168,2,235,474,2015,0.23
168,2,235,474,2016,0.25
168,2,235,474,2017,0.27
169,2,8,474,1990,0.02
169,2,8,474,1991,0.02
169,2,8,474,1992,0.02
169,2,8,474,1993,0.02
169,2,8,474,1994,0.02
169,2,8,474,1995,0.02
169,2,8,474,1996,0.03
169,2,8,474,1997,0.03
169,2,8,474,1998,0.03
169,2,8,474,1999,0.03
169,2,8,474,2000,0.03
169,2,8,474,2001,0.03
169,2,8,474,2002,0.03
169,2,8,474,2003,0.03
169,2,8,474,2004,0.03
169,2,8,474,2005,0.03
169,2,8,474,2006,0.03
169,2,8,474,2007,0.03
169,2,8,474,2008,0.03
169,2,8,474,2009,0.03
169,2,8,474,2010,0.03
169,2,8,474,2011,0.03
169,2,8,474,2012,0.03
169,2,8,474,2013,0.03
169,2,8,474,2014,0.03
169,2,8,474,2015,0.03
169,2,8,474,2016,0.03
169,2,8,474,2017,0.03
169,2,9,474,1990,0.03
169,2,9,474,1991,0.04
169,2,9,474,1992,0.04
169,2,9,474,1993,0.04
169,2,9,474,1994,0.04
169,2,9,474,1995,0.04
169,2,9,474,1996,0.04
169,2,9,474,1997,0.04
169,2,9,474,1998,0.04
169,2,9,474,1999,0.04
169,2,9,474,2000,0.04
169,2,9,474,2001,0.04
169,2,9,474,2002,0.04
169,2,9,474,2003,0.04
169,2,9,474,2004,0.04
169,2,9,474,2005,0.05
169,2,9,474,2006,0.05
169,2,9,474,2007,0.05
169,2,9,474,2008,0.04
169,2,9,474,2009,0.05
169,2,9,474,2010,0.05
169,2,9,474,2011,0.05
169,2,9,474,2012,0.05
169,2,9,474,2013,0.05
169,2,9,474,2014,0.04
169,2,9,474,2015,0.04
169,2,9,474,2016,0.05
169,2,9,474,2017,0.05
169,2,10,474,1990,0.06
169,2,10,474,1991,0.06
169,2,10,474,1992,0.06
169,2,10,474,1993,0.07
169,2,10,474,1994,0.07
169,2,10,474,1995,0.07
169,2,10,474,1996,0.07
169,2,10,474,1997,0.07
169,2,10,474,1998,0.07
169,2,10,474,1999,0.08
169,2,10,474,2000,0.07
169,2,10,474,2001,0.07
169,2,10,474,2002,0.08
169,2,10,474,2003,0.07
169,2,10,474,2004,0.07
169,2,10,474,2005,0.08
169,2,10,474,2006,0.08
169,2,10,474,2007,0.07
169,2,10,474,2008,0.07
169,2,10,474,2009,0.07
169,2,10,474,2010,0.08
169,2,10,474,2011,0.08
169,2,10,474,2012,0.08
169,2,10,474,2013,0.08
169,2,10,474,2014,0.07
169,2,10,474,2015,0.07
169,2,10,474,2016,0.07
169,2,10,474,2017,0.07
169,2,11,474,1990,0.11
169,2,11,474,1991,0.11
169,2,11,474,1992,0.12
169,2,11,474,1993,0.13
169,2,11,474,1994,0.13
169,2,11,474,1995,0.13
169,2,11,474,1996,0.13
169,2,11,474,1997,0.13
169,2,11,474,1998,0.14
169,2,11,474,1999,0.15
169,2,11,474,2000,0.14
169,2,11,474,2001,0.14
169,2,11,474,2002,0.14
169,2,11,474,2003,0.14
169,2,11,474,2004,0.14
169,2,11,474,2005,0.14
169,2,11,474,2006,0.14
169,2,11,474,2007,0.14
169,2,11,474,2008,0.14
169,2,11,474,2009,0.14
169,2,11,474,2010,0.15
169,2,11,474,2011,0.15
169,2,11,474,2012,0.15
169,2,11,474,2013,0.15
169,2,11,474,2014,0.14
169,2,11,474,2015,0.14
169,2,11,474,2016,0.14
169,2,11,474,2017,0.14
169,2,12,474,1990,0.16
169,2,12,474,1991,0.17
169,2,12,474,1992,0.18
169,2,12,474,1993,0.19
169,2,12,474,1994,0.2
169,2,12,474,1995,0.2
169,2,12,474,1996,0.21
169,2,12,474,1997,0.22
169,2,12,474,1998,0.23
169,2,12,474,1999,0.23
169,2,12,474,2000,0.23
169,2,12,474,2001,0.23
169,2,12,474,2002,0.23
169,2,12,474,2003,0.23
169,2,12,474,2004,0.23
169,2,12,474,2005,0.24
169,2,12,474,2006,0.24
169,2,12,474,2007,0.23
169,2,12,474,2008,0.23
169,2,12,474,2009,0.23
169,2,12,474,2010,0.24
169,2,12,474,2011,0.25
169,2,12,474,2012,0.24
169,2,12,474,2013,0.25
169,2,12,474,2014,0.24
169,2,12,474,2015,0.25
169,2,12,474,2016,0.25
169,2,12,474,2017,0.25
169,2,13,474,1990,0.28
169,2,13,474,1991,0.29
169,2,13,474,1992,0.29
169,2,13,474,1993,0.32
169,2,13,474,1994,0.32
169,2,13,474,1995,0.33
169,2,13,474,1996,0.35
169,2,13,474,1997,0.35
169,2,13,474,1998,0.38
169,2,13,474,1999,0.39
169,2,13,474,2000,0.39
169,2,13,474,2001,0.39
169,2,13,474,2002,0.4
169,2,13,474,2003,0.4
169,2,13,474,2004,0.4
169,2,13,474,2005,0.4
169,2,13,474,2006,0.41
169,2,13,474,2007,0.41
169,2,13,474,2008,0.41
169,2,13,474,2009,0.41
169,2,13,474,2010,0.43
169,2,13,474,2011,0.44
169,2,13,474,2012,0.44
169,2,13,474,2013,0.44
169,2,13,474,2014,0.43
169,2,13,474,2015,0.44
169,2,13,474,2016,0.44
169,2,13,474,2017,0.44
169,2,14,474,1990,0.47
169,2,14,474,1991,0.47
169,2,14,474,1992,0.47
169,2,14,474,1993,0.49
169,2,14,474,1994,0.5
169,2,14,474,1995,0.5
169,2,14,474,1996,0.52
169,2,14,474,1997,0.53
169,2,14,474,1998,0.55
169,2,14,474,1999,0.57
169,2,14,474,2000,0.56
169,2,14,474,2001,0.58
169,2,14,474,2002,0.6
169,2,14,474,2003,0.61
169,2,14,474,2004,0.63
169,2,14,474,2005,0.64
169,2,14,474,2006,0.65
169,2,14,474,2007,0.65
169,2,14,474,2008,0.64
169,2,14,474,2009,0.65
169,2,14,474,2010,0.67
169,2,14,474,2011,0.69
169,2,14,474,2012,0.7
169,2,14,474,2013,0.71
169,2,14,474,2014,0.71
169,2,14,474,2015,0.71
169,2,14,474,2016,0.72
169,2,14,474,2017,0.72
169,2,15,474,1990,0.8
169,2,15,474,1991,0.8
169,2,15,474,1992,0.8
169,2,15,474,1993,0.83
169,2,15,474,1994,0.85
169,2,15,474,1995,0.85
169,2,15,474,1996,0.86
169,2,15,474,1997,0.86
169,2,15,474,1998,0.86
169,2,15,474,1999,0.87
169,2,15,474,2000,0.86
169,2,15,474,2001,0.87
169,2,15,474,2002,0.89
169,2,15,474,2003,0.91
169,2,15,474,2004,0.92
169,2,15,474,2005,0.94
169,2,15,474,2006,0.97
169,2,15,474,2007,0.99
169,2,15,474,2008,1
169,2,15,474,2009,1.04
169,2,15,474,2010,1.07
169,2,15,474,2011,1.1
169,2,15,474,2012,1.11
169,2,15,474,2013,1.13
169,2,15,474,2014,1.13
169,2,15,474,2015,1.14
169,2,15,474,2016,1.15
169,2,15,474,2017,1.16
169,2,16,474,1990,1.09
169,2,16,474,1991,1.11
169,2,16,474,1992,1.11
169,2,16,474,1993,1.17
169,2,16,474,1994,1.19
169,2,16,474,1995,1.18
169,2,16,474,1996,1.21
169,2,16,474,1997,1.2
169,2,16,474,1998,1.21
169,2,16,474,1999,1.22
169,2,16,474,2000,1.2
169,2,16,474,2001,1.19
169,2,16,474,2002,1.18
169,2,16,474,2003,1.17
169,2,16,474,2004,1.17
169,2,16,474,2005,1.19
169,2,16,474,2006,1.21
169,2,16,474,2007,1.23
169,2,16,474,2008,1.25
169,2,16,474,2009,1.27
169,2,16,474,2010,1.31
169,2,16,474,2011,1.36
169,2,16,474,2012,1.4
169,2,16,474,2013,1.44
169,2,16,474,2014,1.47
169,2,16,474,2015,1.49
169,2,16,474,2016,1.5
169,2,16,474,2017,1.51
169,2,17,474,1990,1.38
169,2,17,474,1991,1.41
169,2,17,474,1992,1.41
169,2,17,474,1993,1.48
169,2,17,474,1994,1.52
169,2,17,474,1995,1.56
169,2,17,474,1996,1.6
169,2,17,474,1997,1.62
169,2,17,474,1998,1.65
169,2,17,474,1999,1.65
169,2,17,474,2000,1.63
169,2,17,474,2001,1.62
169,2,17,474,2002,1.61
169,2,17,474,2003,1.61
169,2,17,474,2004,1.62
169,2,17,474,2005,1.63
169,2,17,474,2006,1.63
169,2,17,474,2007,1.61
169,2,17,474,2008,1.6
169,2,17,474,2009,1.62
169,2,17,474,2010,1.66
169,2,17,474,2011,1.69
169,2,17,474,2012,1.72
169,2,17,474,2013,1.75
169,2,17,474,2014,1.77
169,2,17,474,2015,1.81
169,2,17,474,2016,1.85
169,2,17,474,2017,1.91
169,2,18,474,1990,1.55
169,2,18,474,1991,1.57
169,2,18,474,1992,1.59
169,2,18,474,1993,1.66
169,2,18,474,1994,1.71
169,2,18,474,1995,1.74
169,2,18,474,1996,1.79
169,2,18,474,1997,1.82
169,2,18,474,1998,1.85
169,2,18,474,1999,1.88
169,2,18,474,2000,1.91
169,2,18,474,2001,1.94
169,2,18,474,2002,1.98
169,2,18,474,2003,2.02
169,2,18,474,2004,2.03
169,2,18,474,2005,2.04
169,2,18,474,2006,2.04
169,2,18,474,2007,2.03
169,2,18,474,2008,2.02
169,2,18,474,2009,2.04
169,2,18,474,2010,2.07
169,2,18,474,2011,2.07
169,2,18,474,2012,2.06
169,2,18,474,2013,2.05
169,2,18,474,2014,2.06
169,2,18,474,2015,2.09
169,2,18,474,2016,2.11
169,2,18,474,2017,2.15
169,2,19,474,1990,1.4
169,2,19,474,1991,1.43
169,2,19,474,1992,1.44
169,2,19,474,1993,1.5
169,2,19,474,1994,1.54
169,2,19,474,1995,1.57
169,2,19,474,1996,1.59
169,2,19,474,1997,1.6
169,2,19,474,1998,1.62
169,2,19,474,1999,1.63
169,2,19,474,2000,1.63
169,2,19,474,2001,1.65
169,2,19,474,2002,1.68
169,2,19,474,2003,1.71
169,2,19,474,2004,1.76
169,2,19,474,2005,1.82
169,2,19,474,2006,1.87
169,2,19,474,2007,1.92
169,2,19,474,2008,1.96
169,2,19,474,2009,1.98
169,2,19,474,2010,1.99
169,2,19,474,2011,2
169,2,19,474,2012,2.01
169,2,19,474,2013,2.02
169,2,19,474,2014,2.03
169,2,19,474,2015,2.05
169,2,19,474,2016,2.03
169,2,19,474,2017,2.02
169,2,20,474,1990,1.07
169,2,20,474,1991,1.12
169,2,20,474,1992,1.16
169,2,20,474,1993,1.21
169,2,20,474,1994,1.24
169,2,20,474,1995,1.25
169,2,20,474,1996,1.28
169,2,20,474,1997,1.3
169,2,20,474,1998,1.32
169,2,20,474,1999,1.32
169,2,20,474,2000,1.32
169,2,20,474,2001,1.32
169,2,20,474,2002,1.33
169,2,20,474,2003,1.34
169,2,20,474,2004,1.36
169,2,20,474,2005,1.39
169,2,20,474,2006,1.42
169,2,20,474,2007,1.44
169,2,20,474,2008,1.48
169,2,20,474,2009,1.53
169,2,20,474,2010,1.59
169,2,20,474,2011,1.65
169,2,20,474,2012,1.71
169,2,20,474,2013,1.77
169,2,20,474,2014,1.79
169,2,20,474,2015,1.8
169,2,20,474,2016,1.82
169,2,20,474,2017,1.83
169,2,22,474,1990,9.11
169,2,22,474,1991,9.34
169,2,22,474,1992,9.45
169,2,22,474,1993,9.93
169,2,22,474,1994,10.2
169,2,22,474,1995,10.36
169,2,22,474,1996,10.66
169,2,22,474,1997,10.76
169,2,22,474,1998,10.97
169,2,22,474,1999,11.1
169,2,22,474,2000,11.08
169,2,22,474,2001,11.15
169,2,22,474,2002,11.3
169,2,22,474,2003,11.41
169,2,22,474,2004,11.55
169,2,22,474,2005,11.74
169,2,22,474,2006,11.92
169,2,22,474,2007,12.01
169,2,22,474,2008,12.09
169,2,22,474,2009,12.31
169,2,22,474,2010,12.64
169,2,22,474,2011,12.91
169,2,22,474,2012,13.08
169,2,22,474,2013,13.29
169,2,22,474,2014,13.42
169,2,22,474,2015,13.62
169,2,22,474,2016,13.77
169,2,22,474,2017,13.96
169,2,30,474,1990,0.41
169,2,30,474,1991,0.44
169,2,30,474,1992,0.49
169,2,30,474,1993,0.56
169,2,30,474,1994,0.61
169,2,30,474,1995,0.67
169,2,30,474,1996,0.7
169,2,30,474,1997,0.72
169,2,30,474,1998,0.74
169,2,30,474,1999,0.74
169,2,30,474,2000,0.74
169,2,30,474,2001,0.75
169,2,30,474,2002,0.75
169,2,30,474,2003,0.76
169,2,30,474,2004,0.77
169,2,30,474,2005,0.79
169,2,30,474,2006,0.8
169,2,30,474,2007,0.81
169,2,30,474,2008,0.82
169,2,30,474,2009,0.84
169,2,30,474,2010,0.87
169,2,30,474,2011,0.9
169,2,30,474,2012,0.93
169,2,30,474,2013,0.97
169,2,30,474,2014,1.01
169,2,30,474,2015,1.06
169,2,30,474,2016,1.1
169,2,30,474,2017,1.15
169,2,31,474,1990,0.21
169,2,31,474,1991,0.2
169,2,31,474,1992,0.19
169,2,31,474,1993,0.18
169,2,31,474,1994,0.18
169,2,31,474,1995,0.17
169,2,31,474,1996,0.19
169,2,31,474,1997,0.21
169,2,31,474,1998,0.23
169,2,31,474,1999,0.25
169,2,31,474,2000,0.27
169,2,31,474,2001,0.28
169,2,31,474,2002,0.28
169,2,31,474,2003,0.29
169,2,31,474,2004,0.3
169,2,31,474,2005,0.3
169,2,31,474,2006,0.3
169,2,31,474,2007,0.31
169,2,31,474,2008,0.32
169,2,31,474,2009,0.32
169,2,31,474,2010,0.33
169,2,31,474,2011,0.34
169,2,31,474,2012,0.35
169,2,31,474,2013,0.36
169,2,31,474,2014,0.37
169,2,31,474,2015,0.39
169,2,31,474,2016,0.4
169,2,31,474,2017,0.42
169,2,32,474,1990,0.07
169,2,32,474,1991,0.07
169,2,32,474,1992,0.06
169,2,32,474,1993,0.06
169,2,32,474,1994,0.06
169,2,32,474,1995,0.06
169,2,32,474,1996,0.05
169,2,32,474,1997,0.05
169,2,32,474,1998,0.05
169,2,32,474,1999,0.04
169,2,32,474,2000,0.04
169,2,32,474,2001,0.05
169,2,32,474,2002,0.05
169,2,32,474,2003,0.06
169,2,32,474,2004,0.06
169,2,32,474,2005,0.07
169,2,32,474,2006,0.07
169,2,32,474,2007,0.07
169,2,32,474,2008,0.08
169,2,32,474,2009,0.08
169,2,32,474,2010,0.08
169,2,32,474,2011,0.08
169,2,32,474,2012,0.08
169,2,32,474,2013,0.09
169,2,32,474,2014,0.09
169,2,32,474,2015,0.09
169,2,32,474,2016,0.09
169,2,32,474,2017,0.1
169,2,235,474,1990,0.02
169,2,235,474,1991,0.02
169,2,235,474,1992,0.02
169,2,235,474,1993,0.02
169,2,235,474,1994,0.02
169,2,235,474,1995,0.02
169,2,235,474,1996,0.02
169,2,235,474,1997,0.01
169,2,235,474,1998,0.01
169,2,235,474,1999,0.01
169,2,235,474,2000,0.01
169,2,235,474,2001,0.01
169,2,235,474,2002,0.01
169,2,235,474,2003,0.01
169,2,235,474,2004,0.01
169,2,235,474,2005,0.01
169,2,235,474,2006,0.01
169,2,235,474,2007,0.01
169,2,235,474,2008,0.01
169,2,235,474,2009,0.01
169,2,235,474,2010,0.01
169,2,235,474,2011,0.01
169,2,235,474,2012,0.02
169,2,235,474,2013,0.02
169,2,235,474,2014,0.02
169,2,235,474,2015,0.02
169,2,235,474,2016,0.02
169,2,235,474,2017,0.02
170,2,8,474,1990,0.03
170,2,8,474,1991,0.03
170,2,8,474,1992,0.03
170,2,8,474,1993,0.03
170,2,8,474,1994,0.03
170,2,8,474,1995,0.04
170,2,8,474,1996,0.04
170,2,8,474,1997,0.04
170,2,8,474,1998,0.04
170,2,8,474,1999,0.04
170,2,8,474,2000,0.04
170,2,8,474,2001,0.04
170,2,8,474,2002,0.03
170,2,8,474,2003,0.04
170,2,8,474,2004,0.04
170,2,8,474,2005,0.04
170,2,8,474,2006,0.04
170,2,8,474,2007,0.04
170,2,8,474,2008,0.04
170,2,8,474,2009,0.04
170,2,8,474,2010,0.04
170,2,8,474,2011,0.04
170,2,8,474,2012,0.04
170,2,8,474,2013,0.04
170,2,8,474,2014,0.04
170,2,8,474,2015,0.04
170,2,8,474,2016,0.04
170,2,8,474,2017,0.05
170,2,9,474,1990,0.04
170,2,9,474,1991,0.05
170,2,9,474,1992,0.05
170,2,9,474,1993,0.05
170,2,9,474,1994,0.06
170,2,9,474,1995,0.06
170,2,9,474,1996,0.06
170,2,9,474,1997,0.07
170,2,9,474,1998,0.07
170,2,9,474,1999,0.07
170,2,9,474,2000,0.07
170,2,9,474,2001,0.06
170,2,9,474,2002,0.06
170,2,9,474,2003,0.06
170,2,9,474,2004,0.06
170,2,9,474,2005,0.07
170,2,9,474,2006,0.07
170,2,9,474,2007,0.07
170,2,9,474,2008,0.07
170,2,9,474,2009,0.07
170,2,9,474,2010,0.07
170,2,9,474,2011,0.07
170,2,9,474,2012,0.07
170,2,9,474,2013,0.07
170,2,9,474,2014,0.07
170,2,9,474,2015,0.07
170,2,9,474,2016,0.07
170,2,9,474,2017,0.07
170,2,10,474,1990,0.07
170,2,10,474,1991,0.07
170,2,10,474,1992,0.07
170,2,10,474,1993,0.08
170,2,10,474,1994,0.09
170,2,10,474,1995,0.1
170,2,10,474,1996,0.11
170,2,10,474,1997,0.12
170,2,10,474,1998,0.11
170,2,10,474,1999,0.11
170,2,10,474,2000,0.11
170,2,10,474,2001,0.11
170,2,10,474,2002,0.1
170,2,10,474,2003,0.11
170,2,10,474,2004,0.11
170,2,10,474,2005,0.12
170,2,10,474,2006,0.12
170,2,10,474,2007,0.13
170,2,10,474,2008,0.13
170,2,10,474,2009,0.13
170,2,10,474,2010,0.13
170,2,10,474,2011,0.13
170,2,10,474,2012,0.13
170,2,10,474,2013,0.14
170,2,10,474,2014,0.14
170,2,10,474,2015,0.14
170,2,10,474,2016,0.14
170,2,10,474,2017,0.14
170,2,11,474,1990,0.13
170,2,11,474,1991,0.14
170,2,11,474,1992,0.14
170,2,11,474,1993,0.15
170,2,11,474,1994,0.17
170,2,11,474,1995,0.18
170,2,11,474,1996,0.2
170,2,11,474,1997,0.21
170,2,11,474,1998,0.2
170,2,11,474,1999,0.21
170,2,11,474,2000,0.2
170,2,11,474,2001,0.19
170,2,11,474,2002,0.19
170,2,11,474,2003,0.2
170,2,11,474,2004,0.2
170,2,11,474,2005,0.21
170,2,11,474,2006,0.22
170,2,11,474,2007,0.23
170,2,11,474,2008,0.24
170,2,11,474,2009,0.24
170,2,11,474,2010,0.25
170,2,11,474,2011,0.25
170,2,11,474,2012,0.26
170,2,11,474,2013,0.27
170,2,11,474,2014,0.28
170,2,11,474,2015,0.28
170,2,11,474,2016,0.28
170,2,11,474,2017,0.29
170,2,12,474,1990,0.22
170,2,12,474,1991,0.23
170,2,12,474,1992,0.23
170,2,12,474,1993,0.25
170,2,12,474,1994,0.28
170,2,12,474,1995,0.3
170,2,12,474,1996,0.32
170,2,12,474,1997,0.35
170,2,12,474,1998,0.33
170,2,12,474,1999,0.34
170,2,12,474,2000,0.34
170,2,12,474,2001,0.32
170,2,12,474,2002,0.32
170,2,12,474,2003,0.33
170,2,12,474,2004,0.34
170,2,12,474,2005,0.36
170,2,12,474,2006,0.37
170,2,12,474,2007,0.39
170,2,12,474,2008,0.4
170,2,12,474,2009,0.41
170,2,12,474,2010,0.43
170,2,12,474,2011,0.44
170,2,12,474,2012,0.46
170,2,12,474,2013,0.48
170,2,12,474,2014,0.5
170,2,12,474,2015,0.51
170,2,12,474,2016,0.52
170,2,12,474,2017,0.54
170,2,13,474,1990,0.36
170,2,13,474,1991,0.37
170,2,13,474,1992,0.39
170,2,13,474,1993,0.42
170,2,13,474,1994,0.47
170,2,13,474,1995,0.51
170,2,13,474,1996,0.54
170,2,13,474,1997,0.57
170,2,13,474,1998,0.55
170,2,13,474,1999,0.57
170,2,13,474,2000,0.56
170,2,13,474,2001,0.54
170,2,13,474,2002,0.53
170,2,13,474,2003,0.55
170,2,13,474,2004,0.57
170,2,13,474,2005,0.59
170,2,13,474,2006,0.61
170,2,13,474,2007,0.63
170,2,13,474,2008,0.66
170,2,13,474,2009,0.68
170,2,13,474,2010,0.71
170,2,13,474,2011,0.73
170,2,13,474,2012,0.76
170,2,13,474,2013,0.79
170,2,13,474,2014,0.83
170,2,13,474,2015,0.86
170,2,13,474,2016,0.9
170,2,13,474,2017,0.93
170,2,14,474,1990,0.54
170,2,14,474,1991,0.58
170,2,14,474,1992,0.57
170,2,14,474,1993,0.62
170,2,14,474,1994,0.68
170,2,14,474,1995,0.69
170,2,14,474,1996,0.74
170,2,14,474,1997,0.79
170,2,14,474,1998,0.78
170,2,14,474,1999,0.81
170,2,14,474,2000,0.81
170,2,14,474,2001,0.78
170,2,14,474,2002,0.78
170,2,14,474,2003,0.81
170,2,14,474,2004,0.83
170,2,14,474,2005,0.86
170,2,14,474,2006,0.89
170,2,14,474,2007,0.93
170,2,14,474,2008,0.97
170,2,14,474,2009,1
170,2,14,474,2010,1.03
170,2,14,474,2011,1.06
170,2,14,474,2012,1.11
170,2,14,474,2013,1.16
170,2,14,474,2014,1.21
170,2,14,474,2015,1.26
170,2,14,474,2016,1.32
170,2,14,474,2017,1.38
170,2,15,474,1990,1
170,2,15,474,1991,0.93
170,2,15,474,1992,0.98
170,2,15,474,1993,0.99
170,2,15,474,1994,1.06
170,2,15,474,1995,1.06
170,2,15,474,1996,1.17
170,2,15,474,1997,1.19
170,2,15,474,1998,1.19
170,2,15,474,1999,1.2
170,2,15,474,2000,1.17
170,2,15,474,2001,1.15
170,2,15,474,2002,1.17
170,2,15,474,2003,1.23
170,2,15,474,2004,1.27
170,2,15,474,2005,1.34
170,2,15,474,2006,1.39
170,2,15,474,2007,1.43
170,2,15,474,2008,1.49
170,2,15,474,2009,1.54
170,2,15,474,2010,1.59
170,2,15,474,2011,1.63
170,2,15,474,2012,1.7
170,2,15,474,2013,1.77
170,2,15,474,2014,1.84
170,2,15,474,2015,1.91
170,2,15,474,2016,1.99
170,2,15,474,2017,2.07
170,2,16,474,1990,1.34
170,2,16,474,1991,1.49
170,2,16,474,1992,1.43
170,2,16,474,1993,1.52
170,2,16,474,1994,1.61
170,2,16,474,1995,1.69
170,2,16,474,1996,1.62
170,2,16,474,1997,1.72
170,2,16,474,1998,1.65
170,2,16,474,1999,1.65
170,2,16,474,2000,1.59
170,2,16,474,2001,1.63
170,2,16,474,2002,1.6
170,2,16,474,2003,1.67
170,2,16,474,2004,1.7
170,2,16,474,2005,1.72
170,2,16,474,2006,1.8
170,2,16,474,2007,1.89
170,2,16,474,2008,1.99
170,2,16,474,2009,2.06
170,2,16,474,2010,2.16
170,2,16,474,2011,2.2
170,2,16,474,2012,2.28
170,2,16,474,2013,2.36
170,2,16,474,2014,2.45
170,2,16,474,2015,2.54
170,2,16,474,2016,2.64
170,2,16,474,2017,2.75
170,2,17,474,1990,2.2
170,2,17,474,1991,2.08
170,2,17,474,1992,2.22
170,2,17,474,1993,2.16
170,2,17,474,1994,2.34
170,2,17,474,1995,2.21
170,2,17,474,1996,2.49
170,2,17,474,1997,2.41
170,2,17,474,1998,2.43
170,2,17,474,1999,2.43
170,2,17,474,2000,2.45
170,2,17,474,2001,2.21
170,2,17,474,2002,2.28
170,2,17,474,2003,2.26
170,2,17,474,2004,2.28
170,2,17,474,2005,2.27
170,2,17,474,2006,2.46
170,2,17,474,2007,2.48
170,2,17,474,2008,2.6
170,2,17,474,2009,2.65
170,2,17,474,2010,2.68
170,2,17,474,2011,2.79
170,2,17,474,2012,2.92
170,2,17,474,2013,3.07
170,2,17,474,2014,3.2
170,2,17,474,2015,3.36
170,2,17,474,2016,3.46
170,2,17,474,2017,3.57
170,2,18,474,1990,2.59
170,2,18,474,1991,2.78
170,2,18,474,1992,2.76
170,2,18,474,1993,3.01
170,2,18,474,1994,3.12
170,2,18,474,1995,3.51
170,2,18,474,1996,3.36
170,2,18,474,1997,3.57
170,2,18,474,1998,3.35
170,2,18,474,1999,3.44
170,2,18,474,2000,3.14
170,2,18,474,2001,3.35
170,2,18,474,2002,3.15
170,2,18,474,2003,3.26
170,2,18,474,2004,3.27
170,2,18,474,2005,3.39
170,2,18,474,2006,3.2
170,2,18,474,2007,3.39
170,2,18,474,2008,3.39
170,2,18,474,2009,3.44
170,2,18,474,2010,3.44
170,2,18,474,2011,3.69
170,2,18,474,2012,3.72
170,2,18,474,2013,3.9
170,2,18,474,2014,4
170,2,18,474,2015,4.02
170,2,18,474,2016,4.2
170,2,18,474,2017,4.4
170,2,19,474,1990,3.22
170,2,19,474,1991,3.05
170,2,19,474,1992,3.15
170,2,19,474,1993,3.12
170,2,19,474,1994,3.36
170,2,19,474,1995,3.38
170,2,19,474,1996,3.62
170,2,19,474,1997,3.56
170,2,19,474,1998,3.72
170,2,19,474,1999,3.68
170,2,19,474,2000,4.05
170,2,19,474,2001,3.68
170,2,19,474,2002,3.84
170,2,19,474,2003,3.68
170,2,19,474,2004,3.83
170,2,19,474,2005,3.65
170,2,19,474,2006,4.01
170,2,19,474,2007,3.9
170,2,19,474,2008,4.07
170,2,19,474,2009,4.12
170,2,19,474,2010,4.31
170,2,19,474,2011,4.03
170,2,19,474,2012,4.26
170,2,19,474,2013,4.25
170,2,19,474,2014,4.35
170,2,19,474,2015,4.36
170,2,19,474,2016,4.69
170,2,19,474,2017,4.75
170,2,20,474,1990,2.48
170,2,20,474,1991,2.6
170,2,20,474,1992,2.74
170,2,20,474,1993,2.94
170,2,20,474,1994,3.15
170,2,20,474,1995,3.69
170,2,20,474,1996,3.48
170,2,20,474,1997,3.53
170,2,20,474,1998,3.35
170,2,20,474,1999,3.44
170,2,20,474,2000,3.41
170,2,20,474,2001,3.47
170,2,20,474,2002,3.36
170,2,20,474,2003,3.6
170,2,20,474,2004,3.64
170,2,20,474,2005,4.21
170,2,20,474,2006,3.93
170,2,20,474,2007,4.24
170,2,20,474,2008,4.12
170,2,20,474,2009,4.35
170,2,20,474,2010,4.27
170,2,20,474,2011,4.68
170,2,20,474,2012,4.58
170,2,20,474,2013,4.79
170,2,20,474,2014,4.94
170,2,20,474,2015,5.22
170,2,20,474,2016,4.91
170,2,20,474,2017,5.23
170,2,22,474,1990,16.29
170,2,22,474,1991,16.61
170,2,22,474,1992,17.12
170,2,22,474,1993,17.83
170,2,22,474,1994,19.1
170,2,22,474,1995,20.23
170,2,22,474,1996,20.71
170,2,22,474,1997,21.2
170,2,22,474,1998,20.94
170,2,22,474,1999,21.25
170,2,22,474,2000,21.54
170,2,22,474,2001,20.89
170,2,22,474,2002,20.82
170,2,22,474,2003,21.17
170,2,22,474,2004,21.73
170,2,22,474,2005,22.69
170,2,22,474,2006,23
170,2,22,474,2007,23.71
170,2,22,474,2008,24.39
170,2,22,474,2009,25.17
170,2,22,474,2010,26.31
170,2,22,474,2011,26.72
170,2,22,474,2012,27.62
170,2,22,474,2013,28.51
170,2,22,474,2014,29.72
170,2,22,474,2015,30.92
170,2,22,474,2016,31.73
170,2,22,474,2017,32.89
170,2,30,474,1990,1.5
170,2,30,474,1991,1.57
170,2,30,474,1992,1.63
170,2,30,474,1993,1.7
170,2,30,474,1994,1.81
170,2,30,474,1995,1.88
170,2,30,474,1996,1.97
170,2,30,474,1997,2.06
170,2,30,474,1998,2.13
170,2,30,474,1999,2.19
170,2,30,474,2000,2.53
170,2,30,474,2001,2.26
170,2,30,474,2002,2.29
170,2,30,474,2003,2.2
170,2,30,474,2004,2.33
170,2,30,474,2005,2.43
170,2,30,474,2006,2.54
170,2,30,474,2007,2.54
170,2,30,474,2008,2.78
170,2,30,474,2009,2.87
170,2,30,474,2010,3.45
170,2,30,474,2011,3.19
170,2,30,474,2012,3.49
170,2,30,474,2013,3.42
170,2,30,474,2014,3.7
170,2,30,474,2015,3.72
170,2,30,474,2016,4.09
170,2,30,474,2017,4.02
170,2,31,474,1990,0.5
170,2,31,474,1991,0.56
170,2,31,474,1992,0.61
170,2,31,474,1993,0.67
170,2,31,474,1994,0.72
170,2,31,474,1995,0.77
170,2,31,474,1996,0.8
170,2,31,474,1997,0.82
170,2,31,474,1998,0.82
170,2,31,474,1999,0.84
170,2,31,474,2000,0.84
170,2,31,474,2001,0.86
170,2,31,474,2002,0.88
170,2,31,474,2003,0.93
170,2,31,474,2004,0.98
170,2,31,474,2005,1.17
170,2,31,474,2006,1.07
170,2,31,474,2007,1.12
170,2,31,474,2008,1.1
170,2,31,474,2009,1.21
170,2,31,474,2010,1.32
170,2,31,474,2011,1.39
170,2,31,474,2012,1.42
170,2,31,474,2013,1.58
170,2,31,474,2014,1.68
170,2,31,474,2015,2.08
170,2,31,474,2016,1.9
170,2,31,474,2017,2.1
170,2,32,474,1990,0.06
170,2,32,474,1991,0.08
170,2,32,474,1992,0.09
170,2,32,474,1993,0.11
170,2,32,474,1994,0.14
170,2,32,474,1995,0.15
170,2,32,474,1996,0.17
170,2,32,474,1997,0.18
170,2,32,474,1998,0.19
170,2,32,474,1999,0.2
170,2,32,474,2000,0.21
170,2,32,474,2001,0.21
170,2,32,474,2002,0.21
170,2,32,474,2003,0.22
170,2,32,474,2004,0.22
170,2,32,474,2005,0.23
170,2,32,474,2006,0.25
170,2,32,474,2007,0.26
170,2,32,474,2008,0.29
170,2,32,474,2009,0.31
170,2,32,474,2010,0.38
170,2,32,474,2011,0.35
170,2,32,474,2012,0.37
170,2,32,474,2013,0.37
170,2,32,474,2014,0.42
170,2,32,474,2015,0.47
170,2,32,474,2016,0.5
170,2,32,474,2017,0.5
170,2,235,474,1990,0.01
170,2,235,474,1991,0.01
170,2,235,474,1992,0.01
170,2,235,474,1993,0.01
170,2,235,474,1994,0.01
170,2,235,474,1995,0.01
170,2,235,474,1996,0.02
170,2,235,474,1997,0.02
170,2,235,474,1998,0.02
170,2,235,474,1999,0.03
170,2,235,474,2000,0.03
170,2,235,474,2001,0.03
170,2,235,474,2002,0.03
170,2,235,474,2003,0.04
170,2,235,474,2004,0.04
170,2,235,474,2005,0.04
170,2,235,474,2006,0.04
170,2,235,474,2007,0.04
170,2,235,474,2008,0.04
170,2,235,474,2009,0.05
170,2,235,474,2010,0.05
170,2,235,474,2011,0.05
170,2,235,474,2012,0.06
170,2,235,474,2013,0.06
170,2,235,474,2014,0.07
170,2,235,474,2015,0.09
170,2,235,474,2016,0.08
170,2,235,474,2017,0.09
171,2,8,474,1990,0.28
171,2,8,474,1991,0.29
171,2,8,474,1992,0.3
171,2,8,474,1993,0.3
171,2,8,474,1994,0.29
171,2,8,474,1995,0.3
171,2,8,474,1996,0.31
171,2,8,474,1997,0.3
171,2,8,474,1998,0.31
171,2,8,474,1999,0.32
171,2,8,474,2000,0.33
171,2,8,474,2001,0.33
171,2,8,474,2002,0.33
171,2,8,474,2003,0.34
171,2,8,474,2004,0.33
171,2,8,474,2005,0.33
171,2,8,474,2006,0.33
171,2,8,474,2007,0.33
171,2,8,474,2008,0.33
171,2,8,474,2009,0.34
171,2,8,474,2010,0.34
171,2,8,474,2011,0.34
171,2,8,474,2012,0.34
171,2,8,474,2013,0.34
171,2,8,474,2014,0.35
171,2,8,474,2015,0.36
171,2,8,474,2016,0.37
171,2,8,474,2017,0.38
171,2,9,474,1990,0.47
171,2,9,474,1991,0.49
171,2,9,474,1992,0.5
171,2,9,474,1993,0.49
171,2,9,474,1994,0.49
171,2,9,474,1995,0.5
171,2,9,474,1996,0.5
171,2,9,474,1997,0.49
171,2,9,474,1998,0.5
171,2,9,474,1999,0.51
171,2,9,474,2000,0.52
171,2,9,474,2001,0.51
171,2,9,474,2002,0.52
171,2,9,474,2003,0.52
171,2,9,474,2004,0.51
171,2,9,474,2005,0.51
171,2,9,474,2006,0.51
171,2,9,474,2007,0.5
171,2,9,474,2008,0.5
171,2,9,474,2009,0.5
171,2,9,474,2010,0.51
171,2,9,474,2011,0.51
171,2,9,474,2012,0.51
171,2,9,474,2013,0.51
171,2,9,474,2014,0.52
171,2,9,474,2015,0.53
171,2,9,474,2016,0.54
171,2,9,474,2017,0.55
171,2,10,474,1990,0.8
171,2,10,474,1991,0.83
171,2,10,474,1992,0.85
171,2,10,474,1993,0.85
171,2,10,474,1994,0.84
171,2,10,474,1995,0.86
171,2,10,474,1996,0.87
171,2,10,474,1997,0.84
171,2,10,474,1998,0.86
171,2,10,474,1999,0.86
171,2,10,474,2000,0.86
171,2,10,474,2001,0.85
171,2,10,474,2002,0.84
171,2,10,474,2003,0.84
171,2,10,474,2004,0.82
171,2,10,474,2005,0.81
171,2,10,474,2006,0.81
171,2,10,474,2007,0.8
171,2,10,474,2008,0.81
171,2,10,474,2009,0.81
171,2,10,474,2010,0.83
171,2,10,474,2011,0.83
171,2,10,474,2012,0.84
171,2,10,474,2013,0.85
171,2,10,474,2014,0.87
171,2,10,474,2015,0.89
171,2,10,474,2016,0.91
171,2,10,474,2017,0.93
171,2,11,474,1990,1.41
171,2,11,474,1991,1.48
171,2,11,474,1992,1.53
171,2,11,474,1993,1.56
171,2,11,474,1994,1.57
171,2,11,474,1995,1.6
171,2,11,474,1996,1.65
171,2,11,474,1997,1.6
171,2,11,474,1998,1.61
171,2,11,474,1999,1.62
171,2,11,474,2000,1.6
171,2,11,474,2001,1.57
171,2,11,474,2002,1.55
171,2,11,474,2003,1.54
171,2,11,474,2004,1.5
171,2,11,474,2005,1.47
171,2,11,474,2006,1.47
171,2,11,474,2007,1.45
171,2,11,474,2008,1.46
171,2,11,474,2009,1.48
171,2,11,474,2010,1.5
171,2,11,474,2011,1.52
171,2,11,474,2012,1.55
171,2,11,474,2013,1.58
171,2,11,474,2014,1.63
171,2,11,474,2015,1.68
171,2,11,474,2016,1.73
171,2,11,474,2017,1.79
171,2,12,474,1990,2.3
171,2,12,474,1991,2.39
171,2,12,474,1992,2.45
171,2,12,474,1993,2.48
171,2,12,474,1994,2.5
171,2,12,474,1995,2.6
171,2,12,474,1996,2.72
171,2,12,474,1997,2.66
171,2,12,474,1998,2.75
171,2,12,474,1999,2.79
171,2,12,474,2000,2.79
171,2,12,474,2001,2.76
171,2,12,474,2002,2.76
171,2,12,474,2003,2.74
171,2,12,474,2004,2.66
171,2,12,474,2005,2.61
171,2,12,474,2006,2.59
171,2,12,474,2007,2.56
171,2,12,474,2008,2.56
171,2,12,474,2009,2.58
171,2,12,474,2010,2.61
171,2,12,474,2011,2.63
171,2,12,474,2012,2.67
171,2,12,474,2013,2.73
171,2,12,474,2014,2.82
171,2,12,474,2015,2.92
171,2,12,474,2016,3.01
171,2,12,474,2017,3.12
171,2,13,474,1990,3.04
171,2,13,474,1991,3.25
171,2,13,474,1992,3.4
171,2,13,474,1993,3.52
171,2,13,474,1994,3.58
171,2,13,474,1995,3.92
171,2,13,474,1996,4.04
171,2,13,474,1997,3.95
171,2,13,474,1998,4.04
171,2,13,474,1999,4.09
171,2,13,474,2000,4.11
171,2,13,474,2001,4.14
171,2,13,474,2002,4.15
171,2,13,474,2003,4.2
171,2,13,474,2004,4.13
171,2,13,474,2005,4.07
171,2,13,474,2006,4.07
171,2,13,474,2007,4.06
171,2,13,474,2008,4.07
171,2,13,474,2009,4.1
171,2,13,474,2010,4.17
171,2,13,474,2011,4.22
171,2,13,474,2012,4.32
171,2,13,474,2013,4.43
171,2,13,474,2014,4.58
171,2,13,474,2015,4.74
171,2,13,474,2016,4.89
171,2,13,474,2017,5.09
171,2,14,474,1990,5.12
171,2,14,474,1991,5.27
171,2,14,474,1992,5.36
171,2,14,474,1993,5.45
171,2,14,474,1994,5.52
171,2,14,474,1995,5.42
171,2,14,474,1996,5.8
171,2,14,474,1997,5.8
171,2,14,474,1998,6.01
171,2,14,474,1999,6.14
171,2,14,474,2000,6.52
171,2,14,474,2001,6.58
171,2,14,474,2002,6.61
171,2,14,474,2003,6.78
171,2,14,474,2004,6.82
171,2,14,474,2005,6.87
171,2,14,474,2006,7.04
171,2,14,474,2007,7.18
171,2,14,474,2008,7.37
171,2,14,474,2009,7.53
171,2,14,474,2010,7.76
171,2,14,474,2011,7.93
171,2,14,474,2012,8.12
171,2,14,474,2013,8.33
171,2,14,474,2014,8.56
171,2,14,474,2015,8.79
171,2,14,474,2016,8.99
171,2,14,474,2017,9.31
171,2,15,474,1990,9.56
171,2,15,474,1991,9.66
171,2,15,474,1992,9.69
171,2,15,474,1993,9.61
171,2,15,474,1994,9.54
171,2,15,474,1995,9.59
171,2,15,474,1996,9.87
171,2,15,474,1997,9.58
171,2,15,474,1998,9.73
171,2,15,474,1999,9.84
171,2,15,474,2000,9.42
171,2,15,474,2001,9.78
171,2,15,474,2002,10.07
171,2,15,474,2003,10.51
171,2,15,474,2004,10.83
171,2,15,474,2005,11.51
171,2,15,474,2006,11.76
171,2,15,474,2007,12.06
171,2,15,474,2008,12.49
171,2,15,474,2009,12.93
171,2,15,474,2010,13.49
171,2,15,474,2011,13.98
171,2,15,474,2012,14.53
171,2,15,474,2013,15.11
171,2,15,474,2014,15.66
171,2,15,474,2015,16.17
171,2,15,474,2016,16.54
171,2,15,474,2017,17.1
171,2,16,474,1990,14.37
171,2,16,474,1991,14.63
171,2,16,474,1992,14.73
171,2,16,474,1993,14.74
171,2,16,474,1994,14.64
171,2,16,474,1995,14.77
171,2,16,474,1996,14.98
171,2,16,474,1997,14.38
171,2,16,474,1998,14.26
171,2,16,474,1999,14
171,2,16,474,2000,13.88
171,2,16,474,2001,13.95
171,2,16,474,2002,13.96
171,2,16,474,2003,14.26
171,2,16,474,2004,14.45
171,2,16,474,2005,13.87
171,2,16,474,2006,14.65
171,2,16,474,2007,15.44
171,2,16,474,2008,16.34
171,2,16,474,2009,17.15
171,2,16,474,2010,18.74
171,2,16,474,2011,19.16
171,2,16,474,2012,19.71
171,2,16,474,2013,20.37
171,2,16,474,2014,21.11
171,2,16,474,2015,21.9
171,2,16,474,2016,22.65
171,2,16,474,2017,23.73
171,2,17,474,1990,19.5
171,2,17,474,1991,20.25
171,2,17,474,1992,20.85
171,2,17,474,1993,21.31
171,2,17,474,1994,21.6
171,2,17,474,1995,21.84
171,2,17,474,1996,22.28
171,2,17,474,1997,21.63
171,2,17,474,1998,21.58
171,2,17,474,1999,21.35
171,2,17,474,2000,21.24
171,2,17,474,2001,21.12
171,2,17,474,2002,20.82
171,2,17,474,2003,20.81
171,2,17,474,2004,20.59
171,2,17,474,2005,20.5
171,2,17,474,2006,20.78
171,2,17,474,2007,21.22
171,2,17,474,2008,21.89
171,2,17,474,2009,22.59
171,2,17,474,2010,22.17
171,2,17,474,2011,23.44
171,2,17,474,2012,24.75
171,2,17,474,2013,26.05
171,2,17,474,2014,27.31
171,2,17,474,2015,29.67
171,2,17,474,2016,30.32
171,2,17,474,2017,31.47
171,2,18,474,1990,24.3
171,2,18,474,1991,25.19
171,2,18,474,1992,25.9
171,2,18,474,1993,26.57
171,2,18,474,1994,27.23
171,2,18,474,1995,28.12
171,2,18,474,1996,29.21
171,2,18,474,1997,28.96
171,2,18,474,1998,29.25
171,2,18,474,1999,29.23
171,2,18,474,2000,29.21
171,2,18,474,2001,29.21
171,2,18,474,2002,28.97
171,2,18,474,2003,29
171,2,18,474,2004,28.75
171,2,18,474,2005,28.48
171,2,18,474,2006,28.55
171,2,18,474,2007,28.62
171,2,18,474,2008,28.93
171,2,18,474,2009,29.11
171,2,18,474,2010,29.6
171,2,18,474,2011,30.03
171,2,18,474,2012,30.79
171,2,18,474,2013,31.65
171,2,18,474,2014,32.67
171,2,18,474,2015,31.84
171,2,18,474,2016,33.7
171,2,18,474,2017,35.93
171,2,19,474,1990,24.13
171,2,19,474,1991,25.41
171,2,19,474,1992,26.47
171,2,19,474,1993,27.35
171,2,19,474,1994,28.2
171,2,19,474,1995,28.94
171,2,19,474,1996,29.89
171,2,19,474,1997,29.78
171,2,19,474,1998,30.25
171,2,19,474,1999,30.45
171,2,19,474,2000,30.84
171,2,19,474,2001,31.4
171,2,19,474,2002,31.7
171,2,19,474,2003,32.23
171,2,19,474,2004,32.43
171,2,19,474,2005,32.45
171,2,19,474,2006,32.66
171,2,19,474,2007,32.86
171,2,19,474,2008,33.14
171,2,19,474,2009,33.29
171,2,19,474,2010,33.61
171,2,19,474,2011,33.62
171,2,19,474,2012,33.76
171,2,19,474,2013,34.02
171,2,19,474,2014,34.3
171,2,19,474,2015,34.77
171,2,19,474,2016,35.41
171,2,19,474,2017,36.69
171,2,20,474,1990,18.02
171,2,20,474,1991,19.93
171,2,20,474,1992,21.77
171,2,20,474,1993,23.48
171,2,20,474,1994,25.03
171,2,20,474,1995,26.35
171,2,20,474,1996,27.58
171,2,20,474,1997,27.8
171,2,20,474,1998,28.35
171,2,20,474,1999,28.67
171,2,20,474,2000,29.06
171,2,20,474,2001,29.57
171,2,20,474,2002,29.99
171,2,20,474,2003,30.67
171,2,20,474,2004,31.24
171,2,20,474,2005,32.01
171,2,20,474,2006,33.01
171,2,20,474,2007,34.01
171,2,20,474,2008,35.05
171,2,20,474,2009,35.83
171,2,20,474,2010,36.62
171,2,20,474,2011,36.96
171,2,20,474,2012,37.39
171,2,20,474,2013,37.83
171,2,20,474,2014,38.19
171,2,20,474,2015,38.55
171,2,20,474,2016,38.83
171,2,20,474,2017,39.57
171,2,22,474,1990,136.69
171,2,22,474,1991,143.47
171,2,22,474,1992,149.35
171,2,22,474,1993,154.56
171,2,22,474,1994,159.39
171,2,22,474,1995,164.88
171,2,22,474,1996,171.74
171,2,22,474,1997,171.28
171,2,22,474,1998,174.72
171,2,22,474,1999,176.63
171,2,22,474,2000,178.57
171,2,22,474,2001,181.43
171,2,22,474,2002,183.16
171,2,22,474,2003,186.72
171,2,22,474,2004,188.64
171,2,22,474,2005,190.4
171,2,22,474,2006,194.74
171,2,22,474,2007,199.2
171,2,22,474,2008,204.74
171,2,22,474,2009,209.72
171,2,22,474,2010,215.48
171,2,22,474,2011,220.28
171,2,22,474,2012,226.1
171,2,22,474,2013,232.46
171,2,22,474,2014,239.13
171,2,22,474,2015,245.19
171,2,22,474,2016,252
171,2,22,474,2017,262.09
171,2,30,474,1990,8.33
171,2,30,474,1991,9.28
171,2,30,474,1992,10.37
171,2,30,474,1993,11.54
171,2,30,474,1994,12.8
171,2,30,474,1995,14.15
171,2,30,474,1996,15.59
171,2,30,474,1997,16.6
171,2,30,474,1998,17.75
171,2,30,474,1999,18.66
171,2,30,474,2000,19.42
171,2,30,474,2001,20.1
171,2,30,474,2002,20.58
171,2,30,474,2003,21.17
171,2,30,474,2004,21.69
171,2,30,474,2005,22.29
171,2,30,474,2006,23.08
171,2,30,474,2007,23.92
171,2,30,474,2008,24.85
171,2,30,474,2009,25.76
171,2,30,474,2010,26.91
171,2,30,474,2011,27.77
171,2,30,474,2012,28.71
171,2,30,474,2013,29.65
171,2,30,474,2014,30.55
171,2,30,474,2015,31.33
171,2,30,474,2016,32.03
171,2,30,474,2017,33.05
171,2,31,474,1990,3.62
171,2,31,474,1991,3.67
171,2,31,474,1992,3.75
171,2,31,474,1993,3.88
171,2,31,474,1994,4.12
171,2,31,474,1995,4.5
171,2,31,474,1996,5
171,2,31,474,1997,5.47
171,2,31,474,1998,6.02
171,2,31,474,1999,6.57
171,2,31,474,2000,7.16
171,2,31,474,2001,7.79
171,2,31,474,2002,8.37
171,2,31,474,2003,8.97
171,2,31,474,2004,9.52
171,2,31,474,2005,10.02
171,2,31,474,2006,10.53
171,2,31,474,2007,11
171,2,31,474,2008,11.49
171,2,31,474,2009,11.95
171,2,31,474,2010,12.54
171,2,31,474,2011,12.99
171,2,31,474,2012,13.53
171,2,31,474,2013,14.16
171,2,31,474,2014,14.85
171,2,31,474,2015,15.59
171,2,31,474,2016,16.34
171,2,31,474,2017,17.24
171,2,32,474,1990,1.15
171,2,32,474,1991,1.16
171,2,32,474,1992,1.16
171,2,32,474,1993,1.16
171,2,32,474,1994,1.16
171,2,32,474,1995,1.16
171,2,32,474,1996,1.17
171,2,32,474,1997,1.17
171,2,32,474,1998,1.21
171,2,32,474,1999,1.27
171,2,32,474,2000,1.38
171,2,32,474,2001,1.53
171,2,32,474,2002,1.69
171,2,32,474,2003,1.88
171,2,32,474,2004,2.09
171,2,32,474,2005,2.31
171,2,32,474,2006,2.57
171,2,32,474,2007,2.82
171,2,32,474,2008,3.07
171,2,32,474,2009,3.31
171,2,32,474,2010,3.54
171,2,32,474,2011,3.74
171,2,32,474,2012,3.94
171,2,32,474,2013,4.16
171,2,32,474,2014,4.39
171,2,32,474,2015,4.63
171,2,32,474,2016,4.88
171,2,32,474,2017,5.19
171,2,235,474,1990,0.27
171,2,235,474,1991,0.27
171,2,235,474,1992,0.27
171,2,235,474,1993,0.27
171,2,235,474,1994,0.27
171,2,235,474,1995,0.26
171,2,235,474,1996,0.26
171,2,235,474,1997,0.26
171,2,235,474,1998,0.25
171,2,235,474,1999,0.25
171,2,235,474,2000,0.24
171,2,235,474,2001,0.24
171,2,235,474,2002,0.25
171,2,235,474,2003,0.26
171,2,235,474,2004,0.27
171,2,235,474,2005,0.3
171,2,235,474,2006,0.34
171,2,235,474,2007,0.38
171,2,235,474,2008,0.42
171,2,235,474,2009,0.47
171,2,235,474,2010,0.53
171,2,235,474,2011,0.59
171,2,235,474,2012,0.65
171,2,235,474,2013,0.71
171,2,235,474,2014,0.77
171,2,235,474,2015,0.82
171,2,235,474,2016,0.88
171,2,235,474,2017,0.94
172,2,8,474,1990,0
172,2,8,474,1991,0
172,2,8,474,1992,0
172,2,8,474,1993,0
172,2,8,474,1994,0
172,2,8,474,1995,0
172,2,8,474,1996,0
172,2,8,474,1997,0
172,2,8,474,1998,0
172,2,8,474,1999,0
172,2,8,474,2000,0
172,2,8,474,2001,0
172,2,8,474,2002,0
172,2,8,474,2003,0
172,2,8,474,2004,0
172,2,8,474,2005,0
172,2,8,474,2006,0.01
172,2,8,474,2007,0.01
172,2,8,474,2008,0.01
172,2,8,474,2009,0.01
172,2,8,474,2010,0.01
172,2,8,474,2011,0.01
172,2,8,474,2012,0.01
172,2,8,474,2013,0.01
172,2,8,474,2014,0.01
172,2,8,474,2015,0.01
172,2,8,474,2016,0.01
172,2,8,474,2017,0.01
172,2,9,474,1990,0.01
172,2,9,474,1991,0.01
172,2,9,474,1992,0.01
172,2,9,474,1993,0.01
172,2,9,474,1994,0.01
172,2,9,474,1995,0.01
172,2,9,474,1996,0.01
172,2,9,474,1997,0.01
172,2,9,474,1998,0.01
172,2,9,474,1999,0.01
172,2,9,474,2000,0.01
172,2,9,474,2001,0.01
172,2,9,474,2002,0.01
172,2,9,474,2003,0.01
172,2,9,474,2004,0.01
172,2,9,474,2005,0.01
172,2,9,474,2006,0.01
172,2,9,474,2007,0.01
172,2,9,474,2008,0.01
172,2,9,474,2009,0.01
172,2,9,474,2010,0.01
172,2,9,474,2011,0.01
172,2,9,474,2012,0.01
172,2,9,474,2013,0.01
172,2,9,474,2014,0.01
172,2,9,474,2015,0.01
172,2,9,474,2016,0.01
172,2,9,474,2017,0.01
172,2,10,474,1990,0.01
172,2,10,474,1991,0.01
172,2,10,474,1992,0.01
172,2,10,474,1993,0.01
172,2,10,474,1994,0.01
172,2,10,474,1995,0.01
172,2,10,474,1996,0.01
172,2,10,474,1997,0.01
172,2,10,474,1998,0.01
172,2,10,474,1999,0.01
172,2,10,474,2000,0.01
172,2,10,474,2001,0.01
172,2,10,474,2002,0.01
172,2,10,474,2003,0.01
172,2,10,474,2004,0.01
172,2,10,474,2005,0.01
172,2,10,474,2006,0.01
172,2,10,474,2007,0.01
172,2,10,474,2008,0.01
172,2,10,474,2009,0.01
172,2,10,474,2010,0.01
172,2,10,474,2011,0.01
172,2,10,474,2012,0.01
172,2,10,474,2013,0.01
172,2,10,474,2014,0.01
172,2,10,474,2015,0.01
172,2,10,474,2016,0.01
172,2,10,474,2017,0.01
172,2,11,474,1990,0.02
172,2,11,474,1991,0.02
172,2,11,474,1992,0.02
172,2,11,474,1993,0.02
172,2,11,474,1994,0.02
172,2,11,474,1995,0.02
172,2,11,474,1996,0.02
172,2,11,474,1997,0.02
172,2,11,474,1998,0.02
172,2,11,474,1999,0.02
172,2,11,474,2000,0.02
172,2,11,474,2001,0.02
172,2,11,474,2002,0.02
172,2,11,474,2003,0.02
172,2,11,474,2004,0.02
172,2,11,474,2005,0.02
172,2,11,474,2006,0.02
172,2,11,474,2007,0.02
172,2,11,474,2008,0.02
172,2,11,474,2009,0.02
172,2,11,474,2010,0.02
172,2,11,474,2011,0.02
172,2,11,474,2012,0.02
172,2,11,474,2013,0.02
172,2,11,474,2014,0.02
172,2,11,474,2015,0.03
172,2,11,474,2016,0.03
172,2,11,474,2017,0.03
172,2,12,474,1990,0.03
172,2,12,474,1991,0.03
172,2,12,474,1992,0.03
172,2,12,474,1993,0.03
172,2,12,474,1994,0.03
172,2,12,474,1995,0.03
172,2,12,474,1996,0.03
172,2,12,474,1997,0.03
172,2,12,474,1998,0.03
172,2,12,474,1999,0.03
172,2,12,474,2000,0.03
172,2,12,474,2001,0.03
172,2,12,474,2002,0.03
172,2,12,474,2003,0.03
172,2,12,474,2004,0.03
172,2,12,474,2005,0.03
172,2,12,474,2006,0.03
172,2,12,474,2007,0.03
172,2,12,474,2008,0.03
172,2,12,474,2009,0.03
172,2,12,474,2010,0.04
172,2,12,474,2011,0.04
172,2,12,474,2012,0.04
172,2,12,474,2013,0.04
172,2,12,474,2014,0.04
172,2,12,474,2015,0.04
172,2,12,474,2016,0.04
172,2,12,474,2017,0.05
172,2,13,474,1990,0.04
172,2,13,474,1991,0.04
172,2,13,474,1992,0.04
172,2,13,474,1993,0.04
172,2,13,474,1994,0.05
172,2,13,474,1995,0.05
172,2,13,474,1996,0.05
172,2,13,474,1997,0.05
172,2,13,474,1998,0.05
172,2,13,474,1999,0.05
172,2,13,474,2000,0.05
172,2,13,474,2001,0.04
172,2,13,474,2002,0.04
172,2,13,474,2003,0.05
172,2,13,474,2004,0.05
172,2,13,474,2005,0.05
172,2,13,474,2006,0.05
172,2,13,474,2007,0.05
172,2,13,474,2008,0.05
172,2,13,474,2009,0.06
172,2,13,474,2010,0.06
172,2,13,474,2011,0.06
172,2,13,474,2012,0.06
172,2,13,474,2013,0.06
172,2,13,474,2014,0.06
172,2,13,474,2015,0.07
172,2,13,474,2016,0.07
172,2,13,474,2017,0.07
172,2,14,474,1990,0.07
172,2,14,474,1991,0.07
172,2,14,474,1992,0.07
172,2,14,474,1993,0.07
172,2,14,474,1994,0.06
172,2,14,474,1995,0.06
172,2,14,474,1996,0.07
172,2,14,474,1997,0.07
172,2,14,474,1998,0.07
172,2,14,474,1999,0.07
172,2,14,474,2000,0.07
172,2,14,474,2001,0.07
172,2,14,474,2002,0.07
172,2,14,474,2003,0.07
172,2,14,474,2004,0.07
172,2,14,474,2005,0.07
172,2,14,474,2006,0.08
172,2,14,474,2007,0.08
172,2,14,474,2008,0.08
172,2,14,474,2009,0.09
172,2,14,474,2010,0.09
172,2,14,474,2011,0.09
172,2,14,474,2012,0.09
172,2,14,474,2013,0.1
172,2,14,474,2014,0.1
172,2,14,474,2015,0.11
172,2,14,474,2016,0.11
172,2,14,474,2017,0.11
172,2,15,474,1990,0.12
172,2,15,474,1991,0.12
172,2,15,474,1992,0.11
172,2,15,474,1993,0.12
172,2,15,474,1994,0.12
172,2,15,474,1995,0.12
172,2,15,474,1996,0.12
172,2,15,474,1997,0.11
172,2,15,474,1998,0.11
172,2,15,474,1999,0.1
172,2,15,474,2000,0.1
172,2,15,474,2001,0.1
172,2,15,474,2002,0.1
172,2,15,474,2003,0.11
172,2,15,474,2004,0.11
172,2,15,474,2005,0.12
172,2,15,474,2006,0.13
172,2,15,474,2007,0.13
172,2,15,474,2008,0.13
172,2,15,474,2009,0.14
172,2,15,474,2010,0.14
172,2,15,474,2011,0.14
172,2,15,474,2012,0.15
172,2,15,474,2013,0.15
172,2,15,474,2014,0.16
172,2,15,474,2015,0.17
172,2,15,474,2016,0.17
172,2,15,474,2017,0.18
172,2,16,474,1990,0.15
172,2,16,474,1991,0.15
172,2,16,474,1992,0.15
172,2,16,474,1993,0.15
172,2,16,474,1994,0.15
172,2,16,474,1995,0.16
172,2,16,474,1996,0.16
172,2,16,474,1997,0.15
172,2,16,474,1998,0.15
172,2,16,474,1999,0.15
172,2,16,474,2000,0.15
172,2,16,474,2001,0.14
172,2,16,474,2002,0.14
172,2,16,474,2003,0.14
172,2,16,474,2004,0.13
172,2,16,474,2005,0.13
172,2,16,474,2006,0.14
172,2,16,474,2007,0.15
172,2,16,474,2008,0.16
172,2,16,474,2009,0.18
172,2,16,474,2010,0.19
172,2,16,474,2011,0.19
172,2,16,474,2012,0.19
172,2,16,474,2013,0.19
172,2,16,474,2014,0.2
172,2,16,474,2015,0.21
172,2,16,474,2016,0.22
172,2,16,474,2017,0.23
172,2,17,474,1990,0.2
172,2,17,474,1991,0.2
172,2,17,474,1992,0.2
172,2,17,474,1993,0.2
172,2,17,474,1994,0.2
172,2,17,474,1995,0.21
172,2,17,474,1996,0.21
172,2,17,474,1997,0.21
172,2,17,474,1998,0.2
172,2,17,474,1999,0.2
172,2,17,474,2000,0.2
172,2,17,474,2001,0.2
172,2,17,474,2002,0.19
172,2,17,474,2003,0.2
172,2,17,474,2004,0.2
172,2,17,474,2005,0.2
172,2,17,474,2006,0.21
172,2,17,474,2007,0.21
172,2,17,474,2008,0.22
172,2,17,474,2009,0.21
172,2,17,474,2010,0.21
172,2,17,474,2011,0.22
172,2,17,474,2012,0.24
172,2,17,474,2013,0.25
172,2,17,474,2014,0.28
172,2,17,474,2015,0.3
172,2,17,474,2016,0.3
172,2,17,474,2017,0.3
172,2,18,474,1990,0.24
172,2,18,474,1991,0.24
172,2,18,474,1992,0.24
172,2,18,474,1993,0.24
172,2,18,474,1994,0.24
172,2,18,474,1995,0.24
172,2,18,474,1996,0.25
172,2,18,474,1997,0.24
172,2,18,474,1998,0.24
172,2,18,474,1999,0.24
172,2,18,474,2000,0.24
172,2,18,474,2001,0.24
172,2,18,474,2002,0.24
172,2,18,474,2003,0.24
172,2,18,474,2004,0.25
172,2,18,474,2005,0.25
172,2,18,474,2006,0.27
172,2,18,474,2007,0.28
172,2,18,474,2008,0.29
172,2,18,474,2009,0.3
172,2,18,474,2010,0.3
172,2,18,474,2011,0.31
172,2,18,474,2012,0.31
172,2,18,474,2013,0.31
172,2,18,474,2014,0.31
172,2,18,474,2015,0.3
172,2,18,474,2016,0.33
172,2,18,474,2017,0.35
172,2,19,474,1990,0.24
172,2,19,474,1991,0.24
172,2,19,474,1992,0.24
172,2,19,474,1993,0.24
172,2,19,474,1994,0.25
172,2,19,474,1995,0.25
172,2,19,474,1996,0.25
172,2,19,474,1997,0.25
172,2,19,474,1998,0.25
172,2,19,474,1999,0.24
172,2,19,474,2000,0.24
172,2,19,474,2001,0.24
172,2,19,474,2002,0.24
172,2,19,474,2003,0.25
172,2,19,474,2004,0.25
172,2,19,474,2005,0.26
172,2,19,474,2006,0.28
172,2,19,474,2007,0.29
172,2,19,474,2008,0.3
172,2,19,474,2009,0.31
172,2,19,474,2010,0.33
172,2,19,474,2011,0.33
172,2,19,474,2012,0.35
172,2,19,474,2013,0.35
172,2,19,474,2014,0.37
172,2,19,474,2015,0.39
172,2,19,474,2016,0.4
172,2,19,474,2017,0.4
172,2,20,474,1990,0.22
172,2,20,474,1991,0.22
172,2,20,474,1992,0.22
172,2,20,474,1993,0.22
172,2,20,474,1994,0.22
172,2,20,474,1995,0.23
172,2,20,474,1996,0.23
172,2,20,474,1997,0.23
172,2,20,474,1998,0.23
172,2,20,474,1999,0.23
172,2,20,474,2000,0.23
172,2,20,474,2001,0.23
172,2,20,474,2002,0.23
172,2,20,474,2003,0.24
172,2,20,474,2004,0.25
172,2,20,474,2005,0.26
172,2,20,474,2006,0.28
172,2,20,474,2007,0.29
172,2,20,474,2008,0.3
172,2,20,474,2009,0.32
172,2,20,474,2010,0.34
172,2,20,474,2011,0.35
172,2,20,474,2012,0.37
172,2,20,474,2013,0.38
172,2,20,474,2014,0.4
172,2,20,474,2015,0.42
172,2,20,474,2016,0.44
172,2,20,474,2017,0.46
172,2,22,474,1990,1.53
172,2,22,474,1991,1.54
172,2,22,474,1992,1.54
172,2,22,474,1993,1.56
172,2,22,474,1994,1.59
172,2,22,474,1995,1.61
172,2,22,474,1996,1.65
172,2,22,474,1997,1.61
172,2,22,474,1998,1.61
172,2,22,474,1999,1.6
172,2,22,474,2000,1.59
172,2,22,474,2001,1.59
172,2,22,474,2002,1.59
172,2,22,474,2003,1.64
172,2,22,474,2004,1.67
172,2,22,474,2005,1.72
172,2,22,474,2006,1.83
172,2,22,474,2007,1.9
172,2,22,474,2008,1.98
172,2,22,474,2009,2.08
172,2,22,474,2010,2.16
172,2,22,474,2011,2.23
172,2,22,474,2012,2.32
172,2,22,474,2013,2.4
172,2,22,474,2014,2.51
172,2,22,474,2015,2.64
172,2,22,474,2016,2.77
172,2,22,474,2017,2.87
172,2,30,474,1990,0.13
172,2,30,474,1991,0.13
172,2,30,474,1992,0.14
172,2,30,474,1993,0.14
172,2,30,474,1994,0.14
172,2,30,474,1995,0.14
172,2,30,474,1996,0.15
172,2,30,474,1997,0.15
172,2,30,474,1998,0.15
172,2,30,474,1999,0.15
172,2,30,474,2000,0.15
172,2,30,474,2001,0.16
172,2,30,474,2002,0.16
172,2,30,474,2003,0.17
172,2,30,474,2004,0.18
172,2,30,474,2005,0.19
172,2,30,474,2006,0.2
172,2,30,474,2007,0.21
172,2,30,474,2008,0.23
172,2,30,474,2009,0.24
172,2,30,474,2010,0.25
172,2,30,474,2011,0.27
172,2,30,474,2012,0.29
172,2,30,474,2013,0.3
172,2,30,474,2014,0.32
172,2,30,474,2015,0.34
172,2,30,474,2016,0.36
172,2,30,474,2017,0.38
172,2,31,474,1990,0.05
172,2,31,474,1991,0.05
172,2,31,474,1992,0.06
172,2,31,474,1993,0.06
172,2,31,474,1994,0.06
172,2,31,474,1995,0.06
172,2,31,474,1996,0.06
172,2,31,474,1997,0.07
172,2,31,474,1998,0.07
172,2,31,474,1999,0.07
172,2,31,474,2000,0.07
172,2,31,474,2001,0.07
172,2,31,474,2002,0.08
172,2,31,474,2003,0.08
172,2,31,474,2004,0.08
172,2,31,474,2005,0.09
172,2,31,474,2006,0.1
172,2,31,474,2007,0.1
172,2,31,474,2008,0.11
172,2,31,474,2009,0.12
172,2,31,474,2010,0.13
172,2,31,474,2011,0.14
172,2,31,474,2012,0.15
172,2,31,474,2013,0.15
172,2,31,474,2014,0.16
172,2,31,474,2015,0.18
172,2,31,474,2016,0.19
172,2,31,474,2017,0.2
172,2,32,474,1990,0.01
172,2,32,474,1991,0.01
172,2,32,474,1992,0.01
172,2,32,474,1993,0.01
172,2,32,474,1994,0.01
172,2,32,474,1995,0.02
172,2,32,474,1996,0.02
172,2,32,474,1997,0.02
172,2,32,474,1998,0.02
172,2,32,474,1999,0.02
172,2,32,474,2000,0.02
172,2,32,474,2001,0.02
172,2,32,474,2002,0.02
172,2,32,474,2003,0.02
172,2,32,474,2004,0.02
172,2,32,474,2005,0.03
172,2,32,474,2006,0.03
172,2,32,474,2007,0.03
172,2,32,474,2008,0.03
172,2,32,474,2009,0.03
172,2,32,474,2010,0.04
172,2,32,474,2011,0.04
172,2,32,474,2012,0.04
172,2,32,474,2013,0.05
172,2,32,474,2014,0.05
172,2,32,474,2015,0.06
172,2,32,474,2016,0.06
172,2,32,474,2017,0.06
172,2,235,474,1990,0
172,2,235,474,1991,0
172,2,235,474,1992,0
172,2,235,474,1993,0
172,2,235,474,1994,0
172,2,235,474,1995,0
172,2,235,474,1996,0
172,2,235,474,1997,0
172,2,235,474,1998,0
172,2,235,474,1999,0
172,2,235,474,2000,0
172,2,235,474,2001,0
172,2,235,474,2002,0
172,2,235,474,2003,0
172,2,235,474,2004,0
172,2,235,474,2005,0
172,2,235,474,2006,0
172,2,235,474,2007,0.01
172,2,235,474,2008,0.01
172,2,235,474,2009,0.01
172,2,235,474,2010,0.01
172,2,235,474,2011,0.01
172,2,235,474,2012,0.01
172,2,235,474,2013,0.01
172,2,235,474,2014,0.01
172,2,235,474,2015,0.01
172,2,235,474,2016,0.01
172,2,235,474,2017,0.01
173,2,8,474,1990,0.01
173,2,8,474,1991,0.01
173,2,8,474,1992,0.01
173,2,8,474,1993,0.01
173,2,8,474,1994,0.01
173,2,8,474,1995,0.01
173,2,8,474,1996,0.01
173,2,8,474,1997,0.01
173,2,8,474,1998,0.01
173,2,8,474,1999,0.01
173,2,8,474,2000,0.01
173,2,8,474,2001,0.01
173,2,8,474,2002,0.01
173,2,8,474,2003,0.01
173,2,8,474,2004,0.01
173,2,8,474,2005,0.01
173,2,8,474,2006,0.02
173,2,8,474,2007,0.02
173,2,8,474,2008,0.02
173,2,8,474,2009,0.02
173,2,8,474,2010,0.02
173,2,8,474,2011,0.02
173,2,8,474,2012,0.02
173,2,8,474,2013,0.02
173,2,8,474,2014,0.02
173,2,8,474,2015,0.02
173,2,8,474,2016,0.02
173,2,8,474,2017,0.02
173,2,9,474,1990,0.01
173,2,9,474,1991,0.02
173,2,9,474,1992,0.02
173,2,9,474,1993,0.02
173,2,9,474,1994,0.02
173,2,9,474,1995,0.02
173,2,9,474,1996,0.02
173,2,9,474,1997,0.02
173,2,9,474,1998,0.02
173,2,9,474,1999,0.02
173,2,9,474,2000,0.02
173,2,9,474,2001,0.02
173,2,9,474,2002,0.02
173,2,9,474,2003,0.02
173,2,9,474,2004,0.02
173,2,9,474,2005,0.02
173,2,9,474,2006,0.02
173,2,9,474,2007,0.02
173,2,9,474,2008,0.02
173,2,9,474,2009,0.02
173,2,9,474,2010,0.02
173,2,9,474,2011,0.02
173,2,9,474,2012,0.02
173,2,9,474,2013,0.02
173,2,9,474,2014,0.03
173,2,9,474,2015,0.03
173,2,9,474,2016,0.03
173,2,9,474,2017,0.03
173,2,10,474,1990,0.03
173,2,10,474,1991,0.03
173,2,10,474,1992,0.03
173,2,10,474,1993,0.03
173,2,10,474,1994,0.03
173,2,10,474,1995,0.03
173,2,10,474,1996,0.03
173,2,10,474,1997,0.04
173,2,10,474,1998,0.04
173,2,10,474,1999,0.04
173,2,10,474,2000,0.04
173,2,10,474,2001,0.04
173,2,10,474,2002,0.04
173,2,10,474,2003,0.04
173,2,10,474,2004,0.04
173,2,10,474,2005,0.04
173,2,10,474,2006,0.04
173,2,10,474,2007,0.04
173,2,10,474,2008,0.04
173,2,10,474,2009,0.04
173,2,10,474,2010,0.04
173,2,10,474,2011,0.04
173,2,10,474,2012,0.04
173,2,10,474,2013,0.04
173,2,10,474,2014,0.04
173,2,10,474,2015,0.04
173,2,10,474,2016,0.05
173,2,10,474,2017,0.05
173,2,11,474,1990,0.05
173,2,11,474,1991,0.05
173,2,11,474,1992,0.05
173,2,11,474,1993,0.06
173,2,11,474,1994,0.06
173,2,11,474,1995,0.07
173,2,11,474,1996,0.07
173,2,11,474,1997,0.07
173,2,11,474,1998,0.08
173,2,11,474,1999,0.07
173,2,11,474,2000,0.08
173,2,11,474,2001,0.08
173,2,11,474,2002,0.08
173,2,11,474,2003,0.08
173,2,11,474,2004,0.08
173,2,11,474,2005,0.08
173,2,11,474,2006,0.08
173,2,11,474,2007,0.08
173,2,11,474,2008,0.08
173,2,11,474,2009,0.08
173,2,11,474,2010,0.08
173,2,11,474,2011,0.09
173,2,11,474,2012,0.09
173,2,11,474,2013,0.09
173,2,11,474,2014,0.09
173,2,11,474,2015,0.09
173,2,11,474,2016,0.09
173,2,11,474,2017,0.09
173,2,12,474,1990,0.08
173,2,12,474,1991,0.09
173,2,12,474,1992,0.09
173,2,12,474,1993,0.09
173,2,12,474,1994,0.09
173,2,12,474,1995,0.1
173,2,12,474,1996,0.11
173,2,12,474,1997,0.11
173,2,12,474,1998,0.12
173,2,12,474,1999,0.12
173,2,12,474,2000,0.12
173,2,12,474,2001,0.13
173,2,12,474,2002,0.13
173,2,12,474,2003,0.13
173,2,12,474,2004,0.13
173,2,12,474,2005,0.13
173,2,12,474,2006,0.14
173,2,12,474,2007,0.14
173,2,12,474,2008,0.14
173,2,12,474,2009,0.14
173,2,12,474,2010,0.14
173,2,12,474,2011,0.14
173,2,12,474,2012,0.14
173,2,12,474,2013,0.14
173,2,12,474,2014,0.15
173,2,12,474,2015,0.15
173,2,12,474,2016,0.16
173,2,12,474,2017,0.16
173,2,13,474,1990,0.1
173,2,13,474,1991,0.12
173,2,13,474,1992,0.13
173,2,13,474,1993,0.14
173,2,13,474,1994,0.16
173,2,13,474,1995,0.19
173,2,13,474,1996,0.19
173,2,13,474,1997,0.19
173,2,13,474,1998,0.2
173,2,13,474,1999,0.2
173,2,13,474,2000,0.21
173,2,13,474,2001,0.22
173,2,13,474,2002,0.22
173,2,13,474,2003,0.23
173,2,13,474,2004,0.24
173,2,13,474,2005,0.24
173,2,13,474,2006,0.25
173,2,13,474,2007,0.25
173,2,13,474,2008,0.25
173,2,13,474,2009,0.25
173,2,13,474,2010,0.25
173,2,13,474,2011,0.25
173,2,13,474,2012,0.25
173,2,13,474,2013,0.25
173,2,13,474,2014,0.26
173,2,13,474,2015,0.27
173,2,13,474,2016,0.27
173,2,13,474,2017,0.27
173,2,14,474,1990,0.23
173,2,14,474,1991,0.23
173,2,14,474,1992,0.23
173,2,14,474,1993,0.23
173,2,14,474,1994,0.22
173,2,14,474,1995,0.22
173,2,14,474,1996,0.25
173,2,14,474,1997,0.27
173,2,14,474,1998,0.3
173,2,14,474,1999,0.32
173,2,14,474,2000,0.36
173,2,14,474,2001,0.36
173,2,14,474,2002,0.36
173,2,14,474,2003,0.36
173,2,14,474,2004,0.37
173,2,14,474,2005,0.37
173,2,14,474,2006,0.39
173,2,14,474,2007,0.4
173,2,14,474,2008,0.41
173,2,14,474,2009,0.41
173,2,14,474,2010,0.41
173,2,14,474,2011,0.42
173,2,14,474,2012,0.43
173,2,14,474,2013,0.43
173,2,14,474,2014,0.44
173,2,14,474,2015,0.45
173,2,14,474,2016,0.46
173,2,14,474,2017,0.47
173,2,15,474,1990,0.48
173,2,15,474,1991,0.48
173,2,15,474,1992,0.48
173,2,15,474,1993,0.47
173,2,15,474,1994,0.48
173,2,15,474,1995,0.49
173,2,15,474,1996,0.5
173,2,15,474,1997,0.5
173,2,15,474,1998,0.51
173,2,15,474,1999,0.47
173,2,15,474,2000,0.43
173,2,15,474,2001,0.49
173,2,15,474,2002,0.52
173,2,15,474,2003,0.56
173,2,15,474,2004,0.62
173,2,15,474,2005,0.68
173,2,15,474,2006,0.68
173,2,15,474,2007,0.66
173,2,15,474,2008,0.66
173,2,15,474,2009,0.66
173,2,15,474,2010,0.66
173,2,15,474,2011,0.68
173,2,15,474,2012,0.7
173,2,15,474,2013,0.72
173,2,15,474,2014,0.75
173,2,15,474,2015,0.78
173,2,15,474,2016,0.79
173,2,15,474,2017,0.8
173,2,16,474,1990,0.75
173,2,16,474,1991,0.76
173,2,16,474,1992,0.77
173,2,16,474,1993,0.78
173,2,16,474,1994,0.8
173,2,16,474,1995,0.81
173,2,16,474,1996,0.83
173,2,16,474,1997,0.82
173,2,16,474,1998,0.82
173,2,16,474,1999,0.81
173,2,16,474,2000,0.81
173,2,16,474,2001,0.8
173,2,16,474,2002,0.79
173,2,16,474,2003,0.79
173,2,16,474,2004,0.74
173,2,16,474,2005,0.68
173,2,16,474,2006,0.76
173,2,16,474,2007,0.81
173,2,16,474,2008,0.86
173,2,16,474,2009,0.94
173,2,16,474,2010,1.01
173,2,16,474,2011,0.99
173,2,16,474,2012,0.98
173,2,16,474,2013,0.98
173,2,16,474,2014,1
173,2,16,474,2015,1.03
173,2,16,474,2016,1.06
173,2,16,474,2017,1.09
173,2,17,474,1990,1.1
173,2,17,474,1991,1.13
173,2,17,474,1992,1.16
173,2,17,474,1993,1.2
173,2,17,474,1994,1.25
173,2,17,474,1995,1.29
173,2,17,474,1996,1.33
173,2,17,474,1997,1.35
173,2,17,474,1998,1.36
173,2,17,474,1999,1.36
173,2,17,474,2000,1.36
173,2,17,474,2001,1.35
173,2,17,474,2002,1.31
173,2,17,474,2003,1.3
173,2,17,474,2004,1.29
173,2,17,474,2005,1.25
173,2,17,474,2006,1.24
173,2,17,474,2007,1.19
173,2,17,474,2008,1.18
173,2,17,474,2009,1.08
173,2,17,474,2010,0.97
173,2,17,474,2011,1.08
173,2,17,474,2012,1.17
173,2,17,474,2013,1.25
173,2,17,474,2014,1.39
173,2,17,474,2015,1.56
173,2,17,474,2016,1.53
173,2,17,474,2017,1.51
173,2,18,474,1990,1.47
173,2,18,474,1991,1.51
173,2,18,474,1992,1.54
173,2,18,474,1993,1.6
173,2,18,474,1994,1.68
173,2,18,474,1995,1.75
173,2,18,474,1996,1.85
173,2,18,474,1997,1.89
173,2,18,474,1998,1.94
173,2,18,474,1999,1.99
173,2,18,474,2000,2.02
173,2,18,474,2001,2.05
173,2,18,474,2002,2.02
173,2,18,474,2003,2.05
173,2,18,474,2004,2.05
173,2,18,474,2005,2
173,2,18,474,2006,1.98
173,2,18,474,2007,1.9
173,2,18,474,2008,1.85
173,2,18,474,2009,1.78
173,2,18,474,2010,1.7
173,2,18,474,2011,1.68
173,2,18,474,2012,1.66
173,2,18,474,2013,1.65
173,2,18,474,2014,1.55
173,2,18,474,2015,1.43
173,2,18,474,2016,1.6
173,2,18,474,2017,1.74
173,2,19,474,1990,1.65
173,2,19,474,1991,1.69
173,2,19,474,1992,1.74
173,2,19,474,1993,1.82
173,2,19,474,1994,1.91
173,2,19,474,1995,1.98
173,2,19,474,1996,2.07
173,2,19,474,1997,2.12
173,2,19,474,1998,2.19
173,2,19,474,1999,2.26
173,2,19,474,2000,2.32
173,2,19,474,2001,2.37
173,2,19,474,2002,2.36
173,2,19,474,2003,2.43
173,2,19,474,2004,2.46
173,2,19,474,2005,2.45
173,2,19,474,2006,2.47
173,2,19,474,2007,2.42
173,2,19,474,2008,2.42
173,2,19,474,2009,2.37
173,2,19,474,2010,2.31
173,2,19,474,2011,2.3
173,2,19,474,2012,2.28
173,2,19,474,2013,2.25
173,2,19,474,2014,2.24
173,2,19,474,2015,2.22
173,2,19,474,2016,2.2
173,2,19,474,2017,2.19
173,2,20,474,1990,1.8
173,2,20,474,1991,1.84
173,2,20,474,1992,1.87
173,2,20,474,1993,1.95
173,2,20,474,1994,2.05
173,2,20,474,1995,2.14
173,2,20,474,1996,2.26
173,2,20,474,1997,2.32
173,2,20,474,1998,2.41
173,2,20,474,1999,2.49
173,2,20,474,2000,2.54
173,2,20,474,2001,2.6
173,2,20,474,2002,2.61
173,2,20,474,2003,2.69
173,2,20,474,2004,2.76
173,2,20,474,2005,2.76
173,2,20,474,2006,2.82
173,2,20,474,2007,2.8
173,2,20,474,2008,2.85
173,2,20,474,2009,2.85
173,2,20,474,2010,2.85
173,2,20,474,2011,2.9
173,2,20,474,2012,2.94
173,2,20,474,2013,2.95
173,2,20,474,2014,2.97
173,2,20,474,2015,2.98
173,2,20,474,2016,2.98
173,2,20,474,2017,2.97
173,2,22,474,1990,10.38
173,2,22,474,1991,10.65
173,2,22,474,1992,10.92
173,2,22,474,1993,11.3
173,2,22,474,1994,11.86
173,2,22,474,1995,12.31
173,2,22,474,1996,12.9
173,2,22,474,1997,13.2
173,2,22,474,1998,13.59
173,2,22,474,1999,13.91
173,2,22,474,2000,14.14
173,2,22,474,2001,14.44
173,2,22,474,2002,14.42
173,2,22,474,2003,14.78
173,2,22,474,2004,14.99
173,2,22,474,2005,14.92
173,2,22,474,2006,15.19
173,2,22,474,2007,15.05
173,2,22,474,2008,15.26
173,2,22,474,2009,15.2
173,2,22,474,2010,15.09
173,2,22,474,2011,15.44
173,2,22,474,2012,15.75
173,2,22,474,2013,16.01
173,2,22,474,2014,16.35
173,2,22,474,2015,16.7
173,2,22,474,2016,17.07
173,2,22,474,2017,17.42
173,2,30,474,1990,1.49
173,2,30,474,1991,1.54
173,2,30,474,1992,1.58
173,2,30,474,1993,1.65
173,2,30,474,1994,1.74
173,2,30,474,1995,1.8
173,2,30,474,1996,1.89
173,2,30,474,1997,1.93
173,2,30,474,1998,2
173,2,30,474,1999,2.07
173,2,30,474,2000,2.12
173,2,30,474,2001,2.18
173,2,30,474,2002,2.19
173,2,30,474,2003,2.27
173,2,30,474,2004,2.33
173,2,30,474,2005,2.35
173,2,30,474,2006,2.41
173,2,30,474,2007,2.42
173,2,30,474,2008,2.49
173,2,30,474,2009,2.54
173,2,30,474,2010,2.58
173,2,30,474,2011,2.68
173,2,30,474,2012,2.77
173,2,30,474,2013,2.85
173,2,30,474,2014,2.94
173,2,30,474,2015,3.03
173,2,30,474,2016,3.1
173,2,30,474,2017,3.15
173,2,31,474,1990,0.8
173,2,31,474,1991,0.84
173,2,31,474,1992,0.87
173,2,31,474,1993,0.91
173,2,31,474,1994,0.97
173,2,31,474,1995,1.01
173,2,31,474,1996,1.07
173,2,31,474,1997,1.1
173,2,31,474,1998,1.14
173,2,31,474,1999,1.18
173,2,31,474,2000,1.2
173,2,31,474,2001,1.23
173,2,31,474,2002,1.23
173,2,31,474,2003,1.26
173,2,31,474,2004,1.29
173,2,31,474,2005,1.3
173,2,31,474,2006,1.34
173,2,31,474,2007,1.35
173,2,31,474,2008,1.39
173,2,31,474,2009,1.42
173,2,31,474,2010,1.45
173,2,31,474,2011,1.51
173,2,31,474,2012,1.58
173,2,31,474,2013,1.65
173,2,31,474,2014,1.74
173,2,31,474,2015,1.82
173,2,31,474,2016,1.91
173,2,31,474,2017,1.99
173,2,32,474,1990,0.26
173,2,32,474,1991,0.27
173,2,32,474,1992,0.28
173,2,32,474,1993,0.3
173,2,32,474,1994,0.32
173,2,32,474,1995,0.33
173,2,32,474,1996,0.36
173,2,32,474,1997,0.37
173,2,32,474,1998,0.39
173,2,32,474,1999,0.4
173,2,32,474,2000,0.41
173,2,32,474,2001,0.42
173,2,32,474,2002,0.42
173,2,32,474,2003,0.43
173,2,32,474,2004,0.45
173,2,32,474,2005,0.45
173,2,32,474,2006,0.45
173,2,32,474,2007,0.45
173,2,32,474,2008,0.47
173,2,32,474,2009,0.48
173,2,32,474,2010,0.49
173,2,32,474,2011,0.52
173,2,32,474,2012,0.55
173,2,32,474,2013,0.58
173,2,32,474,2014,0.61
173,2,32,474,2015,0.64
173,2,32,474,2016,0.68
173,2,32,474,2017,0.71
173,2,235,474,1990,0.06
173,2,235,474,1991,0.06
173,2,235,474,1992,0.06
173,2,235,474,1993,0.07
173,2,235,474,1994,0.07
173,2,235,474,1995,0.07
173,2,235,474,1996,0.08
173,2,235,474,1997,0.08
173,2,235,474,1998,0.09
173,2,235,474,1999,0.09
173,2,235,474,2000,0.09
173,2,235,474,2001,0.1
173,2,235,474,2002,0.1
173,2,235,474,2003,0.1
173,2,235,474,2004,0.1
173,2,235,474,2005,0.1
173,2,235,474,2006,0.11
173,2,235,474,2007,0.11
173,2,235,474,2008,0.11
173,2,235,474,2009,0.11
173,2,235,474,2010,0.11
173,2,235,474,2011,0.12
173,2,235,474,2012,0.12
173,2,235,474,2013,0.13
173,2,235,474,2014,0.14
173,2,235,474,2015,0.15
173,2,235,474,2016,0.16
173,2,235,474,2017,0.17
175,2,8,474,1990,0.1
175,2,8,474,1991,0.1
175,2,8,474,1992,0.1
175,2,8,474,1993,0.1
175,2,8,474,1994,0.11
175,2,8,474,1995,0.11
175,2,8,474,1996,0.11
175,2,8,474,1997,0.11
175,2,8,474,1998,0.11
175,2,8,474,1999,0.11
175,2,8,474,2000,0.11
175,2,8,474,2001,0.1
175,2,8,474,2002,0.1
175,2,8,474,2003,0.1
175,2,8,474,2004,0.11
175,2,8,474,2005,0.11
175,2,8,474,2006,0.1
175,2,8,474,2007,0.09
175,2,8,474,2008,0.09
175,2,8,474,2009,0.09
175,2,8,474,2010,0.08
175,2,8,474,2011,0.08
175,2,8,474,2012,0.08
175,2,8,474,2013,0.08
175,2,8,474,2014,0.08
175,2,8,474,2015,0.08
175,2,8,474,2016,0.07
175,2,8,474,2017,0.08
175,2,9,474,1990,0.14
175,2,9,474,1991,0.14
175,2,9,474,1992,0.12
175,2,9,474,1993,0.12
175,2,9,474,1994,0.14
175,2,9,474,1995,0.13
175,2,9,474,1996,0.13
175,2,9,474,1997,0.12
175,2,9,474,1998,0.13
175,2,9,474,1999,0.12
175,2,9,474,2000,0.12
175,2,9,474,2001,0.12
175,2,9,474,2002,0.12
175,2,9,474,2003,0.12
175,2,9,474,2004,0.12
175,2,9,474,2005,0.12
175,2,9,474,2006,0.12
175,2,9,474,2007,0.11
175,2,9,474,2008,0.11
175,2,9,474,2009,0.12
175,2,9,474,2010,0.11
175,2,9,474,2011,0.1
175,2,9,474,2012,0.1
175,2,9,474,2013,0.1
175,2,9,474,2014,0.1
175,2,9,474,2015,0.09
175,2,9,474,2016,0.09
175,2,9,474,2017,0.09
175,2,10,474,1990,0.29
175,2,10,474,1991,0.29
175,2,10,474,1992,0.26
175,2,10,474,1993,0.26
175,2,10,474,1994,0.28
175,2,10,474,1995,0.26
175,2,10,474,1996,0.24
175,2,10,474,1997,0.23
175,2,10,474,1998,0.23
175,2,10,474,1999,0.22
175,2,10,474,2000,0.21
175,2,10,474,2001,0.2
175,2,10,474,2002,0.2
175,2,10,474,2003,0.2
175,2,10,474,2004,0.2
175,2,10,474,2005,0.2
175,2,10,474,2006,0.19
175,2,10,474,2007,0.19
175,2,10,474,2008,0.19
175,2,10,474,2009,0.19
175,2,10,474,2010,0.19
175,2,10,474,2011,0.19
175,2,10,474,2012,0.18
175,2,10,474,2013,0.18
175,2,10,474,2014,0.18
175,2,10,474,2015,0.18
175,2,10,474,2016,0.17
175,2,10,474,2017,0.17
175,2,11,474,1990,0.35
175,2,11,474,1991,0.35
175,2,11,474,1992,0.33
175,2,11,474,1993,0.33
175,2,11,474,1994,0.35
175,2,11,474,1995,0.34
175,2,11,474,1996,0.33
175,2,11,474,1997,0.32
175,2,11,474,1998,0.31
175,2,11,474,1999,0.29
175,2,11,474,2000,0.27
175,2,11,474,2001,0.25
175,2,11,474,2002,0.24
175,2,11,474,2003,0.23
175,2,11,474,2004,0.23
175,2,11,474,2005,0.23
175,2,11,474,2006,0.21
175,2,11,474,2007,0.2
175,2,11,474,2008,0.2
175,2,11,474,2009,0.2
175,2,11,474,2010,0.2
175,2,11,474,2011,0.2
175,2,11,474,2012,0.2
175,2,11,474,2013,0.21
175,2,11,474,2014,0.21
175,2,11,474,2015,0.21
175,2,11,474,2016,0.21
175,2,11,474,2017,0.22
175,2,12,474,1990,0.49
175,2,12,474,1991,0.51
175,2,12,474,1992,0.51
175,2,12,474,1993,0.52
175,2,12,474,1994,0.55
175,2,12,474,1995,0.55
175,2,12,474,1996,0.55
175,2,12,474,1997,0.53
175,2,12,474,1998,0.52
175,2,12,474,1999,0.5
175,2,12,474,2000,0.47
175,2,12,474,2001,0.44
175,2,12,474,2002,0.42
175,2,12,474,2003,0.4
175,2,12,474,2004,0.38
175,2,12,474,2005,0.37
175,2,12,474,2006,0.34
175,2,12,474,2007,0.31
175,2,12,474,2008,0.3
175,2,12,474,2009,0.3
175,2,12,474,2010,0.29
175,2,12,474,2011,0.28
175,2,12,474,2012,0.28
175,2,12,474,2013,0.29
175,2,12,474,2014,0.29
175,2,12,474,2015,0.3
175,2,12,474,2016,0.32
175,2,12,474,2017,0.33
175,2,13,474,1990,0.79
175,2,13,474,1991,0.82
175,2,13,474,1992,0.83
175,2,13,474,1993,0.87
175,2,13,474,1994,0.94
175,2,13,474,1995,0.95
175,2,13,474,1996,0.97
175,2,13,474,1997,0.97
175,2,13,474,1998,0.98
175,2,13,474,1999,0.96
175,2,13,474,2000,0.93
175,2,13,474,2001,0.88
175,2,13,474,2002,0.84
175,2,13,474,2003,0.82
175,2,13,474,2004,0.8
175,2,13,474,2005,0.79
175,2,13,474,2006,0.71
175,2,13,474,2007,0.65
175,2,13,474,2008,0.61
175,2,13,474,2009,0.59
175,2,13,474,2010,0.57
175,2,13,474,2011,0.54
175,2,13,474,2012,0.53
175,2,13,474,2013,0.53
175,2,13,474,2014,0.54
175,2,13,474,2015,0.54
175,2,13,474,2016,0.55
175,2,13,474,2017,0.58
175,2,14,474,1990,1.12
175,2,14,474,1991,1.13
175,2,14,474,1992,1.12
175,2,14,474,1993,1.15
175,2,14,474,1994,1.19
175,2,14,474,1995,1.24
175,2,14,474,1996,1.28
175,2,14,474,1997,1.29
175,2,14,474,1998,1.3
175,2,14,474,1999,1.3
175,2,14,474,2000,1.26
175,2,14,474,2001,1.22
175,2,14,474,2002,1.2
175,2,14,474,2003,1.19
175,2,14,474,2004,1.19
175,2,14,474,2005,1.18
175,2,14,474,2006,1.08
175,2,14,474,2007,1
175,2,14,474,2008,0.95
175,2,14,474,2009,0.92
175,2,14,474,2010,0.9
175,2,14,474,2011,0.87
175,2,14,474,2012,0.86
175,2,14,474,2013,0.85
175,2,14,474,2014,0.84
175,2,14,474,2015,0.83
175,2,14,474,2016,0.83
175,2,14,474,2017,0.85
175,2,15,474,1990,1.88
175,2,15,474,1991,1.86
175,2,15,474,1992,1.81
175,2,15,474,1993,1.8
175,2,15,474,1994,1.84
175,2,15,474,1995,1.85
175,2,15,474,1996,1.84
175,2,15,474,1997,1.82
175,2,15,474,1998,1.81
175,2,15,474,1999,1.73
175,2,15,474,2000,1.73
175,2,15,474,2001,1.7
175,2,15,474,2002,1.68
175,2,15,474,2003,1.69
175,2,15,474,2004,1.74
175,2,15,474,2005,1.73
175,2,15,474,2006,1.62
175,2,15,474,2007,1.54
175,2,15,474,2008,1.5
175,2,15,474,2009,1.47
175,2,15,474,2010,1.45
175,2,15,474,2011,1.4
175,2,15,474,2012,1.39
175,2,15,474,2013,1.38
175,2,15,474,2014,1.38
175,2,15,474,2015,1.39
175,2,15,474,2016,1.39
175,2,15,474,2017,1.41
175,2,16,474,1990,2.68
175,2,16,474,1991,2.71
175,2,16,474,1992,2.7
175,2,16,474,1993,2.72
175,2,16,474,1994,2.73
175,2,16,474,1995,2.69
175,2,16,474,1996,2.63
175,2,16,474,1997,2.54
175,2,16,474,1998,2.45
175,2,16,474,1999,2.34
175,2,16,474,2000,2.25
175,2,16,474,2001,2.15
175,2,16,474,2002,2.08
175,2,16,474,2003,2.04
175,2,16,474,2004,2.01
175,2,16,474,2005,2.08
175,2,16,474,2006,1.94
175,2,16,474,2007,1.84
175,2,16,474,2008,1.79
175,2,16,474,2009,1.81
175,2,16,474,2010,1.79
175,2,16,474,2011,1.77
175,2,16,474,2012,1.81
175,2,16,474,2013,1.85
175,2,16,474,2014,1.89
175,2,16,474,2015,1.92
175,2,16,474,2016,1.94
175,2,16,474,2017,1.98
175,2,17,474,1990,3.79
175,2,17,474,1991,3.85
175,2,17,474,1992,3.88
175,2,17,474,1993,3.95
175,2,17,474,1994,4.04
175,2,17,474,1995,4.06
175,2,17,474,1996,4.07
175,2,17,474,1997,4.02
175,2,17,474,1998,3.92
175,2,17,474,1999,3.72
175,2,17,474,2000,3.51
175,2,17,474,2001,3.27
175,2,17,474,2002,3.07
175,2,17,474,2003,2.93
175,2,17,474,2004,2.86
175,2,17,474,2005,2.82
175,2,17,474,2006,2.57
175,2,17,474,2007,2.39
175,2,17,474,2008,2.29
175,2,17,474,2009,2.19
175,2,17,474,2010,2.24
175,2,17,474,2011,2.23
175,2,17,474,2012,2.28
175,2,17,474,2013,2.34
175,2,17,474,2014,2.46
175,2,17,474,2015,2.51
175,2,17,474,2016,2.61
175,2,17,474,2017,2.75
175,2,18,474,1990,4.95
175,2,18,474,1991,4.96
175,2,18,474,1992,4.95
175,2,18,474,1993,5
175,2,18,474,1994,5.08
175,2,18,474,1995,5.08
175,2,18,474,1996,5.13
175,2,18,474,1997,5.1
175,2,18,474,1998,5.04
175,2,18,474,1999,4.9
175,2,18,474,2000,4.72
175,2,18,474,2001,4.53
175,2,18,474,2002,4.37
175,2,18,474,2003,4.24
175,2,18,474,2004,4.12
175,2,18,474,2005,3.99
175,2,18,474,2006,3.54
175,2,18,474,2007,3.2
175,2,18,474,2008,2.97
175,2,18,474,2009,2.84
175,2,18,474,2010,2.78
175,2,18,474,2011,2.69
175,2,18,474,2012,2.68
175,2,18,474,2013,2.7
175,2,18,474,2014,2.69
175,2,18,474,2015,2.84
175,2,18,474,2016,2.96
175,2,18,474,2017,3.11
175,2,19,474,1990,5.27
175,2,19,474,1991,5.24
175,2,19,474,1992,5.21
175,2,19,474,1993,5.19
175,2,19,474,1994,5.15
175,2,19,474,1995,5.32
175,2,19,474,1996,5.3
175,2,19,474,1997,5.19
175,2,19,474,1998,5.07
175,2,19,474,1999,4.91
175,2,19,474,2000,4.72
175,2,19,474,2001,4.57
175,2,19,474,2002,4.46
175,2,19,474,2003,4.39
175,2,19,474,2004,4.37
175,2,19,474,2005,4.32
175,2,19,474,2006,3.97
175,2,19,474,2007,3.69
175,2,19,474,2008,3.49
175,2,19,474,2009,3.33
175,2,19,474,2010,3.21
175,2,19,474,2011,3.04
175,2,19,474,2012,2.94
175,2,19,474,2013,2.88
175,2,19,474,2014,2.88
175,2,19,474,2015,2.92
175,2,19,474,2016,2.95
175,2,19,474,2017,3.03
175,2,20,474,1990,4.08
175,2,20,474,1991,4.08
175,2,20,474,1992,4.08
175,2,20,474,1993,4.09
175,2,20,474,1994,4.12
175,2,20,474,1995,4.09
175,2,20,474,1996,4.05
175,2,20,474,1997,3.95
175,2,20,474,1998,3.83
175,2,20,474,1999,3.67
175,2,20,474,2000,3.66
175,2,20,474,2001,3.51
175,2,20,474,2002,3.41
175,2,20,474,2003,3.35
175,2,20,474,2004,3.34
175,2,20,474,2005,3.32
175,2,20,474,2006,3.08
175,2,20,474,2007,2.91
175,2,20,474,2008,2.81
175,2,20,474,2009,2.76
175,2,20,474,2010,2.73
175,2,20,474,2011,2.66
175,2,20,474,2012,2.63
175,2,20,474,2013,2.62
175,2,20,474,2014,2.61
175,2,20,474,2015,2.59
175,2,20,474,2016,2.58
175,2,20,474,2017,2.58
175,2,22,474,1990,29.32
175,2,22,474,1991,29.57
175,2,22,474,1992,29.57
175,2,22,474,1993,29.89
175,2,22,474,1994,30.41
175,2,22,474,1995,30.62
175,2,22,474,1996,30.58
175,2,22,474,1997,30.14
175,2,22,474,1998,29.59
175,2,22,474,1999,28.62
175,2,22,474,2000,27.67
175,2,22,474,2001,26.54
175,2,22,474,2002,25.71
175,2,22,474,2003,25.18
175,2,22,474,2004,24.93
175,2,22,474,2005,24.81
175,2,22,474,2006,22.73
175,2,22,474,2007,21.21
175,2,22,474,2008,20.28
175,2,22,474,2009,19.73
175,2,22,474,2010,19.53
175,2,22,474,2011,19
175,2,22,474,2012,18.93
175,2,22,474,2013,19.06
175,2,22,474,2014,19.3
175,2,22,474,2015,19.66
175,2,22,474,2016,20.04
175,2,22,474,2017,20.71
175,2,30,474,1990,2.52
175,2,30,474,1991,2.63
175,2,30,474,1992,2.73
175,2,30,474,1993,2.81
175,2,30,474,1994,2.89
175,2,30,474,1995,2.9
175,2,30,474,1996,2.89
175,2,30,474,1997,2.84
175,2,30,474,1998,2.79
175,2,30,474,1999,2.72
175,2,30,474,2000,2.61
175,2,30,474,2001,2.52
175,2,30,474,2002,2.45
175,2,30,474,2003,2.41
175,2,30,474,2004,2.38
175,2,30,474,2005,2.47
175,2,30,474,2006,2.27
175,2,30,474,2007,2.14
175,2,30,474,2008,2.07
175,2,30,474,2009,2.05
175,2,30,474,2010,2.06
175,2,30,474,2011,2.04
175,2,30,474,2012,2.07
175,2,30,474,2013,2.11
175,2,30,474,2014,2.18
175,2,30,474,2015,2.24
175,2,30,474,2016,2.31
175,2,30,474,2017,2.39
175,2,31,474,1990,0.73
175,2,31,474,1991,0.76
175,2,31,474,1992,0.79
175,2,31,474,1993,0.81
175,2,31,474,1994,0.85
175,2,31,474,1995,0.88
175,2,31,474,1996,0.91
175,2,31,474,1997,0.93
175,2,31,474,1998,0.94
175,2,31,474,1999,0.94
175,2,31,474,2000,0.92
175,2,31,474,2001,0.89
175,2,31,474,2002,0.88
175,2,31,474,2003,0.88
175,2,31,474,2004,0.88
175,2,31,474,2005,0.88
175,2,31,474,2006,0.81
175,2,31,474,2007,0.76
175,2,31,474,2008,0.74
175,2,31,474,2009,0.73
175,2,31,474,2010,0.76
175,2,31,474,2011,0.75
175,2,31,474,2012,0.75
175,2,31,474,2013,0.77
175,2,31,474,2014,0.79
175,2,31,474,2015,0.83
175,2,31,474,2016,0.87
175,2,31,474,2017,0.91
175,2,32,474,1990,0.12
175,2,32,474,1991,0.12
175,2,32,474,1992,0.13
175,2,32,474,1993,0.13
175,2,32,474,1994,0.14
175,2,32,474,1995,0.14
175,2,32,474,1996,0.14
175,2,32,474,1997,0.15
175,2,32,474,1998,0.15
175,2,32,474,1999,0.15
175,2,32,474,2000,0.16
175,2,32,474,2001,0.16
175,2,32,474,2002,0.16
175,2,32,474,2003,0.17
175,2,32,474,2004,0.17
175,2,32,474,2005,0.17
175,2,32,474,2006,0.16
175,2,32,474,2007,0.15
175,2,32,474,2008,0.15
175,2,32,474,2009,0.15
175,2,32,474,2010,0.15
175,2,32,474,2011,0.14
175,2,32,474,2012,0.14
175,2,32,474,2013,0.15
175,2,32,474,2014,0.15
175,2,32,474,2015,0.16
175,2,32,474,2016,0.17
175,2,32,474,2017,0.18
175,2,235,474,1990,0.02
175,2,235,474,1991,0.02
175,2,235,474,1992,0.02
175,2,235,474,1993,0.02
175,2,235,474,1994,0.02
175,2,235,474,1995,0.02
175,2,235,474,1996,0.02
175,2,235,474,1997,0.02
175,2,235,474,1998,0.02
175,2,235,474,1999,0.02
175,2,235,474,2000,0.02
175,2,235,474,2001,0.02
175,2,235,474,2002,0.02
175,2,235,474,2003,0.02
175,2,235,474,2004,0.02
175,2,235,474,2005,0.03
175,2,235,474,2006,0.02
175,2,235,474,2007,0.02
175,2,235,474,2008,0.02
175,2,235,474,2009,0.02
175,2,235,474,2010,0.02
175,2,235,474,2011,0.02
175,2,235,474,2012,0.02
175,2,235,474,2013,0.02
175,2,235,474,2014,0.02
175,2,235,474,2015,0.02
175,2,235,474,2016,0.03
175,2,235,474,2017,0.03
176,2,8,474,1990,0.01
176,2,8,474,1991,0.01
176,2,8,474,1992,0.01
176,2,8,474,1993,0.01
176,2,8,474,1994,0.01
176,2,8,474,1995,0.01
176,2,8,474,1996,0.01
176,2,8,474,1997,0.01
176,2,8,474,1998,0.01
176,2,8,474,1999,0.01
176,2,8,474,2000,0.01
176,2,8,474,2001,0.01
176,2,8,474,2002,0.01
176,2,8,474,2003,0.01
176,2,8,474,2004,0.01
176,2,8,474,2005,0.01
176,2,8,474,2006,0.01
176,2,8,474,2007,0.01
176,2,8,474,2008,0.01
176,2,8,474,2009,0.01
176,2,8,474,2010,0.01
176,2,8,474,2011,0.01
176,2,8,474,2012,0.01
176,2,8,474,2013,0.01
176,2,8,474,2014,0.01
176,2,8,474,2015,0.01
176,2,8,474,2016,0.01
176,2,8,474,2017,0.01
176,2,9,474,1990,0.01
176,2,9,474,1991,0.01
176,2,9,474,1992,0.01
176,2,9,474,1993,0.01
176,2,9,474,1994,0.01
176,2,9,474,1995,0.01
176,2,9,474,1996,0.01
176,2,9,474,1997,0.01
176,2,9,474,1998,0.01
176,2,9,474,1999,0.01
176,2,9,474,2000,0.01
176,2,9,474,2001,0.01
176,2,9,474,2002,0.01
176,2,9,474,2003,0.01
176,2,9,474,2004,0.01
176,2,9,474,2005,0.01
176,2,9,474,2006,0.01
176,2,9,474,2007,0.01
176,2,9,474,2008,0.01
176,2,9,474,2009,0.01
176,2,9,474,2010,0.01
176,2,9,474,2011,0.01
176,2,9,474,2012,0.01
176,2,9,474,2013,0.01
176,2,9,474,2014,0.01
176,2,9,474,2015,0.01
176,2,9,474,2016,0.01
176,2,9,474,2017,0.01
176,2,10,474,1990,0.02
176,2,10,474,1991,0.02
176,2,10,474,1992,0.02
176,2,10,474,1993,0.02
176,2,10,474,1994,0.02
176,2,10,474,1995,0.02
176,2,10,474,1996,0.02
176,2,10,474,1997,0.02
176,2,10,474,1998,0.02
176,2,10,474,1999,0.02
176,2,10,474,2000,0.02
176,2,10,474,2001,0.02
176,2,10,474,2002,0.02
176,2,10,474,2003,0.02
176,2,10,474,2004,0.02
176,2,10,474,2005,0.02
176,2,10,474,2006,0.02
176,2,10,474,2007,0.02
176,2,10,474,2008,0.02
176,2,10,474,2009,0.02
176,2,10,474,2010,0.02
176,2,10,474,2011,0.02
176,2,10,474,2012,0.02
176,2,10,474,2013,0.02
176,2,10,474,2014,0.02
176,2,10,474,2015,0.02
176,2,10,474,2016,0.02
176,2,10,474,2017,0.02
176,2,11,474,1990,0.02
176,2,11,474,1991,0.02
176,2,11,474,1992,0.02
176,2,11,474,1993,0.02
176,2,11,474,1994,0.02
176,2,11,474,1995,0.02
176,2,11,474,1996,0.02
176,2,11,474,1997,0.02
176,2,11,474,1998,0.02
176,2,11,474,1999,0.02
176,2,11,474,2000,0.02
176,2,11,474,2001,0.02
176,2,11,474,2002,0.02
176,2,11,474,2003,0.02
176,2,11,474,2004,0.02
176,2,11,474,2005,0.02
176,2,11,474,2006,0.02
176,2,11,474,2007,0.02
176,2,11,474,2008,0.02
176,2,11,474,2009,0.02
176,2,11,474,2010,0.02
176,2,11,474,2011,0.02
176,2,11,474,2012,0.02
176,2,11,474,2013,0.02
176,2,11,474,2014,0.02
176,2,11,474,2015,0.02
176,2,11,474,2016,0.02
176,2,11,474,2017,0.02
176,2,12,474,1990,0.03
176,2,12,474,1991,0.03
176,2,12,474,1992,0.03
176,2,12,474,1993,0.03
176,2,12,474,1994,0.03
176,2,12,474,1995,0.03
176,2,12,474,1996,0.03
176,2,12,474,1997,0.03
176,2,12,474,1998,0.03
176,2,12,474,1999,0.03
176,2,12,474,2000,0.03
176,2,12,474,2001,0.03
176,2,12,474,2002,0.03
176,2,12,474,2003,0.03
176,2,12,474,2004,0.03
176,2,12,474,2005,0.03
176,2,12,474,2006,0.03
176,2,12,474,2007,0.03
176,2,12,474,2008,0.03
176,2,12,474,2009,0.03
176,2,12,474,2010,0.03
176,2,12,474,2011,0.04
176,2,12,474,2012,0.04
176,2,12,474,2013,0.04
176,2,12,474,2014,0.04
176,2,12,474,2015,0.04
176,2,12,474,2016,0.04
176,2,12,474,2017,0.04
176,2,13,474,1990,0.05
176,2,13,474,1991,0.05
176,2,13,474,1992,0.05
176,2,13,474,1993,0.05
176,2,13,474,1994,0.05
176,2,13,474,1995,0.05
176,2,13,474,1996,0.05
176,2,13,474,1997,0.05
176,2,13,474,1998,0.05
176,2,13,474,1999,0.05
176,2,13,474,2000,0.05
176,2,13,474,2001,0.05
176,2,13,474,2002,0.05
176,2,13,474,2003,0.05
176,2,13,474,2004,0.05
176,2,13,474,2005,0.05
176,2,13,474,2006,0.06
176,2,13,474,2007,0.06
176,2,13,474,2008,0.06
176,2,13,474,2009,0.06
176,2,13,474,2010,0.06
176,2,13,474,2011,0.06
176,2,13,474,2012,0.07
176,2,13,474,2013,0.07
176,2,13,474,2014,0.07
176,2,13,474,2015,0.07
176,2,13,474,2016,0.07
176,2,13,474,2017,0.07
176,2,14,474,1990,0.07
176,2,14,474,1991,0.07
176,2,14,474,1992,0.07
176,2,14,474,1993,0.08
176,2,14,474,1994,0.08
176,2,14,474,1995,0.08
176,2,14,474,1996,0.08
176,2,14,474,1997,0.08
176,2,14,474,1998,0.08
176,2,14,474,1999,0.07
176,2,14,474,2000,0.08
176,2,14,474,2001,0.08
176,2,14,474,2002,0.08
176,2,14,474,2003,0.08
176,2,14,474,2004,0.08
176,2,14,474,2005,0.08
176,2,14,474,2006,0.08
176,2,14,474,2007,0.08
176,2,14,474,2008,0.08
176,2,14,474,2009,0.08
176,2,14,474,2010,0.09
176,2,14,474,2011,0.09
176,2,14,474,2012,0.09
176,2,14,474,2013,0.1
176,2,14,474,2014,0.1
176,2,14,474,2015,0.1
176,2,14,474,2016,0.11
176,2,14,474,2017,0.11
176,2,15,474,1990,0.11
176,2,15,474,1991,0.11
176,2,15,474,1992,0.11
176,2,15,474,1993,0.11
176,2,15,474,1994,0.12
176,2,15,474,1995,0.12
176,2,15,474,1996,0.12
176,2,15,474,1997,0.13
176,2,15,474,1998,0.13
176,2,15,474,1999,0.13
176,2,15,474,2000,0.12
176,2,15,474,2001,0.12
176,2,15,474,2002,0.12
176,2,15,474,2003,0.12
176,2,15,474,2004,0.12
176,2,15,474,2005,0.12
176,2,15,474,2006,0.12
176,2,15,474,2007,0.13
176,2,15,474,2008,0.13
176,2,15,474,2009,0.13
176,2,15,474,2010,0.13
176,2,15,474,2011,0.14
176,2,15,474,2012,0.14
176,2,15,474,2013,0.15
176,2,15,474,2014,0.15
176,2,15,474,2015,0.16
176,2,15,474,2016,0.16
176,2,15,474,2017,0.17
176,2,16,474,1990,0.14
176,2,16,474,1991,0.15
176,2,16,474,1992,0.16
176,2,16,474,1993,0.16
176,2,16,474,1994,0.17
176,2,16,474,1995,0.17
176,2,16,474,1996,0.17
176,2,16,474,1997,0.17
176,2,16,474,1998,0.18
176,2,16,474,1999,0.18
176,2,16,474,2000,0.18
176,2,16,474,2001,0.18
176,2,16,474,2002,0.18
176,2,16,474,2003,0.18
176,2,16,474,2004,0.19
176,2,16,474,2005,0.18
176,2,16,474,2006,0.18
176,2,16,474,2007,0.18
176,2,16,474,2008,0.18
176,2,16,474,2009,0.18
176,2,16,474,2010,0.19
176,2,16,474,2011,0.2
176,2,16,474,2012,0.2
176,2,16,474,2013,0.21
176,2,16,474,2014,0.21
176,2,16,474,2015,0.22
176,2,16,474,2016,0.22
176,2,16,474,2017,0.23
176,2,17,474,1990,0.22
176,2,17,474,1991,0.22
176,2,17,474,1992,0.23
176,2,17,474,1993,0.24
176,2,17,474,1994,0.24
176,2,17,474,1995,0.25
176,2,17,474,1996,0.26
176,2,17,474,1997,0.27
176,2,17,474,1998,0.27
176,2,17,474,1999,0.27
176,2,17,474,2000,0.27
176,2,17,474,2001,0.27
176,2,17,474,2002,0.27
176,2,17,474,2003,0.27
176,2,17,474,2004,0.27
176,2,17,474,2005,0.28
176,2,17,474,2006,0.28
176,2,17,474,2007,0.29
176,2,17,474,2008,0.3
176,2,17,474,2009,0.31
176,2,17,474,2010,0.3
176,2,17,474,2011,0.3
176,2,17,474,2012,0.31
176,2,17,474,2013,0.31
176,2,17,474,2014,0.31
176,2,17,474,2015,0.33
176,2,17,474,2016,0.34
176,2,17,474,2017,0.35
176,2,18,474,1990,0.28
176,2,18,474,1991,0.3
176,2,18,474,1992,0.31
176,2,18,474,1993,0.32
176,2,18,474,1994,0.32
176,2,18,474,1995,0.33
176,2,18,474,1996,0.33
176,2,18,474,1997,0.34
176,2,18,474,1998,0.34
176,2,18,474,1999,0.34
176,2,18,474,2000,0.35
176,2,18,474,2001,0.36
176,2,18,474,2002,0.36
176,2,18,474,2003,0.37
176,2,18,474,2004,0.37
176,2,18,474,2005,0.38
176,2,18,474,2006,0.38
176,2,18,474,2007,0.38
176,2,18,474,2008,0.38
176,2,18,474,2009,0.39
176,2,18,474,2010,0.41
176,2,18,474,2011,0.42
176,2,18,474,2012,0.43
176,2,18,474,2013,0.45
176,2,18,474,2014,0.47
176,2,18,474,2015,0.45
176,2,18,474,2016,0.47
176,2,18,474,2017,0.47
176,2,19,474,1990,0.27
176,2,19,474,1991,0.27
176,2,19,474,1992,0.29
176,2,19,474,1993,0.3
176,2,19,474,1994,0.32
176,2,19,474,1995,0.34
176,2,19,474,1996,0.36
176,2,19,474,1997,0.36
176,2,19,474,1998,0.37
176,2,19,474,1999,0.37
176,2,19,474,2000,0.37
176,2,19,474,2001,0.37
176,2,19,474,2002,0.37
176,2,19,474,2003,0.38
176,2,19,474,2004,0.39
176,2,19,474,2005,0.39
176,2,19,474,2006,0.41
176,2,19,474,2007,0.42
176,2,19,474,2008,0.44
176,2,19,474,2009,0.45
176,2,19,474,2010,0.46
176,2,19,474,2011,0.47
176,2,19,474,2012,0.48
176,2,19,474,2013,0.49
176,2,19,474,2014,0.51
176,2,19,474,2015,0.53
176,2,19,474,2016,0.55
176,2,19,474,2017,0.57
176,2,20,474,1990,0.21
176,2,20,474,1991,0.22
176,2,20,474,1992,0.22
176,2,20,474,1993,0.23
176,2,20,474,1994,0.23
176,2,20,474,1995,0.24
176,2,20,474,1996,0.24
176,2,20,474,1997,0.25
176,2,20,474,1998,0.26
176,2,20,474,1999,0.27
176,2,20,474,2000,0.28
176,2,20,474,2001,0.3
176,2,20,474,2002,0.3
176,2,20,474,2003,0.31
176,2,20,474,2004,0.31
176,2,20,474,2005,0.32
176,2,20,474,2006,0.32
176,2,20,474,2007,0.33
176,2,20,474,2008,0.34
176,2,20,474,2009,0.35
176,2,20,474,2010,0.36
176,2,20,474,2011,0.39
176,2,20,474,2012,0.4
176,2,20,474,2013,0.42
176,2,20,474,2014,0.44
176,2,20,474,2015,0.45
176,2,20,474,2016,0.47
176,2,20,474,2017,0.48
176,2,22,474,1990,1.65
176,2,22,474,1991,1.7
176,2,22,474,1992,1.76
176,2,22,474,1993,1.82
176,2,22,474,1994,1.88
176,2,22,474,1995,1.93
176,2,22,474,1996,1.98
176,2,22,474,1997,2.02
176,2,22,474,1998,2.06
176,2,22,474,1999,2.08
176,2,22,474,2000,2.09
176,2,22,474,2001,2.11
176,2,22,474,2002,2.13
176,2,22,474,2003,2.17
176,2,22,474,2004,2.21
176,2,22,474,2005,2.26
176,2,22,474,2006,2.32
176,2,22,474,2007,2.36
176,2,22,474,2008,2.44
176,2,22,474,2009,2.5
176,2,22,474,2010,2.57
176,2,22,474,2011,2.65
176,2,22,474,2012,2.75
176,2,22,474,2013,2.84
176,2,22,474,2014,2.94
176,2,22,474,2015,3.04
176,2,22,474,2016,3.15
176,2,22,474,2017,3.25
176,2,30,474,1990,0.16
176,2,30,474,1991,0.16
176,2,30,474,1992,0.17
176,2,30,474,1993,0.17
176,2,30,474,1994,0.18
176,2,30,474,1995,0.19
176,2,30,474,1996,0.19
176,2,30,474,1997,0.2
176,2,30,474,1998,0.2
176,2,30,474,1999,0.21
176,2,30,474,2000,0.21
176,2,30,474,2001,0.21
176,2,30,474,2002,0.22
176,2,30,474,2003,0.23
176,2,30,474,2004,0.25
176,2,30,474,2005,0.26
176,2,30,474,2006,0.28
176,2,30,474,2007,0.29
176,2,30,474,2008,0.3
176,2,30,474,2009,0.31
176,2,30,474,2010,0.32
176,2,30,474,2011,0.33
176,2,30,474,2012,0.35
176,2,30,474,2013,0.36
176,2,30,474,2014,0.38
176,2,30,474,2015,0.41
176,2,30,474,2016,0.44
176,2,30,474,2017,0.46
176,2,31,474,1990,0.06
176,2,31,474,1991,0.06
176,2,31,474,1992,0.06
176,2,31,474,1993,0.06
176,2,31,474,1994,0.07
176,2,31,474,1995,0.07
176,2,31,474,1996,0.07
176,2,31,474,1997,0.07
176,2,31,474,1998,0.07
176,2,31,474,1999,0.08
176,2,31,474,2000,0.08
176,2,31,474,2001,0.08
176,2,31,474,2002,0.08
176,2,31,474,2003,0.09
176,2,31,474,2004,0.09
176,2,31,474,2005,0.09
176,2,31,474,2006,0.1
176,2,31,474,2007,0.1
176,2,31,474,2008,0.11
176,2,31,474,2009,0.12
176,2,31,474,2010,0.13
176,2,31,474,2011,0.14
176,2,31,474,2012,0.15
176,2,31,474,2013,0.16
176,2,31,474,2014,0.17
176,2,31,474,2015,0.18
176,2,31,474,2016,0.18
176,2,31,474,2017,0.19
176,2,32,474,1990,0.01
176,2,32,474,1991,0.01
176,2,32,474,1992,0.01
176,2,32,474,1993,0.01
176,2,32,474,1994,0.01
176,2,32,474,1995,0.01
176,2,32,474,1996,0.01
176,2,32,474,1997,0.01
176,2,32,474,1998,0.02
176,2,32,474,1999,0.02
176,2,32,474,2000,0.02
176,2,32,474,2001,0.02
176,2,32,474,2002,0.02
176,2,32,474,2003,0.02
176,2,32,474,2004,0.02
176,2,32,474,2005,0.02
176,2,32,474,2006,0.02
176,2,32,474,2007,0.02
176,2,32,474,2008,0.02
176,2,32,474,2009,0.02
176,2,32,474,2010,0.03
176,2,32,474,2011,0.03
176,2,32,474,2012,0.03
176,2,32,474,2013,0.03
176,2,32,474,2014,0.04
176,2,32,474,2015,0.04
176,2,32,474,2016,0.04
176,2,32,474,2017,0.05
176,2,235,474,1990,0
176,2,235,474,1991,0
176,2,235,474,1992,0
176,2,235,474,1993,0
176,2,235,474,1994,0
176,2,235,474,1995,0
176,2,235,474,1996,0
176,2,235,474,1997,0
176,2,235,474,1998,0
176,2,235,474,1999,0
176,2,235,474,2000,0
176,2,235,474,2001,0
176,2,235,474,2002,0
176,2,235,474,2003,0
176,2,235,474,2004,0
176,2,235,474,2005,0
176,2,235,474,2006,0
176,2,235,474,2007,0
176,2,235,474,2008,0
176,2,235,474,2009,0
176,2,235,474,2010,0
176,2,235,474,2011,0
176,2,235,474,2012,0
176,2,235,474,2013,0.01
176,2,235,474,2014,0.01
176,2,235,474,2015,0.01
176,2,235,474,2016,0.01
176,2,235,474,2017,0.01
177,2,8,474,1990,0.01
177,2,8,474,1991,0.01
177,2,8,474,1992,0.01
177,2,8,474,1993,0.01
177,2,8,474,1994,0.01
177,2,8,474,1995,0.01
177,2,8,474,1996,0.01
177,2,8,474,1997,0.01
177,2,8,474,1998,0.01
177,2,8,474,1999,0.01
177,2,8,474,2000,0.01
177,2,8,474,2001,0.01
177,2,8,474,2002,0.01
177,2,8,474,2003,0.01
177,2,8,474,2004,0.01
177,2,8,474,2005,0.01
177,2,8,474,2006,0.01
177,2,8,474,2007,0.01
177,2,8,474,2008,0.01
177,2,8,474,2009,0.01
177,2,8,474,2010,0.01
177,2,8,474,2011,0.01
177,2,8,474,2012,0.01
177,2,8,474,2013,0.01
177,2,8,474,2014,0.01
177,2,8,474,2015,0.01
177,2,8,474,2016,0.01
177,2,8,474,2017,0.01
177,2,9,474,1990,0.01
177,2,9,474,1991,0.01
177,2,9,474,1992,0.01
177,2,9,474,1993,0.01
177,2,9,474,1994,0.01
177,2,9,474,1995,0.01
177,2,9,474,1996,0.01
177,2,9,474,1997,0.01
177,2,9,474,1998,0.01
177,2,9,474,1999,0.01
177,2,9,474,2000,0.01
177,2,9,474,2001,0.01
177,2,9,474,2002,0.01
177,2,9,474,2003,0.01
177,2,9,474,2004,0.01
177,2,9,474,2005,0.01
177,2,9,474,2006,0.01
177,2,9,474,2007,0.01
177,2,9,474,2008,0.01
177,2,9,474,2009,0.01
177,2,9,474,2010,0.01
177,2,9,474,2011,0.01
177,2,9,474,2012,0.01
177,2,9,474,2013,0.01
177,2,9,474,2014,0.01
177,2,9,474,2015,0.01
177,2,9,474,2016,0.01
177,2,9,474,2017,0.01
177,2,10,474,1990,0.02
177,2,10,474,1991,0.02
177,2,10,474,1992,0.02
177,2,10,474,1993,0.02
177,2,10,474,1994,0.02
177,2,10,474,1995,0.02
177,2,10,474,1996,0.02
177,2,10,474,1997,0.02
177,2,10,474,1998,0.02
177,2,10,474,1999,0.02
177,2,10,474,2000,0.02
177,2,10,474,2001,0.02
177,2,10,474,2002,0.02
177,2,10,474,2003,0.02
177,2,10,474,2004,0.02
177,2,10,474,2005,0.02
177,2,10,474,2006,0.03
177,2,10,474,2007,0.03
177,2,10,474,2008,0.03
177,2,10,474,2009,0.03
177,2,10,474,2010,0.03
177,2,10,474,2011,0.03
177,2,10,474,2012,0.03
177,2,10,474,2013,0.03
177,2,10,474,2014,0.03
177,2,10,474,2015,0.03
177,2,10,474,2016,0.03
177,2,10,474,2017,0.03
177,2,11,474,1990,0.02
177,2,11,474,1991,0.02
177,2,11,474,1992,0.02
177,2,11,474,1993,0.02
177,2,11,474,1994,0.02
177,2,11,474,1995,0.02
177,2,11,474,1996,0.02
177,2,11,474,1997,0.02
177,2,11,474,1998,0.02
177,2,11,474,1999,0.02
177,2,11,474,2000,0.02
177,2,11,474,2001,0.02
177,2,11,474,2002,0.03
177,2,11,474,2003,0.03
177,2,11,474,2004,0.03
177,2,11,474,2005,0.03
177,2,11,474,2006,0.03
177,2,11,474,2007,0.03
177,2,11,474,2008,0.03
177,2,11,474,2009,0.04
177,2,11,474,2010,0.04
177,2,11,474,2011,0.04
177,2,11,474,2012,0.04
177,2,11,474,2013,0.04
177,2,11,474,2014,0.04
177,2,11,474,2015,0.04
177,2,11,474,2016,0.05
177,2,11,474,2017,0.05
177,2,12,474,1990,0.03
177,2,12,474,1991,0.03
177,2,12,474,1992,0.03
177,2,12,474,1993,0.03
177,2,12,474,1994,0.03
177,2,12,474,1995,0.04
177,2,12,474,1996,0.04
177,2,12,474,1997,0.04
177,2,12,474,1998,0.04
177,2,12,474,1999,0.04
177,2,12,474,2000,0.04
177,2,12,474,2001,0.04
177,2,12,474,2002,0.04
177,2,12,474,2003,0.04
177,2,12,474,2004,0.05
177,2,12,474,2005,0.05
177,2,12,474,2006,0.05
177,2,12,474,2007,0.05
177,2,12,474,2008,0.05
177,2,12,474,2009,0.05
177,2,12,474,2010,0.06
177,2,12,474,2011,0.06
177,2,12,474,2012,0.07
177,2,12,474,2013,0.07
177,2,12,474,2014,0.07
177,2,12,474,2015,0.08
177,2,12,474,2016,0.08
177,2,12,474,2017,0.08
177,2,13,474,1990,0.05
177,2,13,474,1991,0.06
177,2,13,474,1992,0.06
177,2,13,474,1993,0.06
177,2,13,474,1994,0.06
177,2,13,474,1995,0.07
177,2,13,474,1996,0.07
177,2,13,474,1997,0.08
177,2,13,474,1998,0.08
177,2,13,474,1999,0.08
177,2,13,474,2000,0.08
177,2,13,474,2001,0.08
177,2,13,474,2002,0.08
177,2,13,474,2003,0.08
177,2,13,474,2004,0.09
177,2,13,474,2005,0.09
177,2,13,474,2006,0.09
177,2,13,474,2007,0.09
177,2,13,474,2008,0.1
177,2,13,474,2009,0.1
177,2,13,474,2010,0.1
177,2,13,474,2011,0.11
177,2,13,474,2012,0.11
177,2,13,474,2013,0.12
177,2,13,474,2014,0.13
177,2,13,474,2015,0.14
177,2,13,474,2016,0.15
177,2,13,474,2017,0.16
177,2,14,474,1990,0.08
177,2,14,474,1991,0.08
177,2,14,474,1992,0.09
177,2,14,474,1993,0.09
177,2,14,474,1994,0.1
177,2,14,474,1995,0.1
177,2,14,474,1996,0.1
177,2,14,474,1997,0.11
177,2,14,474,1998,0.12
177,2,14,474,1999,0.12
177,2,14,474,2000,0.13
177,2,14,474,2001,0.13
177,2,14,474,2002,0.13
177,2,14,474,2003,0.13
177,2,14,474,2004,0.13
177,2,14,474,2005,0.13
177,2,14,474,2006,0.13
177,2,14,474,2007,0.14
177,2,14,474,2008,0.14
177,2,14,474,2009,0.15
177,2,14,474,2010,0.15
177,2,14,474,2011,0.16
177,2,14,474,2012,0.17
177,2,14,474,2013,0.17
177,2,14,474,2014,0.18
177,2,14,474,2015,0.19
177,2,14,474,2016,0.2
177,2,14,474,2017,0.21
177,2,15,474,1990,0.11
177,2,15,474,1991,0.12
177,2,15,474,1992,0.12
177,2,15,474,1993,0.13
177,2,15,474,1994,0.13
177,2,15,474,1995,0.14
177,2,15,474,1996,0.15
177,2,15,474,1997,0.16
177,2,15,474,1998,0.16
177,2,15,474,1999,0.17
177,2,15,474,2000,0.16
177,2,15,474,2001,0.17
177,2,15,474,2002,0.17
177,2,15,474,2003,0.18
177,2,15,474,2004,0.18
177,2,15,474,2005,0.2
177,2,15,474,2006,0.2
177,2,15,474,2007,0.2
177,2,15,474,2008,0.21
177,2,15,474,2009,0.21
177,2,15,474,2010,0.21
177,2,15,474,2011,0.22
177,2,15,474,2012,0.22
177,2,15,474,2013,0.23
177,2,15,474,2014,0.25
177,2,15,474,2015,0.26
177,2,15,474,2016,0.28
177,2,15,474,2017,0.29
177,2,16,474,1990,0.14
177,2,16,474,1991,0.15
177,2,16,474,1992,0.16
177,2,16,474,1993,0.17
177,2,16,474,1994,0.18
177,2,16,474,1995,0.19
177,2,16,474,1996,0.2
177,2,16,474,1997,0.2
177,2,16,474,1998,0.21
177,2,16,474,1999,0.22
177,2,16,474,2000,0.22
177,2,16,474,2001,0.23
177,2,16,474,2002,0.24
177,2,16,474,2003,0.24
177,2,16,474,2004,0.26
177,2,16,474,2005,0.24
177,2,16,474,2006,0.25
177,2,16,474,2007,0.26
177,2,16,474,2008,0.28
177,2,16,474,2009,0.28
177,2,16,474,2010,0.3
177,2,16,474,2011,0.31
177,2,16,474,2012,0.32
177,2,16,474,2013,0.32
177,2,16,474,2014,0.33
177,2,16,474,2015,0.34
177,2,16,474,2016,0.35
177,2,16,474,2017,0.36
177,2,17,474,1990,0.18
177,2,17,474,1991,0.19
177,2,17,474,1992,0.2
177,2,17,474,1993,0.21
177,2,17,474,1994,0.22
177,2,17,474,1995,0.23
177,2,17,474,1996,0.24
177,2,17,474,1997,0.25
177,2,17,474,1998,0.26
177,2,17,474,1999,0.28
177,2,17,474,2000,0.28
177,2,17,474,2001,0.29
177,2,17,474,2002,0.29
177,2,17,474,2003,0.31
177,2,17,474,2004,0.31
177,2,17,474,2005,0.32
177,2,17,474,2006,0.34
177,2,17,474,2007,0.35
177,2,17,474,2008,0.35
177,2,17,474,2009,0.39
177,2,17,474,2010,0.37
177,2,17,474,2011,0.38
177,2,17,474,2012,0.4
177,2,17,474,2013,0.43
177,2,17,474,2014,0.43
177,2,17,474,2015,0.48
177,2,17,474,2016,0.5
177,2,17,474,2017,0.51
177,2,18,474,1990,0.2
177,2,18,474,1991,0.21
177,2,18,474,1992,0.23
177,2,18,474,1993,0.24
177,2,18,474,1994,0.25
177,2,18,474,1995,0.27
177,2,18,474,1996,0.28
177,2,18,474,1997,0.29
177,2,18,474,1998,0.31
177,2,18,474,1999,0.31
177,2,18,474,2000,0.32
177,2,18,474,2001,0.33
177,2,18,474,2002,0.34
177,2,18,474,2003,0.35
177,2,18,474,2004,0.37
177,2,18,474,2005,0.39
177,2,18,474,2006,0.4
177,2,18,474,2007,0.41
177,2,18,474,2008,0.42
177,2,18,474,2009,0.43
177,2,18,474,2010,0.45
177,2,18,474,2011,0.47
177,2,18,474,2012,0.5
177,2,18,474,2013,0.51
177,2,18,474,2014,0.56
177,2,18,474,2015,0.54
177,2,18,474,2016,0.57
177,2,18,474,2017,0.6
177,2,19,474,1990,0.2
177,2,19,474,1991,0.21
177,2,19,474,1992,0.22
177,2,19,474,1993,0.24
177,2,19,474,1994,0.25
177,2,19,474,1995,0.26
177,2,19,474,1996,0.28
177,2,19,474,1997,0.29
177,2,19,474,1998,0.3
177,2,19,474,1999,0.31
177,2,19,474,2000,0.32
177,2,19,474,2001,0.33
177,2,19,474,2002,0.34
177,2,19,474,2003,0.35
177,2,19,474,2004,0.36
177,2,19,474,2005,0.37
177,2,19,474,2006,0.39
177,2,19,474,2007,0.4
177,2,19,474,2008,0.41
177,2,19,474,2009,0.44
177,2,19,474,2010,0.46
177,2,19,474,2011,0.47
177,2,19,474,2012,0.49
177,2,19,474,2013,0.52
177,2,19,474,2014,0.55
177,2,19,474,2015,0.58
177,2,19,474,2016,0.62
177,2,19,474,2017,0.66
177,2,20,474,1990,0.15
177,2,20,474,1991,0.15
177,2,20,474,1992,0.16
177,2,20,474,1993,0.17
177,2,20,474,1994,0.18
177,2,20,474,1995,0.19
177,2,20,474,1996,0.2
177,2,20,474,1997,0.2
177,2,20,474,1998,0.22
177,2,20,474,1999,0.22
177,2,20,474,2000,0.23
177,2,20,474,2001,0.23
177,2,20,474,2002,0.24
177,2,20,474,2003,0.25
177,2,20,474,2004,0.26
177,2,20,474,2005,0.27
177,2,20,474,2006,0.28
177,2,20,474,2007,0.29
177,2,20,474,2008,0.31
177,2,20,474,2009,0.32
177,2,20,474,2010,0.33
177,2,20,474,2011,0.35
177,2,20,474,2012,0.37
177,2,20,474,2013,0.39
177,2,20,474,2014,0.42
177,2,20,474,2015,0.45
177,2,20,474,2016,0.48
177,2,20,474,2017,0.5
177,2,22,474,1990,1.34
177,2,22,474,1991,1.4
177,2,22,474,1992,1.48
177,2,22,474,1993,1.56
177,2,22,474,1994,1.65
177,2,22,474,1995,1.74
177,2,22,474,1996,1.82
177,2,22,474,1997,1.9
177,2,22,474,1998,1.98
177,2,22,474,1999,2.05
177,2,22,474,2000,2.08
177,2,22,474,2001,2.13
177,2,22,474,2002,2.21
177,2,22,474,2003,2.29
177,2,22,474,2004,2.38
177,2,22,474,2005,2.45
177,2,22,474,2006,2.53
177,2,22,474,2007,2.61
177,2,22,474,2008,2.7
177,2,22,474,2009,2.81
177,2,22,474,2010,2.91
177,2,22,474,2011,3.04
177,2,22,474,2012,3.18
177,2,22,474,2013,3.33
177,2,22,474,2014,3.52
177,2,22,474,2015,3.7
177,2,22,474,2016,3.9
177,2,22,474,2017,4.1
177,2,30,474,1990,0.1
177,2,30,474,1991,0.11
177,2,30,474,1992,0.12
177,2,30,474,1993,0.13
177,2,30,474,1994,0.13
177,2,30,474,1995,0.14
177,2,30,474,1996,0.15
177,2,30,474,1997,0.15
177,2,30,474,1998,0.16
177,2,30,474,1999,0.17
177,2,30,474,2000,0.17
177,2,30,474,2001,0.18
177,2,30,474,2002,0.18
177,2,30,474,2003,0.19
177,2,30,474,2004,0.2
177,2,30,474,2005,0.21
177,2,30,474,2006,0.22
177,2,30,474,2007,0.23
177,2,30,474,2008,0.24
177,2,30,474,2009,0.25
177,2,30,474,2010,0.27
177,2,30,474,2011,0.28
177,2,30,474,2012,0.3
177,2,30,474,2013,0.32
177,2,30,474,2014,0.34
177,2,30,474,2015,0.37
177,2,30,474,2016,0.4
177,2,30,474,2017,0.42
177,2,31,474,1990,0.04
177,2,31,474,1991,0.04
177,2,31,474,1992,0.04
177,2,31,474,1993,0.04
177,2,31,474,1994,0.05
177,2,31,474,1995,0.05
177,2,31,474,1996,0.05
177,2,31,474,1997,0.05
177,2,31,474,1998,0.06
177,2,31,474,1999,0.06
177,2,31,474,2000,0.06
177,2,31,474,2001,0.06
177,2,31,474,2002,0.07
177,2,31,474,2003,0.07
177,2,31,474,2004,0.07
177,2,31,474,2005,0.08
177,2,31,474,2006,0.08
177,2,31,474,2007,0.09
177,2,31,474,2008,0.09
177,2,31,474,2009,0.09
177,2,31,474,2010,0.1
177,2,31,474,2011,0.11
177,2,31,474,2012,0.12
177,2,31,474,2013,0.12
177,2,31,474,2014,0.13
177,2,31,474,2015,0.14
177,2,31,474,2016,0.15
177,2,31,474,2017,0.17
177,2,32,474,1990,0.01
177,2,32,474,1991,0.01
177,2,32,474,1992,0.01
177,2,32,474,1993,0.01
177,2,32,474,1994,0.01
177,2,32,474,1995,0.01
177,2,32,474,1996,0.01
177,2,32,474,1997,0.01
177,2,32,474,1998,0.01
177,2,32,474,1999,0.01
177,2,32,474,2000,0.01
177,2,32,474,2001,0.01
177,2,32,474,2002,0.01
177,2,32,474,2003,0.01
177,2,32,474,2004,0.01
177,2,32,474,2005,0.02
177,2,32,474,2006,0.02
177,2,32,474,2007,0.02
177,2,32,474,2008,0.02
177,2,32,474,2009,0.02
177,2,32,474,2010,0.02
177,2,32,474,2011,0.02
177,2,32,474,2012,0.02
177,2,32,474,2013,0.03
177,2,32,474,2014,0.03
177,2,32,474,2015,0.03
177,2,32,474,2016,0.03
177,2,32,474,2017,0.04
177,2,235,474,1990,0
177,2,235,474,1991,0
177,2,235,474,1992,0
177,2,235,474,1993,0
177,2,235,474,1994,0
177,2,235,474,1995,0
177,2,235,474,1996,0
177,2,235,474,1997,0
177,2,235,474,1998,0
177,2,235,474,1999,0
177,2,235,474,2000,0
177,2,235,474,2001,0
177,2,235,474,2002,0
177,2,235,474,2003,0
177,2,235,474,2004,0
177,2,235,474,2005,0
177,2,235,474,2006,0
177,2,235,474,2007,0
177,2,235,474,2008,0
177,2,235,474,2009,0
177,2,235,474,2010,0
177,2,235,474,2011,0
177,2,235,474,2012,0
177,2,235,474,2013,0
177,2,235,474,2014,0
177,2,235,474,2015,0
177,2,235,474,2016,0.01
177,2,235,474,2017,0.01
178,2,8,474,1990,0.04
178,2,8,474,1991,0.03
178,2,8,474,1992,0.04
178,2,8,474,1993,0.04
178,2,8,474,1994,0.04
178,2,8,474,1995,0.05
178,2,8,474,1996,0.05
178,2,8,474,1997,0.05
178,2,8,474,1998,0.05
178,2,8,474,1999,0.05
178,2,8,474,2000,0.05
178,2,8,474,2001,0.06
178,2,8,474,2002,0.06
178,2,8,474,2003,0.07
178,2,8,474,2004,0.07
178,2,8,474,2005,0.07
178,2,8,474,2006,0.07
178,2,8,474,2007,0.07
178,2,8,474,2008,0.08
178,2,8,474,2009,0.08
178,2,8,474,2010,0.08
178,2,8,474,2011,0.08
178,2,8,474,2012,0.08
178,2,8,474,2013,0.08
178,2,8,474,2014,0.08
178,2,8,474,2015,0.07
178,2,8,474,2016,0.08
178,2,8,474,2017,0.08
178,2,9,474,1990,0.06
178,2,9,474,1991,0.05
178,2,9,474,1992,0.05
178,2,9,474,1993,0.06
178,2,9,474,1994,0.06
178,2,9,474,1995,0.07
178,2,9,474,1996,0.07
178,2,9,474,1997,0.07
178,2,9,474,1998,0.07
178,2,9,474,1999,0.07
178,2,9,474,2000,0.08
178,2,9,474,2001,0.08
178,2,9,474,2002,0.09
178,2,9,474,2003,0.09
178,2,9,474,2004,0.1
178,2,9,474,2005,0.1
178,2,9,474,2006,0.1
178,2,9,474,2007,0.1
178,2,9,474,2008,0.11
178,2,9,474,2009,0.11
178,2,9,474,2010,0.11
178,2,9,474,2011,0.1
178,2,9,474,2012,0.1
178,2,9,474,2013,0.1
178,2,9,474,2014,0.1
178,2,9,474,2015,0.1
178,2,9,474,2016,0.11
178,2,9,474,2017,0.11
178,2,10,474,1990,0.1
178,2,10,474,1991,0.09
178,2,10,474,1992,0.09
178,2,10,474,1993,0.1
178,2,10,474,1994,0.11
178,2,10,474,1995,0.12
178,2,10,474,1996,0.12
178,2,10,474,1997,0.13
178,2,10,474,1998,0.13
178,2,10,474,1999,0.13
178,2,10,474,2000,0.14
178,2,10,474,2001,0.14
178,2,10,474,2002,0.16
178,2,10,474,2003,0.17
178,2,10,474,2004,0.17
178,2,10,474,2005,0.18
178,2,10,474,2006,0.18
178,2,10,474,2007,0.19
178,2,10,474,2008,0.19
178,2,10,474,2009,0.2
178,2,10,474,2010,0.2
178,2,10,474,2011,0.2
178,2,10,474,2012,0.2
178,2,10,474,2013,0.19
178,2,10,474,2014,0.19
178,2,10,474,2015,0.19
178,2,10,474,2016,0.18
178,2,10,474,2017,0.19
178,2,11,474,1990,0.12
178,2,11,474,1991,0.11
178,2,11,474,1992,0.12
178,2,11,474,1993,0.13
178,2,11,474,1994,0.14
178,2,11,474,1995,0.15
178,2,11,474,1996,0.15
178,2,11,474,1997,0.16
178,2,11,474,1998,0.16
178,2,11,474,1999,0.16
178,2,11,474,2000,0.17
178,2,11,474,2001,0.18
178,2,11,474,2002,0.19
178,2,11,474,2003,0.21
178,2,11,474,2004,0.21
178,2,11,474,2005,0.22
178,2,11,474,2006,0.22
178,2,11,474,2007,0.23
178,2,11,474,2008,0.24
178,2,11,474,2009,0.25
178,2,11,474,2010,0.25
178,2,11,474,2011,0.25
178,2,11,474,2012,0.24
178,2,11,474,2013,0.24
178,2,11,474,2014,0.24
178,2,11,474,2015,0.24
178,2,11,474,2016,0.24
178,2,11,474,2017,0.25
178,2,12,474,1990,0.22
178,2,12,474,1991,0.2
178,2,12,474,1992,0.21
178,2,12,474,1993,0.23
178,2,12,474,1994,0.25
178,2,12,474,1995,0.26
178,2,12,474,1996,0.27
178,2,12,474,1997,0.28
178,2,12,474,1998,0.29
178,2,12,474,1999,0.28
178,2,12,474,2000,0.29
178,2,12,474,2001,0.3
178,2,12,474,2002,0.32
178,2,12,474,2003,0.35
178,2,12,474,2004,0.36
178,2,12,474,2005,0.37
178,2,12,474,2006,0.38
178,2,12,474,2007,0.39
178,2,12,474,2008,0.41
178,2,12,474,2009,0.42
178,2,12,474,2010,0.43
178,2,12,474,2011,0.42
178,2,12,474,2012,0.41
178,2,12,474,2013,0.41
178,2,12,474,2014,0.4
178,2,12,474,2015,0.4
178,2,12,474,2016,0.4
178,2,12,474,2017,0.41
178,2,13,474,1990,0.53
178,2,13,474,1991,0.47
178,2,13,474,1992,0.51
178,2,13,474,1993,0.56
178,2,13,474,1994,0.6
178,2,13,474,1995,0.53
178,2,13,474,1996,0.55
178,2,13,474,1997,0.57
178,2,13,474,1998,0.58
178,2,13,474,1999,0.58
178,2,13,474,2000,0.59
178,2,13,474,2001,0.61
178,2,13,474,2002,0.66
178,2,13,474,2003,0.71
178,2,13,474,2004,0.72
178,2,13,474,2005,0.74
178,2,13,474,2006,0.75
178,2,13,474,2007,0.77
178,2,13,474,2008,0.8
178,2,13,474,2009,0.83
178,2,13,474,2010,0.85
178,2,13,474,2011,0.84
178,2,13,474,2012,0.83
178,2,13,474,2013,0.82
178,2,13,474,2014,0.82
178,2,13,474,2015,0.81
178,2,13,474,2016,0.82
178,2,13,474,2017,0.84
178,2,14,474,1990,0.7
178,2,14,474,1991,0.61
178,2,14,474,1992,0.64
178,2,14,474,1993,0.68
178,2,14,474,1994,0.74
178,2,14,474,1995,1.01
178,2,14,474,1996,1.05
178,2,14,474,1997,1.08
178,2,14,474,1998,1.12
178,2,14,474,1999,1.1
178,2,14,474,2000,0.92
178,2,14,474,2001,0.96
178,2,14,474,2002,1.03
178,2,14,474,2003,1.11
178,2,14,474,2004,1.13
178,2,14,474,2005,1.15
178,2,14,474,2006,1.17
178,2,14,474,2007,1.2
178,2,14,474,2008,1.24
178,2,14,474,2009,1.26
178,2,14,474,2010,1.28
178,2,14,474,2011,1.25
178,2,14,474,2012,1.23
178,2,14,474,2013,1.22
178,2,14,474,2014,1.22
178,2,14,474,2015,1.22
178,2,14,474,2016,1.23
178,2,14,474,2017,1.28
178,2,15,474,1990,1.06
178,2,15,474,1991,0.93
178,2,15,474,1992,1
178,2,15,474,1993,1.09
178,2,15,474,1994,1.18
178,2,15,474,1995,1.25
178,2,15,474,1996,1.26
178,2,15,474,1997,1.25
178,2,15,474,1998,1.25
178,2,15,474,1999,1.24
178,2,15,474,2000,1.59
178,2,15,474,2001,1.66
178,2,15,474,2002,1.8
178,2,15,474,2003,1.94
178,2,15,474,2004,1.97
178,2,15,474,2005,1.68
178,2,15,474,2006,1.71
178,2,15,474,2007,1.75
178,2,15,474,2008,1.8
178,2,15,474,2009,1.84
178,2,15,474,2010,1.87
178,2,15,474,2011,1.82
178,2,15,474,2012,1.79
178,2,15,474,2013,1.76
178,2,15,474,2014,1.73
178,2,15,474,2015,1.71
178,2,15,474,2016,1.7
178,2,15,474,2017,1.75
178,2,16,474,1990,1.46
178,2,16,474,1991,1.26
178,2,16,474,1992,1.35
178,2,16,474,1993,1.46
178,2,16,474,1994,1.58
178,2,16,474,1995,1.69
178,2,16,474,1996,1.74
178,2,16,474,1997,1.79
178,2,16,474,1998,1.82
178,2,16,474,1999,1.8
178,2,16,474,2000,1.8
178,2,16,474,2001,1.84
178,2,16,474,2002,1.94
178,2,16,474,2003,2.04
178,2,16,474,2004,2.09
178,2,16,474,2005,2.72
178,2,16,474,2006,2.78
178,2,16,474,2007,2.89
178,2,16,474,2008,3.01
178,2,16,474,2009,3.06
178,2,16,474,2010,2.61
178,2,16,474,2011,2.56
178,2,16,474,2012,2.52
178,2,16,474,2013,2.48
178,2,16,474,2014,2.45
178,2,16,474,2015,2.43
178,2,16,474,2016,2.42
178,2,16,474,2017,2.49
178,2,17,474,1990,1.87
178,2,17,474,1991,1.63
178,2,17,474,1992,1.74
178,2,17,474,1993,1.9
178,2,17,474,1994,2.07
178,2,17,474,1995,2.21
178,2,17,474,1996,2.27
178,2,17,474,1997,2.32
178,2,17,474,1998,2.36
178,2,17,474,1999,2.34
178,2,17,474,2000,2.36
178,2,17,474,2001,2.48
178,2,17,474,2002,2.69
178,2,17,474,2003,2.9
178,2,17,474,2004,2.96
178,2,17,474,2005,3.01
178,2,17,474,2006,3.03
178,2,17,474,2007,3.05
178,2,17,474,2008,3.08
178,2,17,474,2009,3.18
178,2,17,474,2010,4.16
178,2,17,474,2011,4.09
178,2,17,474,2012,4.05
178,2,17,474,2013,4.03
178,2,17,474,2014,3.96
178,2,17,474,2015,3.3
178,2,17,474,2016,3.3
178,2,17,474,2017,3.41
178,2,18,474,1990,2.11
178,2,18,474,1991,1.83
178,2,18,474,1992,1.96
178,2,18,474,1993,2.16
178,2,18,474,1994,2.36
178,2,18,474,1995,2.54
178,2,18,474,1996,2.64
178,2,18,474,1997,2.73
178,2,18,474,1998,2.8
178,2,18,474,1999,2.8
178,2,18,474,2000,2.85
178,2,18,474,2001,2.99
178,2,18,474,2002,3.25
178,2,18,474,2003,3.52
178,2,18,474,2004,3.61
178,2,18,474,2005,3.7
178,2,18,474,2006,3.81
178,2,18,474,2007,3.94
178,2,18,474,2008,4.09
178,2,18,474,2009,4.2
178,2,18,474,2010,4.28
178,2,18,474,2011,4.13
178,2,18,474,2012,3.99
178,2,18,474,2013,3.86
178,2,18,474,2014,3.85
178,2,18,474,2015,4.93
178,2,18,474,2016,4.93
178,2,18,474,2017,5.1
178,2,19,474,1990,2.18
178,2,19,474,1991,2.12
178,2,19,474,1992,2.06
178,2,19,474,1993,2.04
178,2,19,474,1994,2.07
178,2,19,474,1995,2.19
178,2,19,474,1996,2.36
178,2,19,474,1997,2.52
178,2,19,474,1998,2.65
178,2,19,474,1999,2.73
178,2,19,474,2000,2.78
178,2,19,474,2001,2.88
178,2,19,474,2002,3.02
178,2,19,474,2003,3.2
178,2,19,474,2004,3.39
178,2,19,474,2005,3.58
178,2,19,474,2006,3.74
178,2,19,474,2007,3.88
178,2,19,474,2008,4.01
178,2,19,474,2009,4.13
178,2,19,474,2010,4.26
178,2,19,474,2011,4.25
178,2,19,474,2012,4.24
178,2,19,474,2013,4.23
178,2,19,474,2014,4.22
178,2,19,474,2015,4.18
178,2,19,474,2016,4.12
178,2,19,474,2017,4.15
178,2,20,474,1990,1.44
178,2,20,474,1991,1.52
178,2,20,474,1992,1.59
178,2,20,474,1993,1.66
178,2,20,474,1994,1.76
178,2,20,474,1995,1.78
178,2,20,474,1996,1.73
178,2,20,474,1997,1.71
178,2,20,474,1998,1.71
178,2,20,474,1999,1.73
178,2,20,474,2000,1.82
178,2,20,474,2001,1.96
178,2,20,474,2002,2.08
178,2,20,474,2003,2.19
178,2,20,474,2004,2.28
178,2,20,474,2005,2.36
178,2,20,474,2006,2.47
178,2,20,474,2007,2.63
178,2,20,474,2008,2.82
178,2,20,474,2009,3.02
178,2,20,474,2010,3.21
178,2,20,474,2011,3.25
178,2,20,474,2012,3.28
178,2,20,474,2013,3.3
178,2,20,474,2014,3.33
178,2,20,474,2015,3.38
178,2,20,474,2016,3.45
178,2,20,474,2017,3.59
178,2,22,474,1990,13.03
178,2,22,474,1991,12.04
178,2,22,474,1992,12.61
178,2,22,474,1993,13.43
178,2,22,474,1994,14.37
178,2,22,474,1995,15.34
178,2,22,474,1996,15.85
178,2,22,474,1997,16.36
178,2,22,474,1998,16.8
178,2,22,474,1999,16.92
178,2,22,474,2000,17.37
178,2,22,474,2001,18.06
178,2,22,474,2002,19.25
178,2,22,474,2003,20.52
178,2,22,474,2004,21.17
178,2,22,474,2005,22.11
178,2,22,474,2006,22.79
178,2,22,474,2007,23.61
178,2,22,474,2008,24.52
178,2,22,474,2009,25.34
178,2,22,474,2010,26.51
178,2,22,474,2011,26.23
178,2,22,474,2012,26.06
178,2,22,474,2013,25.95
178,2,22,474,2014,25.94
178,2,22,474,2015,26.46
178,2,22,474,2016,26.63
178,2,22,474,2017,27.51
178,2,30,474,1990,0.84
178,2,30,474,1991,0.88
178,2,30,474,1992,0.93
178,2,30,474,1993,0.98
178,2,30,474,1994,1.04
178,2,30,474,1995,1.11
178,2,30,474,1996,1.18
178,2,30,474,1997,1.26
178,2,30,474,1998,1.35
178,2,30,474,1999,1.42
178,2,30,474,2000,1.42
178,2,30,474,2001,1.38
178,2,30,474,2002,1.36
178,2,30,474,2003,1.39
178,2,30,474,2004,1.44
178,2,30,474,2005,1.54
178,2,30,474,2006,1.68
178,2,30,474,2007,1.8
178,2,30,474,2008,1.92
178,2,30,474,2009,2.01
178,2,30,474,2010,2.1
178,2,30,474,2011,2.13
178,2,30,474,2012,2.21
178,2,30,474,2013,2.32
178,2,30,474,2014,2.43
178,2,30,474,2015,2.54
178,2,30,474,2016,2.63
178,2,30,474,2017,2.78
178,2,31,474,1990,0.24
178,2,31,474,1991,0.25
178,2,31,474,1992,0.27
178,2,31,474,1993,0.28
178,2,31,474,1994,0.3
178,2,31,474,1995,0.32
178,2,31,474,1996,0.34
178,2,31,474,1997,0.36
178,2,31,474,1998,0.39
178,2,31,474,1999,0.41
178,2,31,474,2000,0.44
178,2,31,474,2001,0.47
178,2,31,474,2002,0.5
178,2,31,474,2003,0.53
178,2,31,474,2004,0.57
178,2,31,474,2005,0.58
178,2,31,474,2006,0.56
178,2,31,474,2007,0.56
178,2,31,474,2008,0.58
178,2,31,474,2009,0.61
178,2,31,474,2010,0.67
178,2,31,474,2011,0.7
178,2,31,474,2012,0.73
178,2,31,474,2013,0.76
178,2,31,474,2014,0.78
178,2,31,474,2015,0.8
178,2,31,474,2016,0.83
178,2,31,474,2017,0.91
178,2,32,474,1990,0.04
178,2,32,474,1991,0.04
178,2,32,474,1992,0.04
178,2,32,474,1993,0.05
178,2,32,474,1994,0.05
178,2,32,474,1995,0.05
178,2,32,474,1996,0.05
178,2,32,474,1997,0.06
178,2,32,474,1998,0.06
178,2,32,474,1999,0.07
178,2,32,474,2000,0.07
178,2,32,474,2001,0.07
178,2,32,474,2002,0.08
178,2,32,474,2003,0.09
178,2,32,474,2004,0.09
178,2,32,474,2005,0.1
178,2,32,474,2006,0.11
178,2,32,474,2007,0.12
178,2,32,474,2008,0.13
178,2,32,474,2009,0.14
178,2,32,474,2010,0.14
178,2,32,474,2011,0.13
178,2,32,474,2012,0.13
178,2,32,474,2013,0.13
178,2,32,474,2014,0.13
178,2,32,474,2015,0.14
178,2,32,474,2016,0.15
178,2,32,474,2017,0.17
178,2,235,474,1990,0.01
178,2,235,474,1991,0.01
178,2,235,474,1992,0.01
178,2,235,474,1993,0.01
178,2,235,474,1994,0.01
178,2,235,474,1995,0.01
178,2,235,474,1996,0.01
178,2,235,474,1997,0.01
178,2,235,474,1998,0.01
178,2,235,474,1999,0.01
178,2,235,474,2000,0.01
178,2,235,474,2001,0.01
178,2,235,474,2002,0.01
178,2,235,474,2003,0.01
178,2,235,474,2004,0.01
178,2,235,474,2005,0.01
178,2,235,474,2006,0.01
178,2,235,474,2007,0.01
178,2,235,474,2008,0.02
178,2,235,474,2009,0.02
178,2,235,474,2010,0.02
178,2,235,474,2011,0.02
178,2,235,474,2012,0.02
178,2,235,474,2013,0.02
178,2,235,474,2014,0.02
178,2,235,474,2015,0.02
178,2,235,474,2016,0.02
178,2,235,474,2017,0.02
179,2,8,474,1990,0.53
179,2,8,474,1991,0.56
179,2,8,474,1992,0.59
179,2,8,474,1993,0.63
179,2,8,474,1994,0.65
179,2,8,474,1995,0.67
179,2,8,474,1996,0.69
179,2,8,474,1997,0.7
179,2,8,474,1998,0.69
179,2,8,474,1999,0.67
179,2,8,474,2000,0.65
179,2,8,474,2001,0.64
179,2,8,474,2002,0.63
179,2,8,474,2003,0.63
179,2,8,474,2004,0.63
179,2,8,474,2005,0.63
179,2,8,474,2006,0.65
179,2,8,474,2007,0.67
179,2,8,474,2008,0.69
179,2,8,474,2009,0.72
179,2,8,474,2010,0.74
179,2,8,474,2011,0.77
179,2,8,474,2012,0.79
179,2,8,474,2013,0.81
179,2,8,474,2014,0.84
179,2,8,474,2015,0.86
179,2,8,474,2016,0.88
179,2,8,474,2017,0.9
179,2,9,474,1990,0.82
179,2,9,474,1991,0.86
179,2,9,474,1992,0.86
179,2,9,474,1993,0.88
179,2,9,474,1994,0.92
179,2,9,474,1995,0.94
179,2,9,474,1996,0.96
179,2,9,474,1997,0.98
179,2,9,474,1998,0.97
179,2,9,474,1999,0.94
179,2,9,474,2000,0.92
179,2,9,474,2001,0.91
179,2,9,474,2002,0.91
179,2,9,474,2003,0.9
179,2,9,474,2004,0.9
179,2,9,474,2005,0.89
179,2,9,474,2006,0.9
179,2,9,474,2007,0.92
179,2,9,474,2008,0.94
179,2,9,474,2009,0.96
179,2,9,474,2010,0.99
179,2,9,474,2011,1.01
179,2,9,474,2012,1.03
179,2,9,474,2013,1.05
179,2,9,474,2014,1.09
179,2,9,474,2015,1.1
179,2,9,474,2016,1.11
179,2,9,474,2017,1.13
179,2,10,474,1990,1.54
179,2,10,474,1991,1.61
179,2,10,474,1992,1.63
179,2,10,474,1993,1.66
179,2,10,474,1994,1.69
179,2,10,474,1995,1.7
179,2,10,474,1996,1.69
179,2,10,474,1997,1.69
179,2,10,474,1998,1.64
179,2,10,474,1999,1.59
179,2,10,474,2000,1.55
179,2,10,474,2001,1.52
179,2,10,474,2002,1.51
179,2,10,474,2003,1.5
179,2,10,474,2004,1.49
179,2,10,474,2005,1.48
179,2,10,474,2006,1.51
179,2,10,474,2007,1.56
179,2,10,474,2008,1.61
179,2,10,474,2009,1.67
179,2,10,474,2010,1.71
179,2,10,474,2011,1.73
179,2,10,474,2012,1.76
179,2,10,474,2013,1.79
179,2,10,474,2014,1.83
179,2,10,474,2015,1.86
179,2,10,474,2016,1.89
179,2,10,474,2017,1.93
179,2,11,474,1990,1.76
179,2,11,474,1991,1.86
179,2,11,474,1992,1.93
179,2,11,474,1993,1.99
179,2,11,474,1994,2.04
179,2,11,474,1995,2.07
179,2,11,474,1996,2.07
179,2,11,474,1997,2.06
179,2,11,474,1998,2.01
179,2,11,474,1999,1.92
179,2,11,474,2000,1.84
179,2,11,474,2001,1.78
179,2,11,474,2002,1.72
179,2,11,474,2003,1.68
179,2,11,474,2004,1.67
179,2,11,474,2005,1.66
179,2,11,474,2006,1.68
179,2,11,474,2007,1.73
179,2,11,474,2008,1.79
179,2,11,474,2009,1.86
179,2,11,474,2010,1.93
179,2,11,474,2011,2
179,2,11,474,2012,2.07
179,2,11,474,2013,2.12
179,2,11,474,2014,2.18
179,2,11,474,2015,2.22
179,2,11,474,2016,2.25
179,2,11,474,2017,2.3
179,2,12,474,1990,2.83
179,2,12,474,1991,2.97
179,2,12,474,1992,3.08
179,2,12,474,1993,3.18
179,2,12,474,1994,3.27
179,2,12,474,1995,3.34
179,2,12,474,1996,3.36
179,2,12,474,1997,3.35
179,2,12,474,1998,3.26
179,2,12,474,1999,3.11
179,2,12,474,2000,2.96
179,2,12,474,2001,2.85
179,2,12,474,2002,2.76
179,2,12,474,2003,2.7
179,2,12,474,2004,2.65
179,2,12,474,2005,2.61
179,2,12,474,2006,2.62
179,2,12,474,2007,2.64
179,2,12,474,2008,2.7
179,2,12,474,2009,2.8
179,2,12,474,2010,2.91
179,2,12,474,2011,3.02
179,2,12,474,2012,3.14
179,2,12,474,2013,3.24
179,2,12,474,2014,3.35
179,2,12,474,2015,3.45
179,2,12,474,2016,3.55
179,2,12,474,2017,3.69
179,2,13,474,1990,4.85
179,2,13,474,1991,5.1
179,2,13,474,1992,5.35
179,2,13,474,1993,5.6
179,2,13,474,1994,5.84
179,2,13,474,1995,6.08
179,2,13,474,1996,6.11
179,2,13,474,1997,6.09
179,2,13,474,1998,5.91
179,2,13,474,1999,5.66
179,2,13,474,2000,5.4
179,2,13,474,2001,5.23
179,2,13,474,2002,5.04
179,2,13,474,2003,4.9
179,2,13,474,2004,4.79
179,2,13,474,2005,4.66
179,2,13,474,2006,4.65
179,2,13,474,2007,4.67
179,2,13,474,2008,4.74
179,2,13,474,2009,4.85
179,2,13,474,2010,4.95
179,2,13,474,2011,5.05
179,2,13,474,2012,5.14
179,2,13,474,2013,5.24
179,2,13,474,2014,5.4
179,2,13,474,2015,5.59
179,2,13,474,2016,5.8
179,2,13,474,2017,6.09
179,2,14,474,1990,7.12
179,2,14,474,1991,7.29
179,2,14,474,1992,7.43
179,2,14,474,1993,7.59
179,2,14,474,1994,7.75
179,2,14,474,1995,7.7
179,2,14,474,1996,7.81
179,2,14,474,1997,7.9
179,2,14,474,1998,7.81
179,2,14,474,1999,7.63
179,2,14,474,2000,7.5
179,2,14,474,2001,7.29
179,2,14,474,2002,7.07
179,2,14,474,2003,6.89
179,2,14,474,2004,6.74
179,2,14,474,2005,6.61
179,2,14,474,2006,6.58
179,2,14,474,2007,6.59
179,2,14,474,2008,6.66
179,2,14,474,2009,6.77
179,2,14,474,2010,6.9
179,2,14,474,2011,7.03
179,2,14,474,2012,7.17
179,2,14,474,2013,7.28
179,2,14,474,2014,7.44
179,2,14,474,2015,7.64
179,2,14,474,2016,7.85
179,2,14,474,2017,8.14
179,2,15,474,1990,11.08
179,2,15,474,1991,11.42
179,2,15,474,1992,11.7
179,2,15,474,1993,11.86
179,2,15,474,1994,11.98
179,2,15,474,1995,12.01
179,2,15,474,1996,11.87
179,2,15,474,1997,11.71
179,2,15,474,1998,11.36
179,2,15,474,1999,10.98
179,2,15,474,2000,10.42
179,2,15,474,2001,10.36
179,2,15,474,2002,10.29
179,2,15,474,2003,10.3
179,2,15,474,2004,10.34
179,2,15,474,2005,10.47
179,2,15,474,2006,10.5
179,2,15,474,2007,10.53
179,2,15,474,2008,10.6
179,2,15,474,2009,10.72
179,2,15,474,2010,10.84
179,2,15,474,2011,11
179,2,15,474,2012,11.12
179,2,15,474,2013,11.21
179,2,15,474,2014,11.35
179,2,15,474,2015,11.59
179,2,15,474,2016,11.91
179,2,15,474,2017,12.33
179,2,16,474,1990,14.95
179,2,16,474,1991,15.29
179,2,16,474,1992,15.61
179,2,16,474,1993,15.91
179,2,16,474,1994,16.22
179,2,16,474,1995,16.43
179,2,16,474,1996,16.48
179,2,16,474,1997,16.46
179,2,16,474,1998,16.04
179,2,16,474,1999,15.54
179,2,16,474,2000,15.03
179,2,16,474,2001,14.62
179,2,16,474,2002,14.2
179,2,16,474,2003,13.98
179,2,16,474,2004,13.84
179,2,16,474,2005,13.44
179,2,16,474,2006,13.7
179,2,16,474,2007,14.03
179,2,16,474,2008,14.49
179,2,16,474,2009,15.01
179,2,16,474,2010,15.67
179,2,16,474,2011,15.96
179,2,16,474,2012,16.18
179,2,16,474,2013,16.31
179,2,16,474,2014,16.4
179,2,16,474,2015,16.61
179,2,16,474,2016,16.95
179,2,16,474,2017,17.37
179,2,17,474,1990,21.23
179,2,17,474,1991,21.48
179,2,17,474,1992,21.75
179,2,17,474,1993,22.03
179,2,17,474,1994,22.36
179,2,17,474,1995,22.56
179,2,17,474,1996,22.56
179,2,17,474,1997,22.54
179,2,17,474,1998,22.33
179,2,17,474,1999,22.04
179,2,17,474,2000,21.68
179,2,17,474,2001,21.46
179,2,17,474,2002,21.26
179,2,17,474,2003,20.95
179,2,17,474,2004,20.66
179,2,17,474,2005,20.37
179,2,17,474,2006,20.26
179,2,17,474,2007,20.23
179,2,17,474,2008,20.46
179,2,17,474,2009,20.77
179,2,17,474,2010,20.63
179,2,17,474,2011,21.3
179,2,17,474,2012,21.98
179,2,17,474,2013,22.74
179,2,17,474,2014,23.39
179,2,17,474,2015,24.37
179,2,17,474,2016,24.97
179,2,17,474,2017,25.63
179,2,18,474,1990,26.43
179,2,18,474,1991,26.43
179,2,18,474,1992,26.4
179,2,18,474,1993,26.42
179,2,18,474,1994,26.46
179,2,18,474,1995,26.44
179,2,18,474,1996,26.36
179,2,18,474,1997,26.29
179,2,18,474,1998,26.15
179,2,18,474,1999,26.01
179,2,18,474,2000,25.81
179,2,18,474,2001,25.73
179,2,18,474,2002,25.7
179,2,18,474,2003,25.76
179,2,18,474,2004,25.9
179,2,18,474,2005,25.99
179,2,18,474,2006,26.29
179,2,18,474,2007,26.67
179,2,18,474,2008,26.93
179,2,18,474,2009,27.22
179,2,18,474,2010,27.41
179,2,18,474,2011,27.53
179,2,18,474,2012,27.56
179,2,18,474,2013,27.94
179,2,18,474,2014,28.33
179,2,18,474,2015,28.2
179,2,18,474,2016,29.53
179,2,18,474,2017,30.95
179,2,19,474,1990,29.35
179,2,19,474,1991,28.95
179,2,19,474,1992,28.35
179,2,19,474,1993,27.66
179,2,19,474,1994,27.01
179,2,19,474,1995,26.87
179,2,19,474,1996,26.55
179,2,19,474,1997,26.23
179,2,19,474,1998,25.89
179,2,19,474,1999,25.51
179,2,19,474,2000,25.11
179,2,19,474,2001,25.01
179,2,19,474,2002,25.09
179,2,19,474,2003,25.35
179,2,19,474,2004,25.77
179,2,19,474,2005,26.18
179,2,19,474,2006,26.78
179,2,19,474,2007,27.55
179,2,19,474,2008,28.45
179,2,19,474,2009,29.46
179,2,19,474,2010,30.31
179,2,19,474,2011,31.2
179,2,19,474,2012,31.96
179,2,19,474,2013,32.47
179,2,19,474,2014,32.99
179,2,19,474,2015,33.75
179,2,19,474,2016,34.66
179,2,19,474,2017,35.67
179,2,20,474,1990,17.42
179,2,20,474,1991,18.46
179,2,20,474,1992,19.48
179,2,20,474,1993,20.43
179,2,20,474,1994,21.23
179,2,20,474,1995,21.03
179,2,20,474,1996,20.64
179,2,20,474,1997,20.15
179,2,20,474,1998,19.57
179,2,20,474,1999,18.97
179,2,20,474,2000,18.71
179,2,20,474,2001,18.57
179,2,20,474,2002,18.56
179,2,20,474,2003,18.71
179,2,20,474,2004,18.96
179,2,20,474,2005,19.28
179,2,20,474,2006,19.86
179,2,20,474,2007,20.63
179,2,20,474,2008,21.58
179,2,20,474,2009,22.71
179,2,20,474,2010,23.68
179,2,20,474,2011,24.67
179,2,20,474,2012,25.58
179,2,20,474,2013,26.49
179,2,20,474,2014,27.48
179,2,20,474,2015,28.67
179,2,20,474,2016,30.13
179,2,20,474,2017,31.67
179,2,22,474,1990,151.94
179,2,22,474,1991,154.87
179,2,22,474,1992,157.37
179,2,22,474,1993,159.76
179,2,22,474,1994,162.16
179,2,22,474,1995,163.5
179,2,22,474,1996,163.75
179,2,22,474,1997,163.73
179,2,22,474,1998,162.06
179,2,22,474,1999,159.72
179,2,22,474,2000,156.74
179,2,22,474,2001,155.35
179,2,22,474,2002,154.42
179,2,22,474,2003,154.38
179,2,22,474,2004,154.98
179,2,22,474,2005,155.54
179,2,22,474,2006,158.11
179,2,22,474,2007,161.57
179,2,22,474,2008,166.06
179,2,22,474,2009,171.36
179,2,22,474,2010,176.03
179,2,22,474,2011,181.28
179,2,22,474,2012,186.24
179,2,22,474,2013,191.24
179,2,22,474,2014,196.56
179,2,22,474,2015,202.64
179,2,22,474,2016,211
179,2,22,474,2017,220.34
179,2,30,474,1990,9.3
179,2,30,474,1991,9.75
179,2,30,474,1992,10.26
179,2,30,474,1993,10.82
179,2,30,474,1994,11.49
179,2,30,474,1995,12.28
179,2,30,474,1996,13.04
179,2,30,474,1997,13.81
179,2,30,474,1998,14.47
179,2,30,474,1999,14.94
179,2,30,474,2000,14.68
179,2,30,474,2001,14.53
179,2,30,474,2002,14.45
179,2,30,474,2003,14.46
179,2,30,474,2004,14.56
179,2,30,474,2005,14.98
179,2,30,474,2006,15.52
179,2,30,474,2007,16.2
179,2,30,474,2008,17.02
179,2,30,474,2009,17.97
179,2,30,474,2010,18.94
179,2,30,474,2011,20.04
179,2,30,474,2012,21.18
179,2,30,474,2013,22.35
179,2,30,474,2014,23.58
179,2,30,474,2015,24.98
179,2,30,474,2016,26.73
179,2,30,474,2017,28.62
179,2,31,474,1990,2.33
179,2,31,474,1991,2.43
179,2,31,474,1992,2.54
179,2,31,474,1993,2.66
179,2,31,474,1994,2.78
179,2,31,474,1995,2.91
179,2,31,474,1996,3.07
179,2,31,474,1997,3.25
179,2,31,474,1998,3.42
179,2,31,474,1999,3.63
179,2,31,474,2000,3.89
179,2,31,474,2001,4.2
179,2,31,474,2002,4.54
179,2,31,474,2003,4.9
179,2,31,474,2004,5.25
179,2,31,474,2005,5.38
179,2,31,474,2006,5.56
179,2,31,474,2007,5.8
179,2,31,474,2008,6.08
179,2,31,474,2009,6.42
179,2,31,474,2010,6.87
179,2,31,474,2011,7.33
179,2,31,474,2012,7.82
179,2,31,474,2013,8.33
179,2,31,474,2014,8.9
179,2,31,474,2015,9.57
179,2,31,474,2016,10.41
179,2,31,474,2017,11.31
179,2,32,474,1990,0.33
179,2,32,474,1991,0.35
179,2,32,474,1992,0.37
179,2,32,474,1993,0.39
179,2,32,474,1994,0.4
179,2,32,474,1995,0.42
179,2,32,474,1996,0.44
179,2,32,474,1997,0.46
179,2,32,474,1998,0.48
179,2,32,474,1999,0.51
179,2,32,474,2000,0.53
179,2,32,474,2001,0.57
179,2,32,474,2002,0.62
179,2,32,474,2003,0.67
179,2,32,474,2004,0.74
179,2,32,474,2005,0.83
179,2,32,474,2006,0.94
179,2,32,474,2007,1.06
179,2,32,474,2008,1.19
179,2,32,474,2009,1.32
179,2,32,474,2010,1.39
179,2,32,474,2011,1.47
179,2,32,474,2012,1.55
179,2,32,474,2013,1.64
179,2,32,474,2014,1.75
179,2,32,474,2015,1.9
179,2,32,474,2016,2.08
179,2,32,474,2017,2.27
179,2,235,474,1990,0.06
179,2,235,474,1991,0.06
179,2,235,474,1992,0.06
179,2,235,474,1993,0.06
179,2,235,474,1994,0.06
179,2,235,474,1995,0.06
179,2,235,474,1996,0.06
179,2,235,474,1997,0.06
179,2,235,474,1998,0.06
179,2,235,474,1999,0.07
179,2,235,474,2000,0.07
179,2,235,474,2001,0.07
179,2,235,474,2002,0.07
179,2,235,474,2003,0.08
179,2,235,474,2004,0.09
179,2,235,474,2005,0.09
179,2,235,474,2006,0.1
179,2,235,474,2007,0.11
179,2,235,474,2008,0.13
179,2,235,474,2009,0.14
179,2,235,474,2010,0.16
179,2,235,474,2011,0.19
179,2,235,474,2012,0.21
179,2,235,474,2013,0.24
179,2,235,474,2014,0.26
179,2,235,474,2015,0.28
179,2,235,474,2016,0.3
179,2,235,474,2017,0.33
180,2,8,474,1990,0.12
180,2,8,474,1991,0.13
180,2,8,474,1992,0.13
180,2,8,474,1993,0.14
180,2,8,474,1994,0.14
180,2,8,474,1995,0.15
180,2,8,474,1996,0.15
180,2,8,474,1997,0.15
180,2,8,474,1998,0.15
180,2,8,474,1999,0.15
180,2,8,474,2000,0.16
180,2,8,474,2001,0.16
180,2,8,474,2002,0.16
180,2,8,474,2003,0.16
180,2,8,474,2004,0.16
180,2,8,474,2005,0.17
180,2,8,474,2006,0.17
180,2,8,474,2007,0.18
180,2,8,474,2008,0.19
180,2,8,474,2009,0.2
180,2,8,474,2010,0.21
180,2,8,474,2011,0.21
180,2,8,474,2012,0.21
180,2,8,474,2013,0.21
180,2,8,474,2014,0.22
180,2,8,474,2015,0.22
180,2,8,474,2016,0.23
180,2,8,474,2017,0.23
180,2,9,474,1990,0.13
180,2,9,474,1991,0.14
180,2,9,474,1992,0.14
180,2,9,474,1993,0.15
180,2,9,474,1994,0.16
180,2,9,474,1995,0.17
180,2,9,474,1996,0.17
180,2,9,474,1997,0.18
180,2,9,474,1998,0.18
180,2,9,474,1999,0.19
180,2,9,474,2000,0.19
180,2,9,474,2001,0.2
180,2,9,474,2002,0.2
180,2,9,474,2003,0.2
180,2,9,474,2004,0.21
180,2,9,474,2005,0.21
180,2,9,474,2006,0.22
180,2,9,474,2007,0.22
180,2,9,474,2008,0.23
180,2,9,474,2009,0.23
180,2,9,474,2010,0.24
180,2,9,474,2011,0.24
180,2,9,474,2012,0.23
180,2,9,474,2013,0.22
180,2,9,474,2014,0.22
180,2,9,474,2015,0.22
180,2,9,474,2016,0.22
180,2,9,474,2017,0.23
180,2,10,474,1990,0.22
180,2,10,474,1991,0.23
180,2,10,474,1992,0.24
180,2,10,474,1993,0.26
180,2,10,474,1994,0.28
180,2,10,474,1995,0.3
180,2,10,474,1996,0.32
180,2,10,474,1997,0.33
180,2,10,474,1998,0.35
180,2,10,474,1999,0.36
180,2,10,474,2000,0.36
180,2,10,474,2001,0.37
180,2,10,474,2002,0.38
180,2,10,474,2003,0.4
180,2,10,474,2004,0.41
180,2,10,474,2005,0.42
180,2,10,474,2006,0.43
180,2,10,474,2007,0.44
180,2,10,474,2008,0.45
180,2,10,474,2009,0.46
180,2,10,474,2010,0.48
180,2,10,474,2011,0.47
180,2,10,474,2012,0.46
180,2,10,474,2013,0.44
180,2,10,474,2014,0.43
180,2,10,474,2015,0.43
180,2,10,474,2016,0.42
180,2,10,474,2017,0.42
180,2,11,474,1990,0.24
180,2,11,474,1991,0.25
180,2,11,474,1992,0.27
180,2,11,474,1993,0.29
180,2,11,474,1994,0.31
180,2,11,474,1995,0.33
180,2,11,474,1996,0.34
180,2,11,474,1997,0.36
180,2,11,474,1998,0.37
180,2,11,474,1999,0.39
180,2,11,474,2000,0.41
180,2,11,474,2001,0.42
180,2,11,474,2002,0.43
180,2,11,474,2003,0.45
180,2,11,474,2004,0.46
180,2,11,474,2005,0.48
180,2,11,474,2006,0.49
180,2,11,474,2007,0.51
180,2,11,474,2008,0.52
180,2,11,474,2009,0.54
180,2,11,474,2010,0.57
180,2,11,474,2011,0.56
180,2,11,474,2012,0.55
180,2,11,474,2013,0.55
180,2,11,474,2014,0.55
180,2,11,474,2015,0.55
180,2,11,474,2016,0.55
180,2,11,474,2017,0.56
180,2,12,474,1990,0.35
180,2,12,474,1991,0.37
180,2,12,474,1992,0.39
180,2,12,474,1993,0.42
180,2,12,474,1994,0.45
180,2,12,474,1995,0.48
180,2,12,474,1996,0.51
180,2,12,474,1997,0.53
180,2,12,474,1998,0.56
180,2,12,474,1999,0.57
180,2,12,474,2000,0.58
180,2,12,474,2001,0.59
180,2,12,474,2002,0.61
180,2,12,474,2003,0.63
180,2,12,474,2004,0.65
180,2,12,474,2005,0.68
180,2,12,474,2006,0.7
180,2,12,474,2007,0.72
180,2,12,474,2008,0.75
180,2,12,474,2009,0.77
180,2,12,474,2010,0.82
180,2,12,474,2011,0.81
180,2,12,474,2012,0.8
180,2,12,474,2013,0.8
180,2,12,474,2014,0.8
180,2,12,474,2015,0.81
180,2,12,474,2016,0.83
180,2,12,474,2017,0.85
180,2,13,474,1990,0.61
180,2,13,474,1991,0.64
180,2,13,474,1992,0.69
180,2,13,474,1993,0.73
180,2,13,474,1994,0.78
180,2,13,474,1995,0.84
180,2,13,474,1996,0.87
180,2,13,474,1997,0.9
180,2,13,474,1998,0.94
180,2,13,474,1999,0.97
180,2,13,474,2000,1.02
180,2,13,474,2001,1.04
180,2,13,474,2002,1.08
180,2,13,474,2003,1.12
180,2,13,474,2004,1.15
180,2,13,474,2005,1.17
180,2,13,474,2006,1.2
180,2,13,474,2007,1.22
180,2,13,474,2008,1.26
180,2,13,474,2009,1.31
180,2,13,474,2010,1.4
180,2,13,474,2011,1.38
180,2,13,474,2012,1.37
180,2,13,474,2013,1.37
180,2,13,474,2014,1.38
180,2,13,474,2015,1.4
180,2,13,474,2016,1.44
180,2,13,474,2017,1.49
180,2,14,474,1990,0.95
180,2,14,474,1991,0.99
180,2,14,474,1992,1.05
180,2,14,474,1993,1.12
180,2,14,474,1994,1.19
180,2,14,474,1995,1.23
180,2,14,474,1996,1.3
180,2,14,474,1997,1.36
180,2,14,474,1998,1.41
180,2,14,474,1999,1.45
180,2,14,474,2000,1.51
180,2,14,474,2001,1.53
180,2,14,474,2002,1.58
180,2,14,474,2003,1.64
180,2,14,474,2004,1.69
180,2,14,474,2005,1.75
180,2,14,474,2006,1.8
180,2,14,474,2007,1.85
180,2,14,474,2008,1.9
180,2,14,474,2009,1.95
180,2,14,474,2010,2.04
180,2,14,474,2011,2
180,2,14,474,2012,1.98
180,2,14,474,2013,1.98
180,2,14,474,2014,1.99
180,2,14,474,2015,2.01
180,2,14,474,2016,2.06
180,2,14,474,2017,2.14
180,2,15,474,1990,1.49
180,2,15,474,1991,1.55
180,2,15,474,1992,1.62
180,2,15,474,1993,1.7
180,2,15,474,1994,1.8
180,2,15,474,1995,1.89
180,2,15,474,1996,1.96
180,2,15,474,1997,2.03
180,2,15,474,1998,2.1
180,2,15,474,1999,2.14
180,2,15,474,2000,2.17
180,2,15,474,2001,2.23
180,2,15,474,2002,2.32
180,2,15,474,2003,2.41
180,2,15,474,2004,2.48
180,2,15,474,2005,2.57
180,2,15,474,2006,2.63
180,2,15,474,2007,2.7
180,2,15,474,2008,2.79
180,2,15,474,2009,2.9
180,2,15,474,2010,3.08
180,2,15,474,2011,3.07
180,2,15,474,2012,3.04
180,2,15,474,2013,3.03
180,2,15,474,2014,3.02
180,2,15,474,2015,3.04
180,2,15,474,2016,3.1
180,2,15,474,2017,3.19
180,2,16,474,1990,2.17
180,2,16,474,1991,2.25
180,2,16,474,1992,2.35
180,2,16,474,1993,2.43
180,2,16,474,1994,2.52
180,2,16,474,1995,2.62
180,2,16,474,1996,2.7
180,2,16,474,1997,2.79
180,2,16,474,1998,2.87
180,2,16,474,1999,2.92
180,2,16,474,2000,3.01
180,2,16,474,2001,3.05
180,2,16,474,2002,3.14
180,2,16,474,2003,3.27
180,2,16,474,2004,3.34
180,2,16,474,2005,3.35
180,2,16,474,2006,3.46
180,2,16,474,2007,3.57
180,2,16,474,2008,3.65
180,2,16,474,2009,3.78
180,2,16,474,2010,4.05
180,2,16,474,2011,4.02
180,2,16,474,2012,4
180,2,16,474,2013,4.02
180,2,16,474,2014,4.08
180,2,16,474,2015,4.19
180,2,16,474,2016,4.33
180,2,16,474,2017,4.5
180,2,17,474,1990,3.32
180,2,17,474,1991,3.42
180,2,17,474,1992,3.56
180,2,17,474,1993,3.69
180,2,17,474,1994,3.84
180,2,17,474,1995,4
180,2,17,474,1996,4.12
180,2,17,474,1997,4.25
180,2,17,474,1998,4.32
180,2,17,474,1999,4.34
180,2,17,474,2000,4.43
180,2,17,474,2001,4.48
180,2,17,474,2002,4.62
180,2,17,474,2003,4.79
180,2,17,474,2004,4.89
180,2,17,474,2005,4.98
180,2,17,474,2006,5.07
180,2,17,474,2007,5.17
180,2,17,474,2008,5.29
180,2,17,474,2009,5.42
180,2,17,474,2010,5.56
180,2,17,474,2011,5.57
180,2,17,474,2012,5.57
180,2,17,474,2013,5.57
180,2,17,474,2014,5.65
180,2,17,474,2015,5.84
180,2,17,474,2016,5.97
180,2,17,474,2017,6.2
180,2,18,474,1990,4.2
180,2,18,474,1991,4.34
180,2,18,474,1992,4.52
180,2,18,474,1993,4.71
180,2,18,474,1994,4.92
180,2,18,474,1995,5.1
180,2,18,474,1996,5.26
180,2,18,474,1997,5.44
180,2,18,474,1998,5.58
180,2,18,474,1999,5.67
180,2,18,474,2000,5.84
180,2,18,474,2001,5.93
180,2,18,474,2002,6.1
180,2,18,474,2003,6.26
180,2,18,474,2004,6.31
180,2,18,474,2005,6.36
180,2,18,474,2006,6.45
180,2,18,474,2007,6.59
180,2,18,474,2008,6.71
180,2,18,474,2009,6.88
180,2,18,474,2010,7.2
180,2,18,474,2011,7.13
180,2,18,474,2012,7.07
180,2,18,474,2013,7.11
180,2,18,474,2014,7.14
180,2,18,474,2015,7.12
180,2,18,474,2016,7.37
180,2,18,474,2017,7.67
180,2,19,474,1990,4.42
180,2,19,474,1991,4.63
180,2,19,474,1992,4.87
180,2,19,474,1993,5.11
180,2,19,474,1994,5.35
180,2,19,474,1995,5.55
180,2,19,474,1996,5.72
180,2,19,474,1997,5.9
180,2,19,474,1998,6.06
180,2,19,474,1999,6.18
180,2,19,474,2000,6.35
180,2,19,474,2001,6.48
180,2,19,474,2002,6.69
180,2,19,474,2003,6.95
180,2,19,474,2004,7.09
180,2,19,474,2005,7.24
180,2,19,474,2006,7.41
180,2,19,474,2007,7.56
180,2,19,474,2008,7.66
180,2,19,474,2009,7.81
180,2,19,474,2010,8.16
180,2,19,474,2011,8.09
180,2,19,474,2012,8.06
180,2,19,474,2013,8.09
180,2,19,474,2014,8.18
180,2,19,474,2015,8.33
180,2,19,474,2016,8.52
180,2,19,474,2017,8.81
180,2,20,474,1990,3.59
180,2,20,474,1991,3.7
180,2,20,474,1992,3.86
180,2,20,474,1993,4.04
180,2,20,474,1994,4.26
180,2,20,474,1995,4.47
180,2,20,474,1996,4.68
180,2,20,474,1997,4.9
180,2,20,474,1998,5.1
180,2,20,474,1999,5.25
180,2,20,474,2000,5.39
180,2,20,474,2001,5.53
180,2,20,474,2002,5.7
180,2,20,474,2003,5.98
180,2,20,474,2004,6.16
180,2,20,474,2005,6.33
180,2,20,474,2006,6.53
180,2,20,474,2007,6.74
180,2,20,474,2008,6.91
180,2,20,474,2009,7.13
180,2,20,474,2010,7.52
180,2,20,474,2011,7.47
180,2,20,474,2012,7.45
180,2,20,474,2013,7.46
180,2,20,474,2014,7.49
180,2,20,474,2015,7.6
180,2,20,474,2016,7.77
180,2,20,474,2017,8.06
180,2,22,474,1990,27.2
180,2,22,474,1991,28.21
180,2,22,474,1992,29.42
180,2,22,474,1993,30.72
180,2,22,474,1994,32.16
180,2,22,474,1995,33.48
180,2,22,474,1996,34.61
180,2,22,474,1997,35.83
180,2,22,474,1998,36.97
180,2,22,474,1999,37.81
180,2,22,474,2000,38.88
180,2,22,474,2001,39.76
180,2,22,474,2002,41.09
180,2,22,474,2003,42.78
180,2,22,474,2004,43.94
180,2,22,474,2005,44.97
180,2,22,474,2006,46.2
180,2,22,474,2007,47.51
180,2,22,474,2008,48.71
180,2,22,474,2009,50.22
180,2,22,474,2010,52.73
180,2,22,474,2011,52.47
180,2,22,474,2012,52.37
180,2,22,474,2013,52.73
180,2,22,474,2014,53.38
180,2,22,474,2015,54.36
180,2,22,474,2016,55.85
180,2,22,474,2017,57.96
180,2,30,474,1990,3.47
180,2,30,474,1991,3.5
180,2,30,474,1992,3.53
180,2,30,474,1993,3.57
180,2,30,474,1994,3.65
180,2,30,474,1995,3.75
180,2,30,474,1996,3.87
180,2,30,474,1997,4.02
180,2,30,474,1998,4.19
180,2,30,474,1999,4.37
180,2,30,474,2000,4.55
180,2,30,474,2001,4.75
180,2,30,474,2002,4.97
180,2,30,474,2003,5.27
180,2,30,474,2004,5.5
180,2,30,474,2005,5.7
180,2,30,474,2006,5.9
180,2,30,474,2007,6.11
180,2,30,474,2008,6.31
180,2,30,474,2009,6.55
180,2,30,474,2010,6.91
180,2,30,474,2011,6.91
180,2,30,474,2012,6.96
180,2,30,474,2013,7.11
180,2,30,474,2014,7.29
180,2,30,474,2015,7.5
180,2,30,474,2016,7.73
180,2,30,474,2017,8.02
180,2,31,474,1990,1.56
180,2,31,474,1991,1.64
180,2,31,474,1992,1.73
180,2,31,474,1993,1.84
180,2,31,474,1994,1.95
180,2,31,474,1995,1.99
180,2,31,474,1996,2
180,2,31,474,1997,2.01
180,2,31,474,1998,2.04
180,2,31,474,1999,2.07
180,2,31,474,2000,2.12
180,2,31,474,2001,2.18
180,2,31,474,2002,2.28
180,2,31,474,2003,2.41
180,2,31,474,2004,2.54
180,2,31,474,2005,2.67
180,2,31,474,2006,2.81
180,2,31,474,2007,2.95
180,2,31,474,2008,3.08
180,2,31,474,2009,3.21
180,2,31,474,2010,3.38
180,2,31,474,2011,3.39
180,2,31,474,2012,3.43
180,2,31,474,2013,3.54
180,2,31,474,2014,3.66
180,2,31,474,2015,3.78
180,2,31,474,2016,3.92
180,2,31,474,2017,4.13
180,2,32,474,1990,0.31
180,2,32,474,1991,0.36
180,2,32,474,1992,0.41
180,2,32,474,1993,0.46
180,2,32,474,1994,0.5
180,2,32,474,1995,0.54
180,2,32,474,1996,0.56
180,2,32,474,1997,0.59
180,2,32,474,1998,0.63
180,2,32,474,1999,0.67
180,2,32,474,2000,0.67
180,2,32,474,2001,0.68
180,2,32,474,2002,0.68
180,2,32,474,2003,0.7
180,2,32,474,2004,0.72
180,2,32,474,2005,0.74
180,2,32,474,2006,0.77
180,2,32,474,2007,0.8
180,2,32,474,2008,0.84
180,2,32,474,2009,0.89
180,2,32,474,2010,0.95
180,2,32,474,2011,0.97
180,2,32,474,2012,1
180,2,32,474,2013,1.04
180,2,32,474,2014,1.08
180,2,32,474,2015,1.12
180,2,32,474,2016,1.17
180,2,32,474,2017,1.23
180,2,235,474,1990,0.05
180,2,235,474,1991,0.05
180,2,235,474,1992,0.06
180,2,235,474,1993,0.06
180,2,235,474,1994,0.07
180,2,235,474,1995,0.08
180,2,235,474,1996,0.09
180,2,235,474,1997,0.1
180,2,235,474,1998,0.11
180,2,235,474,1999,0.12
180,2,235,474,2000,0.13
180,2,235,474,2001,0.13
180,2,235,474,2002,0.14
180,2,235,474,2003,0.15
180,2,235,474,2004,0.16
180,2,235,474,2005,0.16
180,2,235,474,2006,0.16
180,2,235,474,2007,0.17
180,2,235,474,2008,0.17
180,2,235,474,2009,0.18
180,2,235,474,2010,0.18
180,2,235,474,2011,0.18
180,2,235,474,2012,0.19
180,2,235,474,2013,0.19
180,2,235,474,2014,0.2
180,2,235,474,2015,0.21
180,2,235,474,2016,0.23
180,2,235,474,2017,0.24
181,2,8,474,1990,0.29
181,2,8,474,1991,0.29
181,2,8,474,1992,0.3
181,2,8,474,1993,0.3
181,2,8,474,1994,0.3
181,2,8,474,1995,0.3
181,2,8,474,1996,0.3
181,2,8,474,1997,0.29
181,2,8,474,1998,0.29
181,2,8,474,1999,0.29
181,2,8,474,2000,0.28
181,2,8,474,2001,0.27
181,2,8,474,2002,0.27
181,2,8,474,2003,0.26
181,2,8,474,2004,0.26
181,2,8,474,2005,0.26
181,2,8,474,2006,0.25
181,2,8,474,2007,0.24
181,2,8,474,2008,0.24
181,2,8,474,2009,0.24
181,2,8,474,2010,0.23
181,2,8,474,2011,0.22
181,2,8,474,2012,0.21
181,2,8,474,2013,0.2
181,2,8,474,2014,0.2
181,2,8,474,2015,0.19
181,2,8,474,2016,0.19
181,2,8,474,2017,0.2
181,2,9,474,1990,0.43
181,2,9,474,1991,0.44
181,2,9,474,1992,0.44
181,2,9,474,1993,0.45
181,2,9,474,1994,0.45
181,2,9,474,1995,0.45
181,2,9,474,1996,0.45
181,2,9,474,1997,0.44
181,2,9,474,1998,0.44
181,2,9,474,1999,0.43
181,2,9,474,2000,0.42
181,2,9,474,2001,0.41
181,2,9,474,2002,0.41
181,2,9,474,2003,0.4
181,2,9,474,2004,0.4
181,2,9,474,2005,0.4
181,2,9,474,2006,0.38
181,2,9,474,2007,0.37
181,2,9,474,2008,0.36
181,2,9,474,2009,0.36
181,2,9,474,2010,0.35
181,2,9,474,2011,0.32
181,2,9,474,2012,0.3
181,2,9,474,2013,0.29
181,2,9,474,2014,0.28
181,2,9,474,2015,0.28
181,2,9,474,2016,0.28
181,2,9,474,2017,0.28
181,2,10,474,1990,0.88
181,2,10,474,1991,0.89
181,2,10,474,1992,0.9
181,2,10,474,1993,0.9
181,2,10,474,1994,0.91
181,2,10,474,1995,0.9
181,2,10,474,1996,0.9
181,2,10,474,1997,0.89
181,2,10,474,1998,0.89
181,2,10,474,1999,0.88
181,2,10,474,2000,0.86
181,2,10,474,2001,0.85
181,2,10,474,2002,0.84
181,2,10,474,2003,0.84
181,2,10,474,2004,0.83
181,2,10,474,2005,0.83
181,2,10,474,2006,0.79
181,2,10,474,2007,0.76
181,2,10,474,2008,0.74
181,2,10,474,2009,0.73
181,2,10,474,2010,0.71
181,2,10,474,2011,0.65
181,2,10,474,2012,0.61
181,2,10,474,2013,0.58
181,2,10,474,2014,0.56
181,2,10,474,2015,0.55
181,2,10,474,2016,0.55
181,2,10,474,2017,0.56
181,2,11,474,1990,1.01
181,2,11,474,1991,1.03
181,2,11,474,1992,1.04
181,2,11,474,1993,1.06
181,2,11,474,1994,1.05
181,2,11,474,1995,1.05
181,2,11,474,1996,1.05
181,2,11,474,1997,1.06
181,2,11,474,1998,1.06
181,2,11,474,1999,1.06
181,2,11,474,2000,1.04
181,2,11,474,2001,1.03
181,2,11,474,2002,1.04
181,2,11,474,2003,1.04
181,2,11,474,2004,1.04
181,2,11,474,2005,1.03
181,2,11,474,2006,0.98
181,2,11,474,2007,0.95
181,2,11,474,2008,0.92
181,2,11,474,2009,0.9
181,2,11,474,2010,0.88
181,2,11,474,2011,0.82
181,2,11,474,2012,0.77
181,2,11,474,2013,0.74
181,2,11,474,2014,0.72
181,2,11,474,2015,0.7
181,2,11,474,2016,0.69
181,2,11,474,2017,0.7
181,2,12,474,1990,1.36
181,2,12,474,1991,1.4
181,2,12,474,1992,1.44
181,2,12,474,1993,1.49
181,2,12,474,1994,1.49
181,2,12,474,1995,1.5
181,2,12,474,1996,1.51
181,2,12,474,1997,1.52
181,2,12,474,1998,1.53
181,2,12,474,1999,1.52
181,2,12,474,2000,1.51
181,2,12,474,2001,1.5
181,2,12,474,2002,1.52
181,2,12,474,2003,1.53
181,2,12,474,2004,1.55
181,2,12,474,2005,1.54
181,2,12,474,2006,1.48
181,2,12,474,2007,1.43
181,2,12,474,2008,1.4
181,2,12,474,2009,1.39
181,2,12,474,2010,1.37
181,2,12,474,2011,1.28
181,2,12,474,2012,1.22
181,2,12,474,2013,1.17
181,2,12,474,2014,1.14
181,2,12,474,2015,1.13
181,2,12,474,2016,1.11
181,2,12,474,2017,1.14
181,2,13,474,1990,2.19
181,2,13,474,1991,2.25
181,2,13,474,1992,2.31
181,2,13,474,1993,2.39
181,2,13,474,1994,2.39
181,2,13,474,1995,2.47
181,2,13,474,1996,2.53
181,2,13,474,1997,2.64
181,2,13,474,1998,2.71
181,2,13,474,1999,2.71
181,2,13,474,2000,2.72
181,2,13,474,2001,2.71
181,2,13,474,2002,2.75
181,2,13,474,2003,2.77
181,2,13,474,2004,2.79
181,2,13,474,2005,2.77
181,2,13,474,2006,2.65
181,2,13,474,2007,2.57
181,2,13,474,2008,2.53
181,2,13,474,2009,2.51
181,2,13,474,2010,2.49
181,2,13,474,2011,2.35
181,2,13,474,2012,2.24
181,2,13,474,2013,2.18
181,2,13,474,2014,2.15
181,2,13,474,2015,2.13
181,2,13,474,2016,2.12
181,2,13,474,2017,2.18
181,2,14,474,1990,3.02
181,2,14,474,1991,3.07
181,2,14,474,1992,3.14
181,2,14,474,1993,3.27
181,2,14,474,1994,3.22
181,2,14,474,1995,3.28
181,2,14,474,1996,3.34
181,2,14,474,1997,3.43
181,2,14,474,1998,3.49
181,2,14,474,1999,3.52
181,2,14,474,2000,3.64
181,2,14,474,2001,3.69
181,2,14,474,2002,3.84
181,2,14,474,2003,3.94
181,2,14,474,2004,4.02
181,2,14,474,2005,4.03
181,2,14,474,2006,3.86
181,2,14,474,2007,3.74
181,2,14,474,2008,3.68
181,2,14,474,2009,3.64
181,2,14,474,2010,3.6
181,2,14,474,2011,3.37
181,2,14,474,2012,3.23
181,2,14,474,2013,3.14
181,2,14,474,2014,3.1
181,2,14,474,2015,3.09
181,2,14,474,2016,3.1
181,2,14,474,2017,3.22
181,2,15,474,1990,4.58
181,2,15,474,1991,4.68
181,2,15,474,1992,4.8
181,2,15,474,1993,4.99
181,2,15,474,1994,4.81
181,2,15,474,1995,4.79
181,2,15,474,1996,4.84
181,2,15,474,1997,5.01
181,2,15,474,1998,5.16
181,2,15,474,1999,5.13
181,2,15,474,2000,5.23
181,2,15,474,2001,5.3
181,2,15,474,2002,5.44
181,2,15,474,2003,5.5
181,2,15,474,2004,5.66
181,2,15,474,2005,5.75
181,2,15,474,2006,5.58
181,2,15,474,2007,5.46
181,2,15,474,2008,5.46
181,2,15,474,2009,5.45
181,2,15,474,2010,5.41
181,2,15,474,2011,5.1
181,2,15,474,2012,4.89
181,2,15,474,2013,4.76
181,2,15,474,2014,4.69
181,2,15,474,2015,4.68
181,2,15,474,2016,4.68
181,2,15,474,2017,4.85
181,2,16,474,1990,6.77
181,2,16,474,1991,6.79
181,2,16,474,1992,6.8
181,2,16,474,1993,6.91
181,2,16,474,1994,6.7
181,2,16,474,1995,6.69
181,2,16,474,1996,6.76
181,2,16,474,1997,6.92
181,2,16,474,1998,7
181,2,16,474,1999,6.8
181,2,16,474,2000,6.75
181,2,16,474,2001,6.75
181,2,16,474,2002,6.93
181,2,16,474,2003,7.07
181,2,16,474,2004,7.15
181,2,16,474,2005,7.13
181,2,16,474,2006,6.89
181,2,16,474,2007,6.67
181,2,16,474,2008,6.58
181,2,16,474,2009,6.64
181,2,16,474,2010,6.73
181,2,16,474,2011,6.42
181,2,16,474,2012,6.25
181,2,16,474,2013,6.16
181,2,16,474,2014,6.13
181,2,16,474,2015,6.13
181,2,16,474,2016,6.14
181,2,16,474,2017,6.35
181,2,17,474,1990,9.7
181,2,17,474,1991,9.79
181,2,17,474,1992,9.91
181,2,17,474,1993,10.15
181,2,17,474,1994,9.97
181,2,17,474,1995,10.03
181,2,17,474,1996,9.97
181,2,17,474,1997,10.01
181,2,17,474,1998,9.94
181,2,17,474,1999,9.67
181,2,17,474,2000,9.64
181,2,17,474,2001,9.64
181,2,17,474,2002,9.82
181,2,17,474,2003,9.87
181,2,17,474,2004,9.75
181,2,17,474,2005,9.48
181,2,17,474,2006,9.01
181,2,17,474,2007,8.69
181,2,17,474,2008,8.61
181,2,17,474,2009,8.49
181,2,17,474,2010,8.4
181,2,17,474,2011,7.95
181,2,17,474,2012,7.63
181,2,17,474,2013,7.44
181,2,17,474,2014,7.48
181,2,17,474,2015,7.62
181,2,17,474,2016,7.74
181,2,17,474,2017,8.16
181,2,18,474,1990,11.51
181,2,18,474,1991,11.7
181,2,18,474,1992,11.92
181,2,18,474,1993,12.24
181,2,18,474,1994,12
181,2,18,474,1995,12.04
181,2,18,474,1996,12.03
181,2,18,474,1997,12.17
181,2,18,474,1998,12.2
181,2,18,474,1999,12.05
181,2,18,474,2000,12.16
181,2,18,474,2001,12.02
181,2,18,474,2002,12.09
181,2,18,474,2003,12
181,2,18,474,2004,11.95
181,2,18,474,2005,11.74
181,2,18,474,2006,11.22
181,2,18,474,2007,10.82
181,2,18,474,2008,10.6
181,2,18,474,2009,10.26
181,2,18,474,2010,9.91
181,2,18,474,2011,9.24
181,2,18,474,2012,8.85
181,2,18,474,2013,8.67
181,2,18,474,2014,8.52
181,2,18,474,2015,8.48
181,2,18,474,2016,8.55
181,2,18,474,2017,8.87
181,2,19,474,1990,11.5
181,2,19,474,1991,11.87
181,2,19,474,1992,12.25
181,2,19,474,1993,12.68
181,2,19,474,1994,12.49
181,2,19,474,1995,12.51
181,2,19,474,1996,12.66
181,2,19,474,1997,12.92
181,2,19,474,1998,13.06
181,2,19,474,1999,12.89
181,2,19,474,2000,12.94
181,2,19,474,2001,12.89
181,2,19,474,2002,13.03
181,2,19,474,2003,13.03
181,2,19,474,2004,13.12
181,2,19,474,2005,13
181,2,19,474,2006,12.23
181,2,19,474,2007,11.61
181,2,19,474,2008,11.2
181,2,19,474,2009,10.9
181,2,19,474,2010,10.62
181,2,19,474,2011,9.93
181,2,19,474,2012,9.47
181,2,19,474,2013,9.14
181,2,19,474,2014,8.8
181,2,19,474,2015,8.56
181,2,19,474,2016,8.52
181,2,19,474,2017,8.84
181,2,20,474,1990,8.38
181,2,20,474,1991,8.4
181,2,20,474,1992,8.45
181,2,20,474,1993,8.57
181,2,20,474,1994,8.73
181,2,20,474,1995,9.09
181,2,20,474,1996,9.35
181,2,20,474,1997,9.69
181,2,20,474,1998,9.93
181,2,20,474,1999,9.83
181,2,20,474,2000,9.87
181,2,20,474,2001,9.99
181,2,20,474,2002,10.26
181,2,20,474,2003,10.41
181,2,20,474,2004,10.53
181,2,20,474,2005,10.49
181,2,20,474,2006,9.99
181,2,20,474,2007,9.57
181,2,20,474,2008,9.3
181,2,20,474,2009,9.12
181,2,20,474,2010,8.92
181,2,20,474,2011,8.19
181,2,20,474,2012,7.67
181,2,20,474,2013,7.31
181,2,20,474,2014,7.09
181,2,20,474,2015,6.95
181,2,20,474,2016,6.93
181,2,20,474,2017,7.15
181,2,22,474,1990,71.47
181,2,22,474,1991,72.59
181,2,22,474,1992,73.81
181,2,22,474,1993,75.69
181,2,22,474,1994,74.61
181,2,22,474,1995,75.17
181,2,22,474,1996,75.79
181,2,22,474,1997,77.23
181,2,22,474,1998,78.02
181,2,22,474,1999,77.23
181,2,22,474,2000,77.89
181,2,22,474,2001,78.11
181,2,22,474,2002,79.7
181,2,22,474,2003,80.41
181,2,22,474,2004,81.04
181,2,22,474,2005,80.54
181,2,22,474,2006,77.02
181,2,22,474,2007,74.27
181,2,22,474,2008,72.84
181,2,22,474,2009,71.62
181,2,22,474,2010,70.41
181,2,22,474,2011,65.94
181,2,22,474,2012,62.98
181,2,22,474,2013,61.14
181,2,22,474,2014,60.08
181,2,22,474,2015,59.66
181,2,22,474,2016,59.69
181,2,22,474,2017,61.81
181,2,30,474,1990,6.66
181,2,30,474,1991,6.75
181,2,30,474,1992,6.84
181,2,30,474,1993,6.93
181,2,30,474,1994,6.77
181,2,30,474,1995,6.73
181,2,30,474,1996,6.71
181,2,30,474,1997,6.78
181,2,30,474,1998,6.86
181,2,30,474,1999,7.05
181,2,30,474,2000,7.38
181,2,30,474,2001,7.61
181,2,30,474,2002,7.94
181,2,30,474,2003,8.16
181,2,30,474,2004,8.26
181,2,30,474,2005,8.25
181,2,30,474,2006,7.96
181,2,30,474,2007,7.74
181,2,30,474,2008,7.61
181,2,30,474,2009,7.45
181,2,30,474,2010,7.3
181,2,30,474,2011,6.8
181,2,30,474,2012,6.48
181,2,30,474,2013,6.27
181,2,30,474,2014,6.18
181,2,30,474,2015,6.13
181,2,30,474,2016,6.05
181,2,30,474,2017,6.17
181,2,31,474,1990,2.56
181,2,31,474,1991,2.6
181,2,31,474,1992,2.64
181,2,31,474,1993,2.68
181,2,31,474,1994,2.65
181,2,31,474,1995,2.67
181,2,31,474,1996,2.7
181,2,31,474,1997,2.74
181,2,31,474,1998,2.77
181,2,31,474,1999,2.72
181,2,31,474,2000,2.72
181,2,31,474,2001,2.73
181,2,31,474,2002,2.79
181,2,31,474,2003,2.84
181,2,31,474,2004,2.99
181,2,31,474,2005,3.11
181,2,31,474,2006,3.03
181,2,31,474,2007,2.98
181,2,31,474,2008,2.95
181,2,31,474,2009,2.88
181,2,31,474,2010,2.82
181,2,31,474,2011,2.66
181,2,31,474,2012,2.56
181,2,31,474,2013,2.5
181,2,31,474,2014,2.45
181,2,31,474,2015,2.43
181,2,31,474,2016,2.43
181,2,31,474,2017,2.51
181,2,32,474,1990,0.52
181,2,32,474,1991,0.53
181,2,32,474,1992,0.55
181,2,32,474,1993,0.56
181,2,32,474,1994,0.57
181,2,32,474,1995,0.58
181,2,32,474,1996,0.58
181,2,32,474,1997,0.59
181,2,32,474,1998,0.6
181,2,32,474,1999,0.59
181,2,32,474,2000,0.6
181,2,32,474,2001,0.61
181,2,32,474,2002,0.62
181,2,32,474,2003,0.63
181,2,32,474,2004,0.63
181,2,32,474,2005,0.63
181,2,32,474,2006,0.59
181,2,32,474,2007,0.57
181,2,32,474,2008,0.56
181,2,32,474,2009,0.57
181,2,32,474,2010,0.58
181,2,32,474,2011,0.55
181,2,32,474,2012,0.53
181,2,32,474,2013,0.52
181,2,32,474,2014,0.51
181,2,32,474,2015,0.51
181,2,32,474,2016,0.52
181,2,32,474,2017,0.55
181,2,235,474,1990,0.11
181,2,235,474,1991,0.11
181,2,235,474,1992,0.11
181,2,235,474,1993,0.1
181,2,235,474,1994,0.1
181,2,235,474,1995,0.1
181,2,235,474,1996,0.1
181,2,235,474,1997,0.1
181,2,235,474,1998,0.1
181,2,235,474,1999,0.1
181,2,235,474,2000,0.11
181,2,235,474,2001,0.11
181,2,235,474,2002,0.11
181,2,235,474,2003,0.11
181,2,235,474,2004,0.11
181,2,235,474,2005,0.11
181,2,235,474,2006,0.11
181,2,235,474,2007,0.1
181,2,235,474,2008,0.1
181,2,235,474,2009,0.1
181,2,235,474,2010,0.09
181,2,235,474,2011,0.09
181,2,235,474,2012,0.08
181,2,235,474,2013,0.08
181,2,235,474,2014,0.08
181,2,235,474,2015,0.09
181,2,235,474,2016,0.09
181,2,235,474,2017,0.09
182,2,8,474,1990,0.38
182,2,8,474,1991,0.4
182,2,8,474,1992,0.43
182,2,8,474,1993,0.47
182,2,8,474,1994,0.48
182,2,8,474,1995,0.5
182,2,8,474,1996,0.52
182,2,8,474,1997,0.52
182,2,8,474,1998,0.52
182,2,8,474,1999,0.5
182,2,8,474,2000,0.49
182,2,8,474,2001,0.47
182,2,8,474,2002,0.45
182,2,8,474,2003,0.43
182,2,8,474,2004,0.42
182,2,8,474,2005,0.41
182,2,8,474,2006,0.39
182,2,8,474,2007,0.38
182,2,8,474,2008,0.37
182,2,8,474,2009,0.37
182,2,8,474,2010,0.39
182,2,8,474,2011,0.38
182,2,8,474,2012,0.39
182,2,8,474,2013,0.39
182,2,8,474,2014,0.41
182,2,8,474,2015,0.43
182,2,8,474,2016,0.45
182,2,8,474,2017,0.46
182,2,9,474,1990,0.65
182,2,9,474,1991,0.7
182,2,9,474,1992,0.77
182,2,9,474,1993,0.8
182,2,9,474,1994,0.76
182,2,9,474,1995,0.75
182,2,9,474,1996,0.8
182,2,9,474,1997,0.82
182,2,9,474,1998,0.84
182,2,9,474,1999,0.84
182,2,9,474,2000,0.84
182,2,9,474,2001,0.81
182,2,9,474,2002,0.77
182,2,9,474,2003,0.74
182,2,9,474,2004,0.71
182,2,9,474,2005,0.68
182,2,9,474,2006,0.64
182,2,9,474,2007,0.61
182,2,9,474,2008,0.6
182,2,9,474,2009,0.59
182,2,9,474,2010,0.6
182,2,9,474,2011,0.58
182,2,9,474,2012,0.57
182,2,9,474,2013,0.56
182,2,9,474,2014,0.57
182,2,9,474,2015,0.58
182,2,9,474,2016,0.61
182,2,9,474,2017,0.62
182,2,10,474,1990,1.22
182,2,10,474,1991,1.32
182,2,10,474,1992,1.46
182,2,10,474,1993,1.53
182,2,10,474,1994,1.47
182,2,10,474,1995,1.44
182,2,10,474,1996,1.49
182,2,10,474,1997,1.5
182,2,10,474,1998,1.5
182,2,10,474,1999,1.47
182,2,10,474,2000,1.46
182,2,10,474,2001,1.43
182,2,10,474,2002,1.41
182,2,10,474,2003,1.39
182,2,10,474,2004,1.37
182,2,10,474,2005,1.34
182,2,10,474,2006,1.26
182,2,10,474,2007,1.2
182,2,10,474,2008,1.15
182,2,10,474,2009,1.11
182,2,10,474,2010,1.12
182,2,10,474,2011,1.05
182,2,10,474,2012,1.04
182,2,10,474,2013,1.05
182,2,10,474,2014,1.06
182,2,10,474,2015,1.09
182,2,10,474,2016,1.12
182,2,10,474,2017,1.13
182,2,11,474,1990,1.25
182,2,11,474,1991,1.33
182,2,11,474,1992,1.44
182,2,11,474,1993,1.53
182,2,11,474,1994,1.55
182,2,11,474,1995,1.57
182,2,11,474,1996,1.61
182,2,11,474,1997,1.6
182,2,11,474,1998,1.57
182,2,11,474,1999,1.51
182,2,11,474,2000,1.47
182,2,11,474,2001,1.41
182,2,11,474,2002,1.37
182,2,11,474,2003,1.35
182,2,11,474,2004,1.33
182,2,11,474,2005,1.31
182,2,11,474,2006,1.27
182,2,11,474,2007,1.26
182,2,11,474,2008,1.26
182,2,11,474,2009,1.27
182,2,11,474,2010,1.31
182,2,11,474,2011,1.25
182,2,11,474,2012,1.23
182,2,11,474,2013,1.23
182,2,11,474,2014,1.24
182,2,11,474,2015,1.27
182,2,11,474,2016,1.31
182,2,11,474,2017,1.35
182,2,12,474,1990,1.78
182,2,12,474,1991,1.85
182,2,12,474,1992,1.98
182,2,12,474,1993,2.09
182,2,12,474,1994,2.13
182,2,12,474,1995,2.18
182,2,12,474,1996,2.24
182,2,12,474,1997,2.24
182,2,12,474,1998,2.23
182,2,12,474,1999,2.15
182,2,12,474,2000,2.09
182,2,12,474,2001,2
182,2,12,474,2002,1.93
182,2,12,474,2003,1.86
182,2,12,474,2004,1.8
182,2,12,474,2005,1.74
182,2,12,474,2006,1.67
182,2,12,474,2007,1.63
182,2,12,474,2008,1.63
182,2,12,474,2009,1.63
182,2,12,474,2010,1.69
182,2,12,474,2011,1.66
182,2,12,474,2012,1.7
182,2,12,474,2013,1.76
182,2,12,474,2014,1.85
182,2,12,474,2015,1.95
182,2,12,474,2016,2.03
182,2,12,474,2017,2.09
182,2,13,474,1990,2.89
182,2,13,474,1991,3.02
182,2,13,474,1992,3.21
182,2,13,474,1993,3.4
182,2,13,474,1994,3.5
182,2,13,474,1995,3.59
182,2,13,474,1996,3.71
182,2,13,474,1997,3.73
182,2,13,474,1998,3.74
182,2,13,474,1999,3.6
182,2,13,474,2000,3.48
182,2,13,474,2001,3.29
182,2,13,474,2002,3.15
182,2,13,474,2003,3.05
182,2,13,474,2004,2.94
182,2,13,474,2005,2.82
182,2,13,474,2006,2.68
182,2,13,474,2007,2.57
182,2,13,474,2008,2.51
182,2,13,474,2009,2.48
182,2,13,474,2010,2.55
182,2,13,474,2011,2.48
182,2,13,474,2012,2.52
182,2,13,474,2013,2.61
182,2,13,474,2014,2.73
182,2,13,474,2015,2.89
182,2,13,474,2016,3.09
182,2,13,474,2017,3.28
182,2,14,474,1990,3.89
182,2,14,474,1991,4.1
182,2,14,474,1992,4.42
182,2,14,474,1993,4.69
182,2,14,474,1994,4.92
182,2,14,474,1995,5.15
182,2,14,474,1996,5.34
182,2,14,474,1997,5.37
182,2,14,474,1998,5.43
182,2,14,474,1999,5.21
182,2,14,474,2000,4.96
182,2,14,474,2001,4.69
182,2,14,474,2002,4.5
182,2,14,474,2003,4.37
182,2,14,474,2004,4.23
182,2,14,474,2005,4.05
182,2,14,474,2006,3.84
182,2,14,474,2007,3.71
182,2,14,474,2008,3.65
182,2,14,474,2009,3.63
182,2,14,474,2010,3.72
182,2,14,474,2011,3.59
182,2,14,474,2012,3.6
182,2,14,474,2013,3.65
182,2,14,474,2014,3.77
182,2,14,474,2015,3.95
182,2,14,474,2016,4.17
182,2,14,474,2017,4.41
182,2,15,474,1990,6.15
182,2,15,474,1991,6.37
182,2,15,474,1992,6.75
182,2,15,474,1993,7.04
182,2,15,474,1994,7.35
182,2,15,474,1995,7.68
182,2,15,474,1996,8.05
182,2,15,474,1997,8.25
182,2,15,474,1998,8.36
182,2,15,474,1999,8.17
182,2,15,474,2000,8.01
182,2,15,474,2001,7.68
182,2,15,474,2002,7.42
182,2,15,474,2003,7.31
182,2,15,474,2004,7.08
182,2,15,474,2005,6.75
182,2,15,474,2006,6.37
182,2,15,474,2007,6.09
182,2,15,474,2008,5.92
182,2,15,474,2009,5.84
182,2,15,474,2010,5.93
182,2,15,474,2011,5.67
182,2,15,474,2012,5.64
182,2,15,474,2013,5.71
182,2,15,474,2014,5.87
182,2,15,474,2015,6.1
182,2,15,474,2016,6.37
182,2,15,474,2017,6.63
182,2,16,474,1990,9.35
182,2,16,474,1991,9.48
182,2,16,474,1992,9.74
182,2,16,474,1993,9.92
182,2,16,474,1994,10.16
182,2,16,474,1995,10.38
182,2,16,474,1996,10.58
182,2,16,474,1997,10.64
182,2,16,474,1998,10.63
182,2,16,474,1999,10.41
182,2,16,474,2000,10.3
182,2,16,474,2001,10.11
182,2,16,474,2002,10.02
182,2,16,474,2003,9.96
182,2,16,474,2004,9.88
182,2,16,474,2005,9.72
182,2,16,474,2006,9.31
182,2,16,474,2007,8.99
182,2,16,474,2008,8.88
182,2,16,474,2009,8.78
182,2,16,474,2010,8.86
182,2,16,474,2011,8.47
182,2,16,474,2012,8.37
182,2,16,474,2013,8.41
182,2,16,474,2014,8.55
182,2,16,474,2015,8.78
182,2,16,474,2016,9.08
182,2,16,474,2017,9.37
182,2,17,474,1990,14.56
182,2,17,474,1991,15.05
182,2,17,474,1992,15.77
182,2,17,474,1993,16.59
182,2,17,474,1994,17.07
182,2,17,474,1995,17.33
182,2,17,474,1996,17.34
182,2,17,474,1997,17.04
182,2,17,474,1998,16.7
182,2,17,474,1999,16.14
182,2,17,474,2000,15.76
182,2,17,474,2001,15.28
182,2,17,474,2002,15.02
182,2,17,474,2003,14.83
182,2,17,474,2004,14.72
182,2,17,474,2005,14.53
182,2,17,474,2006,14.14
182,2,17,474,2007,13.89
182,2,17,474,2008,13.76
182,2,17,474,2009,13.84
182,2,17,474,2010,14.26
182,2,17,474,2011,13.73
182,2,17,474,2012,13.63
182,2,17,474,2013,13.84
182,2,17,474,2014,14.02
182,2,17,474,2015,14.24
182,2,17,474,2016,14.59
182,2,17,474,2017,14.9
182,2,18,474,1990,19.08
182,2,18,474,1991,19.56
182,2,18,474,1992,20.21
182,2,18,474,1993,20.67
182,2,18,474,1994,21.24
182,2,18,474,1995,21.78
182,2,18,474,1996,22.27
182,2,18,474,1997,22.58
182,2,18,474,1998,23.07
182,2,18,474,1999,22.61
182,2,18,474,2000,22.06
182,2,18,474,2001,21.15
182,2,18,474,2002,20.33
182,2,18,474,2003,19.66
182,2,18,474,2004,19.19
182,2,18,474,2005,18.68
182,2,18,474,2006,17.84
182,2,18,474,2007,17.34
182,2,18,474,2008,17.02
182,2,18,474,2009,17.12
182,2,18,474,2010,17.69
182,2,18,474,2011,17.37
182,2,18,474,2012,17.65
182,2,18,474,2013,18.09
182,2,18,474,2014,18.77
182,2,18,474,2015,19.6
182,2,18,474,2016,20.36
182,2,18,474,2017,20.99
182,2,19,474,1990,22.35
182,2,19,474,1991,23.09
182,2,19,474,1992,24.02
182,2,19,474,1993,24.71
182,2,19,474,1994,25.58
182,2,19,474,1995,26.31
182,2,19,474,1996,26.78
182,2,19,474,1997,27.01
182,2,19,474,1998,27.07
182,2,19,474,1999,26.84
182,2,19,474,2000,26.93
182,2,19,474,2001,26.98
182,2,19,474,2002,27.2
182,2,19,474,2003,27.78
182,2,19,474,2004,27.6
182,2,19,474,2005,26.95
182,2,19,474,2006,25.4
182,2,19,474,2007,24.05
182,2,19,474,2008,23.07
182,2,19,474,2009,22.7
182,2,19,474,2010,22.94
182,2,19,474,2011,22.06
182,2,19,474,2012,22.09
182,2,19,474,2013,22.36
182,2,19,474,2014,23.15
182,2,19,474,2015,24.18
182,2,19,474,2016,25.47
182,2,19,474,2017,26.68
182,2,20,474,1990,19.52
182,2,20,474,1991,20.21
182,2,20,474,1992,20.89
182,2,20,474,1993,21.97
182,2,20,474,1994,22.91
182,2,20,474,1995,23.64
182,2,20,474,1996,24.16
182,2,20,474,1997,24.38
182,2,20,474,1998,24.43
182,2,20,474,1999,24.25
182,2,20,474,2000,24.02
182,2,20,474,2001,23.84
182,2,20,474,2002,23.81
182,2,20,474,2003,23.93
182,2,20,474,2004,24.21
182,2,20,474,2005,24.6
182,2,20,474,2006,24.69
182,2,20,474,2007,24.95
182,2,20,474,2008,25.53
182,2,20,474,2009,25.52
182,2,20,474,2010,25.44
182,2,20,474,2011,23.92
182,2,20,474,2012,23.25
182,2,20,474,2013,23.02
182,2,20,474,2014,23.31
182,2,20,474,2015,23.87
182,2,20,474,2016,24.66
182,2,20,474,2017,25.53
182,2,22,474,1990,122.93
182,2,22,474,1991,127.2
182,2,22,474,1992,133.06
182,2,22,474,1993,138.39
182,2,22,474,1994,143.12
182,2,22,474,1995,147.18
182,2,22,474,1996,150.59
182,2,22,474,1997,152.03
182,2,22,474,1998,153.25
182,2,22,474,1999,151.11
182,2,22,474,2000,149.22
182,2,22,474,2001,146.46
182,2,22,474,2002,144.76
182,2,22,474,2003,144.4
182,2,22,474,2004,143.59
182,2,22,474,2005,142.07
182,2,22,474,2006,137.98
182,2,22,474,2007,135.41
182,2,22,474,2008,134.68
182,2,22,474,2009,135.29
182,2,22,474,2010,138.43
182,2,22,474,2011,134.37
182,2,22,474,2012,135.16
182,2,22,474,2013,138.11
182,2,22,474,2014,142.49
182,2,22,474,2015,147.8
182,2,22,474,2016,153.87
182,2,22,474,2017,159.58
182,2,30,474,1990,13.97
182,2,30,474,1991,14.65
182,2,30,474,1992,15.64
182,2,30,474,1993,16.42
182,2,30,474,1994,17.17
182,2,30,474,1995,17.79
182,2,30,474,1996,18.33
182,2,30,474,1997,18.61
182,2,30,474,1998,19.2
182,2,30,474,1999,19.27
182,2,30,474,2000,19.13
182,2,30,474,2001,18.96
182,2,30,474,2002,18.9
182,2,30,474,2003,18.95
182,2,30,474,2004,19.1
182,2,30,474,2005,19.29
182,2,30,474,2006,19.24
182,2,30,474,2007,19.42
182,2,30,474,2008,19.78
182,2,30,474,2009,20.49
182,2,30,474,2010,21.58
182,2,30,474,2011,21.79
182,2,30,474,2012,22.71
182,2,30,474,2013,24.06
182,2,30,474,2014,24.95
182,2,30,474,2015,25.57
182,2,30,474,2016,26.07
182,2,30,474,2017,26.41
182,2,31,474,1990,4.92
182,2,31,474,1991,5.06
182,2,31,474,1992,5.25
182,2,31,474,1993,5.44
182,2,31,474,1994,5.66
182,2,31,474,1995,5.89
182,2,31,474,1996,6.14
182,2,31,474,1997,6.48
182,2,31,474,1998,6.68
182,2,31,474,1999,6.79
182,2,31,474,2000,6.84
182,2,31,474,2001,6.92
182,2,31,474,2002,6.99
182,2,31,474,2003,7.25
182,2,31,474,2004,7.41
182,2,31,474,2005,7.55
182,2,31,474,2006,7.53
182,2,31,474,2007,7.6
182,2,31,474,2008,7.76
182,2,31,474,2009,8.02
182,2,31,474,2010,8.39
182,2,31,474,2011,8.41
182,2,31,474,2012,8.74
182,2,31,474,2013,9.22
182,2,31,474,2014,9.95
182,2,31,474,2015,10.85
182,2,31,474,2016,11.88
182,2,31,474,2017,12.9
182,2,32,474,1990,0.85
182,2,32,474,1991,0.9
182,2,32,474,1992,0.95
182,2,32,474,1993,0.98
182,2,32,474,1994,1.02
182,2,32,474,1995,1.05
182,2,32,474,1996,1.08
182,2,32,474,1997,1.11
182,2,32,474,1998,1.14
182,2,32,474,1999,1.16
182,2,32,474,2000,1.19
182,2,32,474,2001,1.23
182,2,32,474,2002,1.3
182,2,32,474,2003,1.36
182,2,32,474,2004,1.41
182,2,32,474,2005,1.46
182,2,32,474,2006,1.48
182,2,32,474,2007,1.5
182,2,32,474,2008,1.58
182,2,32,474,2009,1.65
182,2,32,474,2010,1.72
182,2,32,474,2011,1.72
182,2,32,474,2012,1.77
182,2,32,474,2013,1.86
182,2,32,474,2014,1.99
182,2,32,474,2015,2.14
182,2,32,474,2016,2.3
182,2,32,474,2017,2.49
182,2,235,474,1990,0.11
182,2,235,474,1991,0.12
182,2,235,474,1992,0.12
182,2,235,474,1993,0.13
182,2,235,474,1994,0.14
182,2,235,474,1995,0.15
182,2,235,474,1996,0.16
182,2,235,474,1997,0.17
182,2,235,474,1998,0.17
182,2,235,474,1999,0.18
182,2,235,474,2000,0.18
182,2,235,474,2001,0.18
182,2,235,474,2002,0.19
182,2,235,474,2003,0.19
182,2,235,474,2004,0.2
182,2,235,474,2005,0.21
182,2,235,474,2006,0.21
182,2,235,474,2007,0.22
182,2,235,474,2008,0.23
182,2,235,474,2009,0.24
182,2,235,474,2010,0.25
182,2,235,474,2011,0.25
182,2,235,474,2012,0.26
182,2,235,474,2013,0.28
182,2,235,474,2014,0.3
182,2,235,474,2015,0.31
182,2,235,474,2016,0.34
182,2,235,474,2017,0.36
183,2,8,474,1990,0.01
183,2,8,474,1991,0.01
183,2,8,474,1992,0.01
183,2,8,474,1993,0.01
183,2,8,474,1994,0.01
183,2,8,474,1995,0.01
183,2,8,474,1996,0.01
183,2,8,474,1997,0.01
183,2,8,474,1998,0.01
183,2,8,474,1999,0.01
183,2,8,474,2000,0.01
183,2,8,474,2001,0.01
183,2,8,474,2002,0.01
183,2,8,474,2003,0.01
183,2,8,474,2004,0.01
183,2,8,474,2005,0.01
183,2,8,474,2006,0.01
183,2,8,474,2007,0.01
183,2,8,474,2008,0.01
183,2,8,474,2009,0.01
183,2,8,474,2010,0.01
183,2,8,474,2011,0.01
183,2,8,474,2012,0.01
183,2,8,474,2013,0.01
183,2,8,474,2014,0.01
183,2,8,474,2015,0.01
183,2,8,474,2016,0
183,2,8,474,2017,0
183,2,9,474,1990,0.03
183,2,9,474,1991,0.03
183,2,9,474,1992,0.03
183,2,9,474,1993,0.03
183,2,9,474,1994,0.02
183,2,9,474,1995,0.02
183,2,9,474,1996,0.01
183,2,9,474,1997,0.01
183,2,9,474,1998,0.01
183,2,9,474,1999,0.01
183,2,9,474,2000,0.01
183,2,9,474,2001,0.01
183,2,9,474,2002,0.01
183,2,9,474,2003,0.01
183,2,9,474,2004,0.01
183,2,9,474,2005,0.01
183,2,9,474,2006,0.01
183,2,9,474,2007,0.01
183,2,9,474,2008,0.01
183,2,9,474,2009,0.01
183,2,9,474,2010,0.01
183,2,9,474,2011,0.01
183,2,9,474,2012,0.01
183,2,9,474,2013,0.01
183,2,9,474,2014,0.01
183,2,9,474,2015,0.01
183,2,9,474,2016,0.01
183,2,9,474,2017,0.01
183,2,10,474,1990,0.01
183,2,10,474,1991,0.01
183,2,10,474,1992,0.01
183,2,10,474,1993,0.01
183,2,10,474,1994,0.01
183,2,10,474,1995,0.01
183,2,10,474,1996,0.01
183,2,10,474,1997,0.01
183,2,10,474,1998,0.01
183,2,10,474,1999,0.01
183,2,10,474,2000,0.01
183,2,10,474,2001,0.01
183,2,10,474,2002,0.01
183,2,10,474,2003,0.01
183,2,10,474,2004,0.01
183,2,10,474,2005,0.01
183,2,10,474,2006,0.01
183,2,10,474,2007,0.01
183,2,10,474,2008,0.01
183,2,10,474,2009,0.01
183,2,10,474,2010,0.01
183,2,10,474,2011,0.01
183,2,10,474,2012,0
183,2,10,474,2013,0
183,2,10,474,2014,0
183,2,10,474,2015,0.01
183,2,10,474,2016,0.01
183,2,10,474,2017,0.01
183,2,11,474,1990,0.01
183,2,11,474,1991,0.01
183,2,11,474,1992,0.01
183,2,11,474,1993,0.01
183,2,11,474,1994,0.01
183,2,11,474,1995,0.01
183,2,11,474,1996,0.01
183,2,11,474,1997,0.01
183,2,11,474,1998,0.01
183,2,11,474,1999,0.01
183,2,11,474,2000,0.01
183,2,11,474,2001,0.01
183,2,11,474,2002,0.01
183,2,11,474,2003,0.01
183,2,11,474,2004,0.01
183,2,11,474,2005,0.01
183,2,11,474,2006,0.01
183,2,11,474,2007,0.01
183,2,11,474,2008,0.01
183,2,11,474,2009,0.01
183,2,11,474,2010,0.01
183,2,11,474,2011,0.01
183,2,11,474,2012,0.01
183,2,11,474,2013,0.01
183,2,11,474,2014,0.01
183,2,11,474,2015,0.01
183,2,11,474,2016,0.01
183,2,11,474,2017,0.01
183,2,12,474,1990,0.02
183,2,12,474,1991,0.03
183,2,12,474,1992,0.03
183,2,12,474,1993,0.03
183,2,12,474,1994,0.03
183,2,12,474,1995,0.03
183,2,12,474,1996,0.03
183,2,12,474,1997,0.03
183,2,12,474,1998,0.03
183,2,12,474,1999,0.03
183,2,12,474,2000,0.03
183,2,12,474,2001,0.03
183,2,12,474,2002,0.02
183,2,12,474,2003,0.02
183,2,12,474,2004,0.02
183,2,12,474,2005,0.02
183,2,12,474,2006,0.02
183,2,12,474,2007,0.02
183,2,12,474,2008,0.02
183,2,12,474,2009,0.02
183,2,12,474,2010,0.02
183,2,12,474,2011,0.02
183,2,12,474,2012,0.02
183,2,12,474,2013,0.02
183,2,12,474,2014,0.02
183,2,12,474,2015,0.02
183,2,12,474,2016,0.02
183,2,12,474,2017,0.02
183,2,13,474,1990,0.18
183,2,13,474,1991,0.19
183,2,13,474,1992,0.22
183,2,13,474,1993,0.22
183,2,13,474,1994,0.2
183,2,13,474,1995,0.17
183,2,13,474,1996,0.16
183,2,13,474,1997,0.17
183,2,13,474,1998,0.16
183,2,13,474,1999,0.17
183,2,13,474,2000,0.17
183,2,13,474,2001,0.16
183,2,13,474,2002,0.16
183,2,13,474,2003,0.15
183,2,13,474,2004,0.14
183,2,13,474,2005,0.14
183,2,13,474,2006,0.14
183,2,13,474,2007,0.15
183,2,13,474,2008,0.15
183,2,13,474,2009,0.15
183,2,13,474,2010,0.13
183,2,13,474,2011,0.12
183,2,13,474,2012,0.13
183,2,13,474,2013,0.13
183,2,13,474,2014,0.14
183,2,13,474,2015,0.15
183,2,13,474,2016,0.13
183,2,13,474,2017,0.13
183,2,14,474,1990,0.19
183,2,14,474,1991,0.19
183,2,14,474,1992,0.21
183,2,14,474,1993,0.19
183,2,14,474,1994,0.19
183,2,14,474,1995,0.18
183,2,14,474,1996,0.18
183,2,14,474,1997,0.18
183,2,14,474,1998,0.17
183,2,14,474,1999,0.18
183,2,14,474,2000,0.18
183,2,14,474,2001,0.18
183,2,14,474,2002,0.18
183,2,14,474,2003,0.17
183,2,14,474,2004,0.16
183,2,14,474,2005,0.15
183,2,14,474,2006,0.15
183,2,14,474,2007,0.16
183,2,14,474,2008,0.17
183,2,14,474,2009,0.17
183,2,14,474,2010,0.17
183,2,14,474,2011,0.16
183,2,14,474,2012,0.19
183,2,14,474,2013,0.18
183,2,14,474,2014,0.19
183,2,14,474,2015,0.19
183,2,14,474,2016,0.17
183,2,14,474,2017,0.17
183,2,15,474,1990,0.35
183,2,15,474,1991,0.32
183,2,15,474,1992,0.32
183,2,15,474,1993,0.29
183,2,15,474,1994,0.29
183,2,15,474,1995,0.3
183,2,15,474,1996,0.28
183,2,15,474,1997,0.3
183,2,15,474,1998,0.28
183,2,15,474,1999,0.3
183,2,15,474,2000,0.31
183,2,15,474,2001,0.33
183,2,15,474,2002,0.33
183,2,15,474,2003,0.33
183,2,15,474,2004,0.31
183,2,15,474,2005,0.3
183,2,15,474,2006,0.29
183,2,15,474,2007,0.31
183,2,15,474,2008,0.3
183,2,15,474,2009,0.31
183,2,15,474,2010,0.28
183,2,15,474,2011,0.28
183,2,15,474,2012,0.34
183,2,15,474,2013,0.33
183,2,15,474,2014,0.35
183,2,15,474,2015,0.36
183,2,15,474,2016,0.35
183,2,15,474,2017,0.35
183,2,16,474,1990,0.46
183,2,16,474,1991,0.46
183,2,16,474,1992,0.48
183,2,16,474,1993,0.44
183,2,16,474,1994,0.43
183,2,16,474,1995,0.4
183,2,16,474,1996,0.35
183,2,16,474,1997,0.34
183,2,16,474,1998,0.3
183,2,16,474,1999,0.35
183,2,16,474,2000,0.37
183,2,16,474,2001,0.37
183,2,16,474,2002,0.38
183,2,16,474,2003,0.37
183,2,16,474,2004,0.36
183,2,16,474,2005,0.36
183,2,16,474,2006,0.37
183,2,16,474,2007,0.41
183,2,16,474,2008,0.42
183,2,16,474,2009,0.42
183,2,16,474,2010,0.4
183,2,16,474,2011,0.4
183,2,16,474,2012,0.47
183,2,16,474,2013,0.47
183,2,16,474,2014,0.51
183,2,16,474,2015,0.52
183,2,16,474,2016,0.5
183,2,16,474,2017,0.51
183,2,17,474,1990,0.73
183,2,17,474,1991,0.66
183,2,17,474,1992,0.68
183,2,17,474,1993,0.62
183,2,17,474,1994,0.59
183,2,17,474,1995,0.56
183,2,17,474,1996,0.53
183,2,17,474,1997,0.53
183,2,17,474,1998,0.48
183,2,17,474,1999,0.49
183,2,17,474,2000,0.48
183,2,17,474,2001,0.47
183,2,17,474,2002,0.46
183,2,17,474,2003,0.44
183,2,17,474,2004,0.42
183,2,17,474,2005,0.41
183,2,17,474,2006,0.41
183,2,17,474,2007,0.46
183,2,17,474,2008,0.48
183,2,17,474,2009,0.51
183,2,17,474,2010,0.46
183,2,17,474,2011,0.5
183,2,17,474,2012,0.59
183,2,17,474,2013,0.62
183,2,17,474,2014,0.7
183,2,17,474,2015,0.75
183,2,17,474,2016,0.73
183,2,17,474,2017,0.75
183,2,18,474,1990,1.36
183,2,18,474,1991,1.33
183,2,18,474,1992,1.38
183,2,18,474,1993,1.21
183,2,18,474,1994,1.17
183,2,18,474,1995,1.05
183,2,18,474,1996,0.96
183,2,18,474,1997,0.93
183,2,18,474,1998,0.84
183,2,18,474,1999,0.89
183,2,18,474,2000,0.84
183,2,18,474,2001,0.84
183,2,18,474,2002,0.87
183,2,18,474,2003,0.84
183,2,18,474,2004,0.8
183,2,18,474,2005,0.76
183,2,18,474,2006,0.72
183,2,18,474,2007,0.74
183,2,18,474,2008,0.76
183,2,18,474,2009,0.79
183,2,18,474,2010,0.74
183,2,18,474,2011,0.75
183,2,18,474,2012,0.95
183,2,18,474,2013,0.98
183,2,18,474,2014,1.11
183,2,18,474,2015,1.16
183,2,18,474,2016,1.16
183,2,18,474,2017,1.23
183,2,19,474,1990,0.96
183,2,19,474,1991,0.91
183,2,19,474,1992,0.96
183,2,19,474,1993,0.89
183,2,19,474,1994,0.86
183,2,19,474,1995,0.84
183,2,19,474,1996,0.79
183,2,19,474,1997,0.81
183,2,19,474,1998,0.76
183,2,19,474,1999,0.83
183,2,19,474,2000,0.83
183,2,19,474,2001,0.78
183,2,19,474,2002,0.75
183,2,19,474,2003,0.66
183,2,19,474,2004,0.62
183,2,19,474,2005,0.59
183,2,19,474,2006,0.61
183,2,19,474,2007,0.63
183,2,19,474,2008,0.65
183,2,19,474,2009,0.65
183,2,19,474,2010,0.64
183,2,19,474,2011,0.63
183,2,19,474,2012,0.75
183,2,19,474,2013,0.72
183,2,19,474,2014,0.78
183,2,19,474,2015,0.85
183,2,19,474,2016,0.86
183,2,19,474,2017,0.96
183,2,20,474,1990,1.21
183,2,20,474,1991,1.21
183,2,20,474,1992,1.21
183,2,20,474,1993,1.07
183,2,20,474,1994,1
183,2,20,474,1995,0.92
183,2,20,474,1996,0.88
183,2,20,474,1997,0.93
183,2,20,474,1998,0.91
183,2,20,474,1999,0.96
183,2,20,474,2000,1
183,2,20,474,2001,1.01
183,2,20,474,2002,1.02
183,2,20,474,2003,0.98
183,2,20,474,2004,0.92
183,2,20,474,2005,0.89
183,2,20,474,2006,0.88
183,2,20,474,2007,0.9
183,2,20,474,2008,0.91
183,2,20,474,2009,0.9
183,2,20,474,2010,0.87
183,2,20,474,2011,0.89
183,2,20,474,2012,1.01
183,2,20,474,2013,1.02
183,2,20,474,2014,1.16
183,2,20,474,2015,1.2
183,2,20,474,2016,1.16
183,2,20,474,2017,1.18
183,2,22,474,1990,7.07
183,2,22,474,1991,6.87
183,2,22,474,1992,7.1
183,2,22,474,1993,6.5
183,2,22,474,1994,6.28
183,2,22,474,1995,5.92
183,2,22,474,1996,5.56
183,2,22,474,1997,5.66
183,2,22,474,1998,5.34
183,2,22,474,1999,5.69
183,2,22,474,2000,5.7
183,2,22,474,2001,5.68
183,2,22,474,2002,5.77
183,2,22,474,2003,5.48
183,2,22,474,2004,5.29
183,2,22,474,2005,5.27
183,2,22,474,2006,5.34
183,2,22,474,2007,5.61
183,2,22,474,2008,5.76
183,2,22,474,2009,5.9
183,2,22,474,2010,5.68
183,2,22,474,2011,5.73
183,2,22,474,2012,6.74
183,2,22,474,2013,6.72
183,2,22,474,2014,7.42
183,2,22,474,2015,7.74
183,2,22,474,2016,7.56
183,2,22,474,2017,7.86
183,2,30,474,1990,0.78
183,2,30,474,1991,0.78
183,2,30,474,1992,0.82
183,2,30,474,1993,0.79
183,2,30,474,1994,0.79
183,2,30,474,1995,0.76
183,2,30,474,1996,0.71
183,2,30,474,1997,0.74
183,2,30,474,1998,0.7
183,2,30,474,1999,0.75
183,2,30,474,2000,0.72
183,2,30,474,2001,0.74
183,2,30,474,2002,0.79
183,2,30,474,2003,0.76
183,2,30,474,2004,0.77
183,2,30,474,2005,0.82
183,2,30,474,2006,0.88
183,2,30,474,2007,0.9
183,2,30,474,2008,0.93
183,2,30,474,2009,0.96
183,2,30,474,2010,0.91
183,2,30,474,2011,0.88
183,2,30,474,2012,0.99
183,2,30,474,2013,0.95
183,2,30,474,2014,1.03
183,2,30,474,2015,1.04
183,2,30,474,2016,1.02
183,2,30,474,2017,1.06
183,2,31,474,1990,0.58
183,2,31,474,1991,0.56
183,2,31,474,1992,0.56
183,2,31,474,1993,0.53
183,2,31,474,1994,0.52
183,2,31,474,1995,0.5
183,2,31,474,1996,0.48
183,2,31,474,1997,0.5
183,2,31,474,1998,0.49
183,2,31,474,1999,0.53
183,2,31,474,2000,0.55
183,2,31,474,2001,0.54
183,2,31,474,2002,0.54
183,2,31,474,2003,0.51
183,2,31,474,2004,0.5
183,2,31,474,2005,0.53
183,2,31,474,2006,0.6
183,2,31,474,2007,0.64
183,2,31,474,2008,0.67
183,2,31,474,2009,0.73
183,2,31,474,2010,0.76
183,2,31,474,2011,0.77
183,2,31,474,2012,0.87
183,2,31,474,2013,0.87
183,2,31,474,2014,0.97
183,2,31,474,2015,1.03
183,2,31,474,2016,0.98
183,2,31,474,2017,1.01
183,2,32,474,1990,0.16
183,2,32,474,1991,0.15
183,2,32,474,1992,0.15
183,2,32,474,1993,0.15
183,2,32,474,1994,0.15
183,2,32,474,1995,0.15
183,2,32,474,1996,0.15
183,2,32,474,1997,0.15
183,2,32,474,1998,0.15
183,2,32,474,1999,0.15
183,2,32,474,2000,0.16
183,2,32,474,2001,0.16
183,2,32,474,2002,0.17
183,2,32,474,2003,0.17
183,2,32,474,2004,0.18
183,2,32,474,2005,0.2
183,2,32,474,2006,0.2
183,2,32,474,2007,0.2
183,2,32,474,2008,0.21
183,2,32,474,2009,0.22
183,2,32,474,2010,0.22
183,2,32,474,2011,0.25
183,2,32,474,2012,0.33
183,2,32,474,2013,0.34
183,2,32,474,2014,0.36
183,2,32,474,2015,0.37
183,2,32,474,2016,0.36
183,2,32,474,2017,0.37
183,2,235,474,1990,0.02
183,2,235,474,1991,0.02
183,2,235,474,1992,0.02
183,2,235,474,1993,0.02
183,2,235,474,1994,0.03
183,2,235,474,1995,0.03
183,2,235,474,1996,0.03
183,2,235,474,1997,0.03
183,2,235,474,1998,0.03
183,2,235,474,1999,0.03
183,2,235,474,2000,0.04
183,2,235,474,2001,0.04
183,2,235,474,2002,0.04
183,2,235,474,2003,0.05
183,2,235,474,2004,0.05
183,2,235,474,2005,0.06
183,2,235,474,2006,0.06
183,2,235,474,2007,0.06
183,2,235,474,2008,0.05
183,2,235,474,2009,0.05
183,2,235,474,2010,0.05
183,2,235,474,2011,0.06
183,2,235,474,2012,0.07
183,2,235,474,2013,0.08
183,2,235,474,2014,0.08
183,2,235,474,2015,0.08
183,2,235,474,2016,0.08
183,2,235,474,2017,0.09
184,2,8,474,1990,0.39
184,2,8,474,1991,0.39
184,2,8,474,1992,0.4
184,2,8,474,1993,0.41
184,2,8,474,1994,0.4
184,2,8,474,1995,0.4
184,2,8,474,1996,0.4
184,2,8,474,1997,0.4
184,2,8,474,1998,0.39
184,2,8,474,1999,0.37
184,2,8,474,2000,0.36
184,2,8,474,2001,0.34
184,2,8,474,2002,0.32
184,2,8,474,2003,0.31
184,2,8,474,2004,0.3
184,2,8,474,2005,0.3
184,2,8,474,2006,0.3
184,2,8,474,2007,0.3
184,2,8,474,2008,0.3
184,2,8,474,2009,0.3
184,2,8,474,2010,0.31
184,2,8,474,2011,0.26
184,2,8,474,2012,0.24
184,2,8,474,2013,0.24
184,2,8,474,2014,0.24
184,2,8,474,2015,0.25
184,2,8,474,2016,0.26
184,2,8,474,2017,0.27
184,2,9,474,1990,0.54
184,2,9,474,1991,0.57
184,2,9,474,1992,0.59
184,2,9,474,1993,0.61
184,2,9,474,1994,0.62
184,2,9,474,1995,0.62
184,2,9,474,1996,0.62
184,2,9,474,1997,0.62
184,2,9,474,1998,0.6
184,2,9,474,1999,0.58
184,2,9,474,2000,0.56
184,2,9,474,2001,0.53
184,2,9,474,2002,0.5
184,2,9,474,2003,0.48
184,2,9,474,2004,0.47
184,2,9,474,2005,0.46
184,2,9,474,2006,0.45
184,2,9,474,2007,0.44
184,2,9,474,2008,0.44
184,2,9,474,2009,0.44
184,2,9,474,2010,0.45
184,2,9,474,2011,0.38
184,2,9,474,2012,0.35
184,2,9,474,2013,0.33
184,2,9,474,2014,0.33
184,2,9,474,2015,0.34
184,2,9,474,2016,0.35
184,2,9,474,2017,0.37
184,2,10,474,1990,1.04
184,2,10,474,1991,1.07
184,2,10,474,1992,1.11
184,2,10,474,1993,1.14
184,2,10,474,1994,1.16
184,2,10,474,1995,1.18
184,2,10,474,1996,1.2
184,2,10,474,1997,1.23
184,2,10,474,1998,1.21
184,2,10,474,1999,1.18
184,2,10,474,2000,1.13
184,2,10,474,2001,1.07
184,2,10,474,2002,1.02
184,2,10,474,2003,0.98
184,2,10,474,2004,0.95
184,2,10,474,2005,0.92
184,2,10,474,2006,0.9
184,2,10,474,2007,0.89
184,2,10,474,2008,0.89
184,2,10,474,2009,0.89
184,2,10,474,2010,0.89
184,2,10,474,2011,0.76
184,2,10,474,2012,0.69
184,2,10,474,2013,0.66
184,2,10,474,2014,0.65
184,2,10,474,2015,0.66
184,2,10,474,2016,0.67
184,2,10,474,2017,0.7
184,2,11,474,1990,1.22
184,2,11,474,1991,1.23
184,2,11,474,1992,1.25
184,2,11,474,1993,1.27
184,2,11,474,1994,1.27
184,2,11,474,1995,1.27
184,2,11,474,1996,1.28
184,2,11,474,1997,1.3
184,2,11,474,1998,1.28
184,2,11,474,1999,1.24
184,2,11,474,2000,1.2
184,2,11,474,2001,1.15
184,2,11,474,2002,1.11
184,2,11,474,2003,1.07
184,2,11,474,2004,1.05
184,2,11,474,2005,1.04
184,2,11,474,2006,1.01
184,2,11,474,2007,1.01
184,2,11,474,2008,1.03
184,2,11,474,2009,1.03
184,2,11,474,2010,1.05
184,2,11,474,2011,0.89
184,2,11,474,2012,0.82
184,2,11,474,2013,0.78
184,2,11,474,2014,0.78
184,2,11,474,2015,0.78
184,2,11,474,2016,0.79
184,2,11,474,2017,0.82
184,2,12,474,1990,1.8
184,2,12,474,1991,1.79
184,2,12,474,1992,1.8
184,2,12,474,1993,1.8
184,2,12,474,1994,1.8
184,2,12,474,1995,1.78
184,2,12,474,1996,1.78
184,2,12,474,1997,1.79
184,2,12,474,1998,1.75
184,2,12,474,1999,1.69
184,2,12,474,2000,1.62
184,2,12,474,2001,1.55
184,2,12,474,2002,1.51
184,2,12,474,2003,1.47
184,2,12,474,2004,1.46
184,2,12,474,2005,1.46
184,2,12,474,2006,1.45
184,2,12,474,2007,1.48
184,2,12,474,2008,1.5
184,2,12,474,2009,1.52
184,2,12,474,2010,1.54
184,2,12,474,2011,1.32
184,2,12,474,2012,1.2
184,2,12,474,2013,1.15
184,2,12,474,2014,1.14
184,2,12,474,2015,1.15
184,2,12,474,2016,1.17
184,2,12,474,2017,1.22
184,2,13,474,1990,2.81
184,2,13,474,1991,2.82
184,2,13,474,1992,2.82
184,2,13,474,1993,2.81
184,2,13,474,1994,2.8
184,2,13,474,1995,2.84
184,2,13,474,1996,2.8
184,2,13,474,1997,2.79
184,2,13,474,1998,2.7
184,2,13,474,1999,2.6
184,2,13,474,2000,2.5
184,2,13,474,2001,2.38
184,2,13,474,2002,2.31
184,2,13,474,2003,2.26
184,2,13,474,2004,2.26
184,2,13,474,2005,2.3
184,2,13,474,2006,2.32
184,2,13,474,2007,2.41
184,2,13,474,2008,2.48
184,2,13,474,2009,2.54
184,2,13,474,2010,2.63
184,2,13,474,2011,2.27
184,2,13,474,2012,2.1
184,2,13,474,2013,2.03
184,2,13,474,2014,2.03
184,2,13,474,2015,2.06
184,2,13,474,2016,2.1
184,2,13,474,2017,2.18
184,2,14,474,1990,3.97
184,2,14,474,1991,4
184,2,14,474,1992,4.05
184,2,14,474,1993,4.07
184,2,14,474,1994,4.04
184,2,14,474,1995,3.9
184,2,14,474,1996,3.91
184,2,14,474,1997,3.92
184,2,14,474,1998,3.81
184,2,14,474,1999,3.7
184,2,14,474,2000,3.66
184,2,14,474,2001,3.47
184,2,14,474,2002,3.37
184,2,14,474,2003,3.3
184,2,14,474,2004,3.29
184,2,14,474,2005,3.35
184,2,14,474,2006,3.37
184,2,14,474,2007,3.47
184,2,14,474,2008,3.53
184,2,14,474,2009,3.61
184,2,14,474,2010,3.75
184,2,14,474,2011,3.24
184,2,14,474,2012,3.01
184,2,14,474,2013,2.91
184,2,14,474,2014,2.91
184,2,14,474,2015,2.96
184,2,14,474,2016,3.03
184,2,14,474,2017,3.16
184,2,15,474,1990,5.97
184,2,15,474,1991,5.93
184,2,15,474,1992,5.89
184,2,15,474,1993,5.8
184,2,15,474,1994,5.69
184,2,15,474,1995,5.57
184,2,15,474,1996,5.62
184,2,15,474,1997,5.7
184,2,15,474,1998,5.61
184,2,15,474,1999,5.45
184,2,15,474,2000,5.19
184,2,15,474,2001,5.04
184,2,15,474,2002,5
184,2,15,474,2003,4.97
184,2,15,474,2004,5.07
184,2,15,474,2005,5.35
184,2,15,474,2006,5.41
184,2,15,474,2007,5.59
184,2,15,474,2008,5.69
184,2,15,474,2009,5.81
184,2,15,474,2010,5.98
184,2,15,474,2011,5.07
184,2,15,474,2012,4.62
184,2,15,474,2013,4.42
184,2,15,474,2014,4.37
184,2,15,474,2015,4.41
184,2,15,474,2016,4.47
184,2,15,474,2017,4.65
184,2,16,474,1990,7.82
184,2,16,474,1991,7.85
184,2,16,474,1992,7.9
184,2,16,474,1993,7.9
184,2,16,474,1994,7.89
184,2,16,474,1995,7.85
184,2,16,474,1996,7.82
184,2,16,474,1997,7.8
184,2,16,474,1998,7.54
184,2,16,474,1999,7.25
184,2,16,474,2000,7
184,2,16,474,2001,6.85
184,2,16,474,2002,6.9
184,2,16,474,2003,7.01
184,2,16,474,2004,7.18
184,2,16,474,2005,7.3
184,2,16,474,2006,7.55
184,2,16,474,2007,7.91
184,2,16,474,2008,8.14
184,2,16,474,2009,8.39
184,2,16,474,2010,8.84
184,2,16,474,2011,7.37
184,2,16,474,2012,6.64
184,2,16,474,2013,6.28
184,2,16,474,2014,6.15
184,2,16,474,2015,6.12
184,2,16,474,2016,6.14
184,2,16,474,2017,6.3
184,2,17,474,1990,11.4
184,2,17,474,1991,11.27
184,2,17,474,1992,11.18
184,2,17,474,1993,11.18
184,2,17,474,1994,11.2
184,2,17,474,1995,11.24
184,2,17,474,1996,11.28
184,2,17,474,1997,11.36
184,2,17,474,1998,11.12
184,2,17,474,1999,10.86
184,2,17,474,2000,10.65
184,2,17,474,2001,10.29
184,2,17,474,2002,10.19
184,2,17,474,2003,10.1
184,2,17,474,2004,10.15
184,2,17,474,2005,10.36
184,2,17,474,2006,10.69
184,2,17,474,2007,11.25
184,2,17,474,2008,11.72
184,2,17,474,2009,12.09
184,2,17,474,2010,12.21
184,2,17,474,2011,10.33
184,2,17,474,2012,9.38
184,2,17,474,2013,8.9
184,2,17,474,2014,8.79
184,2,17,474,2015,8.96
184,2,17,474,2016,8.91
184,2,17,474,2017,9.11
184,2,18,474,1990,14.73
184,2,18,474,1991,14.84
184,2,18,474,1992,14.91
184,2,18,474,1993,14.78
184,2,18,474,1994,14.56
184,2,18,474,1995,14.28
184,2,18,474,1996,14.04
184,2,18,474,1997,13.88
184,2,18,474,1998,13.55
184,2,18,474,1999,13.3
184,2,18,474,2000,13.16
184,2,18,474,2001,12.88
184,2,18,474,2002,12.9
184,2,18,474,2003,12.96
184,2,18,474,2004,13.18
184,2,18,474,2005,13.6
184,2,18,474,2006,13.81
184,2,18,474,2007,14.24
184,2,18,474,2008,14.41
184,2,18,474,2009,14.61
184,2,18,474,2010,14.9
184,2,18,474,2011,12.65
184,2,18,474,2012,11.57
184,2,18,474,2013,11.13
184,2,18,474,2014,10.97
184,2,18,474,2015,10.71
184,2,18,474,2016,10.86
184,2,18,474,2017,11.25
184,2,19,474,1990,16.46
184,2,19,474,1991,16.67
184,2,19,474,1992,16.86
184,2,19,474,1993,16.96
184,2,19,474,1994,16.96
184,2,19,474,1995,16.9
184,2,19,474,1996,16.92
184,2,19,474,1997,16.9
184,2,19,474,1998,16.35
184,2,19,474,1999,15.75
184,2,19,474,2000,15.24
184,2,19,474,2001,14.62
184,2,19,474,2002,14.4
184,2,19,474,2003,14.41
184,2,19,474,2004,14.66
184,2,19,474,2005,15.15
184,2,19,474,2006,15.43
184,2,19,474,2007,16.01
184,2,19,474,2008,16.42
184,2,19,474,2009,16.89
184,2,19,474,2010,17.44
184,2,19,474,2011,14.52
184,2,19,474,2012,12.97
184,2,19,474,2013,12.09
184,2,19,474,2014,11.65
184,2,19,474,2015,11.45
184,2,19,474,2016,11.59
184,2,19,474,2017,12.11
184,2,20,474,1990,12.85
184,2,20,474,1991,13.13
184,2,20,474,1992,13.41
184,2,20,474,1993,13.64
184,2,20,474,1994,13.83
184,2,20,474,1995,13.99
184,2,20,474,1996,14.16
184,2,20,474,1997,14.32
184,2,20,474,1998,14.2
184,2,20,474,1999,14.04
184,2,20,474,2000,13.92
184,2,20,474,2001,13.75
184,2,20,474,2002,13.77
184,2,20,474,2003,13.72
184,2,20,474,2004,13.74
184,2,20,474,2005,13.89
184,2,20,474,2006,13.85
184,2,20,474,2007,14.06
184,2,20,474,2008,14.25
184,2,20,474,2009,14.65
184,2,20,474,2010,15.18
184,2,20,474,2011,12.69
184,2,20,474,2012,11.43
184,2,20,474,2013,10.78
184,2,20,474,2014,10.52
184,2,20,474,2015,10.45
184,2,20,474,2016,10.4
184,2,20,474,2017,10.65
184,2,22,474,1990,94.85
184,2,22,474,1991,95.7
184,2,22,474,1992,96.57
184,2,22,474,1993,96.98
184,2,22,474,1994,97.06
184,2,22,474,1995,96.88
184,2,22,474,1996,97.21
184,2,22,474,1997,97.74
184,2,22,474,1998,96.06
184,2,22,474,1999,94.18
184,2,22,474,2000,92.68
184,2,22,474,2001,90.69
184,2,22,474,2002,90.6
184,2,22,474,2003,90.93
184,2,22,474,2004,92.27
184,2,22,474,2005,94.72
184,2,22,474,2006,96.36
184,2,22,474,2007,99.57
184,2,22,474,2008,101.64
184,2,22,474,2009,104.08
184,2,22,474,2010,106.92
184,2,22,474,2011,89.57
184,2,22,474,2012,80.73
184,2,22,474,2013,76.36
184,2,22,474,2014,74.7
184,2,22,474,2015,74.27
184,2,22,474,2016,74.71
184,2,22,474,2017,77.24
184,2,30,474,1990,9.64
184,2,30,474,1991,9.79
184,2,30,474,1992,9.93
184,2,30,474,1993,10.04
184,2,30,474,1994,10.15
184,2,30,474,1995,10.26
184,2,30,474,1996,10.47
184,2,30,474,1997,10.71
184,2,30,474,1998,10.83
184,2,30,474,1999,10.95
184,2,30,474,2000,11.13
184,2,30,474,2001,11.25
184,2,30,474,2002,11.52
184,2,30,474,2003,11.82
184,2,30,474,2004,12.18
184,2,30,474,2005,12.62
184,2,30,474,2006,12.94
184,2,30,474,2007,13.33
184,2,30,474,2008,13.41
184,2,30,474,2009,13.57
184,2,30,474,2010,13.76
184,2,30,474,2011,11.21
184,2,30,474,2012,9.87
184,2,30,474,2013,9.24
184,2,30,474,2014,8.99
184,2,30,474,2015,8.95
184,2,30,474,2016,8.99
184,2,30,474,2017,9.34
184,2,31,474,1990,3.48
184,2,31,474,1991,3.59
184,2,31,474,1992,3.69
184,2,31,474,1993,3.77
184,2,31,474,1994,3.86
184,2,31,474,1995,3.94
184,2,31,474,1996,4.01
184,2,31,474,1997,4.1
184,2,31,474,1998,4.15
184,2,31,474,1999,4.22
184,2,31,474,2000,4.33
184,2,31,474,2001,4.46
184,2,31,474,2002,4.66
184,2,31,474,2003,4.87
184,2,31,474,2004,5.09
184,2,31,474,2005,5.34
184,2,31,474,2006,5.53
184,2,31,474,2007,5.76
184,2,31,474,2008,5.94
184,2,31,474,2009,6.16
184,2,31,474,2010,6.38
184,2,31,474,2011,5.27
184,2,31,474,2012,4.66
184,2,31,474,2013,4.28
184,2,31,474,2014,4.06
184,2,31,474,2015,3.94
184,2,31,474,2016,3.88
184,2,31,474,2017,3.97
184,2,32,474,1990,0.65
184,2,32,474,1991,0.66
184,2,32,474,1992,0.68
184,2,32,474,1993,0.7
184,2,32,474,1994,0.72
184,2,32,474,1995,0.74
184,2,32,474,1996,0.77
184,2,32,474,1997,0.81
184,2,32,474,1998,0.83
184,2,32,474,1999,0.87
184,2,32,474,2000,0.9
184,2,32,474,2001,0.94
184,2,32,474,2002,0.98
184,2,32,474,2003,1.02
184,2,32,474,2004,1.07
184,2,32,474,2005,1.12
184,2,32,474,2006,1.17
184,2,32,474,2007,1.23
184,2,32,474,2008,1.29
184,2,32,474,2009,1.35
184,2,32,474,2010,1.41
184,2,32,474,2011,1.16
184,2,32,474,2012,1.04
184,2,32,474,2013,0.97
184,2,32,474,2014,0.94
184,2,32,474,2015,0.94
184,2,32,474,2016,0.94
184,2,32,474,2017,0.97
184,2,235,474,1990,0.1
184,2,235,474,1991,0.1
184,2,235,474,1992,0.1
184,2,235,474,1993,0.11
184,2,235,474,1994,0.11
184,2,235,474,1995,0.11
184,2,235,474,1996,0.11
184,2,235,474,1997,0.12
184,2,235,474,1998,0.12
184,2,235,474,1999,0.13
184,2,235,474,2000,0.13
184,2,235,474,2001,0.14
184,2,235,474,2002,0.14
184,2,235,474,2003,0.15
184,2,235,474,2004,0.16
184,2,235,474,2005,0.17
184,2,235,474,2006,0.17
184,2,235,474,2007,0.18
184,2,235,474,2008,0.19
184,2,235,474,2009,0.2
184,2,235,474,2010,0.21
184,2,235,474,2011,0.18
184,2,235,474,2012,0.16
184,2,235,474,2013,0.15
184,2,235,474,2014,0.15
184,2,235,474,2015,0.15
184,2,235,474,2016,0.15
184,2,235,474,2017,0.16
185,2,8,474,1990,0.12
185,2,8,474,1991,0.13
185,2,8,474,1992,0.13
185,2,8,474,1993,0.1
185,2,8,474,1994,0.09
185,2,8,474,1995,0.11
185,2,8,474,1996,0.13
185,2,8,474,1997,0.15
185,2,8,474,1998,0.15
185,2,8,474,1999,0.15
185,2,8,474,2000,0.14
185,2,8,474,2001,0.14
185,2,8,474,2002,0.13
185,2,8,474,2003,0.13
185,2,8,474,2004,0.13
185,2,8,474,2005,0.13
185,2,8,474,2006,0.12
185,2,8,474,2007,0.11
185,2,8,474,2008,0.1
185,2,8,474,2009,0.09
185,2,8,474,2010,0.09
185,2,8,474,2011,0.09
185,2,8,474,2012,0.09
185,2,8,474,2013,0.1
185,2,8,474,2014,0.1
185,2,8,474,2015,0.1
185,2,8,474,2016,0.09
185,2,8,474,2017,0.09
185,2,9,474,1990,0.17
185,2,9,474,1991,0.17
185,2,9,474,1992,0.18
185,2,9,474,1993,0.14
185,2,9,474,1994,0.12
185,2,9,474,1995,0.14
185,2,9,474,1996,0.17
185,2,9,474,1997,0.19
185,2,9,474,1998,0.19
185,2,9,474,1999,0.19
185,2,9,474,2000,0.18
185,2,9,474,2001,0.18
185,2,9,474,2002,0.18
185,2,9,474,2003,0.18
185,2,9,474,2004,0.18
185,2,9,474,2005,0.17
185,2,9,474,2006,0.16
185,2,9,474,2007,0.15
185,2,9,474,2008,0.14
185,2,9,474,2009,0.14
185,2,9,474,2010,0.13
185,2,9,474,2011,0.13
185,2,9,474,2012,0.13
185,2,9,474,2013,0.12
185,2,9,474,2014,0.11
185,2,9,474,2015,0.11
185,2,9,474,2016,0.11
185,2,9,474,2017,0.12
185,2,10,474,1990,0.32
185,2,10,474,1991,0.32
185,2,10,474,1992,0.33
185,2,10,474,1993,0.25
185,2,10,474,1994,0.22
185,2,10,474,1995,0.26
185,2,10,474,1996,0.29
185,2,10,474,1997,0.33
185,2,10,474,1998,0.32
185,2,10,474,1999,0.31
185,2,10,474,2000,0.29
185,2,10,474,2001,0.28
185,2,10,474,2002,0.28
185,2,10,474,2003,0.28
185,2,10,474,2004,0.27
185,2,10,474,2005,0.27
185,2,10,474,2006,0.26
185,2,10,474,2007,0.25
185,2,10,474,2008,0.24
185,2,10,474,2009,0.24
185,2,10,474,2010,0.24
185,2,10,474,2011,0.24
185,2,10,474,2012,0.24
185,2,10,474,2013,0.23
185,2,10,474,2014,0.23
185,2,10,474,2015,0.23
185,2,10,474,2016,0.22
185,2,10,474,2017,0.22
185,2,11,474,1990,0.4
185,2,11,474,1991,0.41
185,2,11,474,1992,0.42
185,2,11,474,1993,0.33
185,2,11,474,1994,0.28
185,2,11,474,1995,0.32
185,2,11,474,1996,0.36
185,2,11,474,1997,0.4
185,2,11,474,1998,0.39
185,2,11,474,1999,0.37
185,2,11,474,2000,0.35
185,2,11,474,2001,0.33
185,2,11,474,2002,0.31
185,2,11,474,2003,0.3
185,2,11,474,2004,0.29
185,2,11,474,2005,0.29
185,2,11,474,2006,0.27
185,2,11,474,2007,0.27
185,2,11,474,2008,0.26
185,2,11,474,2009,0.26
185,2,11,474,2010,0.26
185,2,11,474,2011,0.27
185,2,11,474,2012,0.28
185,2,11,474,2013,0.28
185,2,11,474,2014,0.29
185,2,11,474,2015,0.29
185,2,11,474,2016,0.29
185,2,11,474,2017,0.29
185,2,12,474,1990,0.6
185,2,12,474,1991,0.62
185,2,12,474,1992,0.64
185,2,12,474,1993,0.5
185,2,12,474,1994,0.44
185,2,12,474,1995,0.51
185,2,12,474,1996,0.6
185,2,12,474,1997,0.66
185,2,12,474,1998,0.64
185,2,12,474,1999,0.6
185,2,12,474,2000,0.55
185,2,12,474,2001,0.51
185,2,12,474,2002,0.48
185,2,12,474,2003,0.46
185,2,12,474,2004,0.45
185,2,12,474,2005,0.43
185,2,12,474,2006,0.41
185,2,12,474,2007,0.38
185,2,12,474,2008,0.37
185,2,12,474,2009,0.36
185,2,12,474,2010,0.36
185,2,12,474,2011,0.37
185,2,12,474,2012,0.39
185,2,12,474,2013,0.4
185,2,12,474,2014,0.41
185,2,12,474,2015,0.42
185,2,12,474,2016,0.43
185,2,12,474,2017,0.45
185,2,13,474,1990,0.83
185,2,13,474,1991,0.89
185,2,13,474,1992,0.96
185,2,13,474,1993,0.79
185,2,13,474,1994,0.72
185,2,13,474,1995,0.87
185,2,13,474,1996,1.02
185,2,13,474,1997,1.16
185,2,13,474,1998,1.14
185,2,13,474,1999,1.09
185,2,13,474,2000,1.03
185,2,13,474,2001,0.97
185,2,13,474,2002,0.92
185,2,13,474,2003,0.88
185,2,13,474,2004,0.84
185,2,13,474,2005,0.8
185,2,13,474,2006,0.74
185,2,13,474,2007,0.69
185,2,13,474,2008,0.66
185,2,13,474,2009,0.64
185,2,13,474,2010,0.63
185,2,13,474,2011,0.63
185,2,13,474,2012,0.64
185,2,13,474,2013,0.66
185,2,13,474,2014,0.67
185,2,13,474,2015,0.68
185,2,13,474,2016,0.7
185,2,13,474,2017,0.75
185,2,14,474,1990,1.26
185,2,14,474,1991,1.28
185,2,14,474,1992,1.31
185,2,14,474,1993,1.01
185,2,14,474,1994,0.87
185,2,14,474,1995,1.03
185,2,14,474,1996,1.25
185,2,14,474,1997,1.49
185,2,14,474,1998,1.54
185,2,14,474,1999,1.54
185,2,14,474,2000,1.51
185,2,14,474,2001,1.44
185,2,14,474,2002,1.39
185,2,14,474,2003,1.37
185,2,14,474,2004,1.35
185,2,14,474,2005,1.33
185,2,14,474,2006,1.26
185,2,14,474,2007,1.2
185,2,14,474,2008,1.14
185,2,14,474,2009,1.1
185,2,14,474,2010,1.08
185,2,14,474,2011,1.07
185,2,14,474,2012,1.07
185,2,14,474,2013,1.08
185,2,14,474,2014,1.08
185,2,14,474,2015,1.08
185,2,14,474,2016,1.09
185,2,14,474,2017,1.12
185,2,15,474,1990,2.25
185,2,15,474,1991,2.25
185,2,15,474,1992,2.19
185,2,15,474,1993,1.65
185,2,15,474,1994,1.39
185,2,15,474,1995,1.6
185,2,15,474,1996,1.86
185,2,15,474,1997,2.12
185,2,15,474,1998,2.09
185,2,15,474,1999,2.02
185,2,15,474,2000,1.94
185,2,15,474,2001,1.94
185,2,15,474,2002,1.97
185,2,15,474,2003,2.03
185,2,15,474,2004,2.09
185,2,15,474,2005,2.12
185,2,15,474,2006,2.01
185,2,15,474,2007,1.92
185,2,15,474,2008,1.86
185,2,15,474,2009,1.82
185,2,15,474,2010,1.82
185,2,15,474,2011,1.83
185,2,15,474,2012,1.85
185,2,15,474,2013,1.87
185,2,15,474,2014,1.86
185,2,15,474,2015,1.84
185,2,15,474,2016,1.83
185,2,15,474,2017,1.87
185,2,16,474,1990,3.23
185,2,16,474,1991,3.26
185,2,16,474,1992,3.3
185,2,16,474,1993,2.54
185,2,16,474,1994,2.14
185,2,16,474,1995,2.43
185,2,16,474,1996,2.78
185,2,16,474,1997,3.04
185,2,16,474,1998,2.93
185,2,16,474,1999,2.8
185,2,16,474,2000,2.67
185,2,16,474,2001,2.57
185,2,16,474,2002,2.52
185,2,16,474,2003,2.5
185,2,16,474,2004,2.5
185,2,16,474,2005,2.49
185,2,16,474,2006,2.49
185,2,16,474,2007,2.5
185,2,16,474,2008,2.52
185,2,16,474,2009,2.55
185,2,16,474,2010,2.62
185,2,16,474,2011,2.63
185,2,16,474,2012,2.67
185,2,16,474,2013,2.73
185,2,16,474,2014,2.77
185,2,16,474,2015,2.82
185,2,16,474,2016,2.86
185,2,16,474,2017,2.95
185,2,17,474,1990,4.67
185,2,17,474,1991,4.7
185,2,17,474,1992,4.72
185,2,17,474,1993,3.63
185,2,17,474,1994,3.06
185,2,17,474,1995,3.49
185,2,17,474,1996,4.03
185,2,17,474,1997,4.59
185,2,17,474,1998,4.54
185,2,17,474,1999,4.35
185,2,17,474,2000,4.13
185,2,17,474,2001,3.93
185,2,17,474,2002,3.71
185,2,17,474,2003,3.61
185,2,17,474,2004,3.59
185,2,17,474,2005,3.57
185,2,17,474,2006,3.43
185,2,17,474,2007,3.31
185,2,17,474,2008,3.21
185,2,17,474,2009,3.14
185,2,17,474,2010,3.15
185,2,17,474,2011,3.31
185,2,17,474,2012,3.52
185,2,17,474,2013,3.75
185,2,17,474,2014,3.93
185,2,17,474,2015,4.09
185,2,17,474,2016,4.16
185,2,17,474,2017,4.32
185,2,18,474,1990,5.99
185,2,18,474,1991,6.1
185,2,18,474,1992,6.14
185,2,18,474,1993,4.72
185,2,18,474,1994,3.96
185,2,18,474,1995,4.52
185,2,18,474,1996,5.21
185,2,18,474,1997,5.88
185,2,18,474,1998,5.78
185,2,18,474,1999,5.54
185,2,18,474,2000,5.28
185,2,18,474,2001,5.09
185,2,18,474,2002,5
185,2,18,474,2003,4.98
185,2,18,474,2004,4.94
185,2,18,474,2005,4.86
185,2,18,474,2006,4.58
185,2,18,474,2007,4.26
185,2,18,474,2008,4.06
185,2,18,474,2009,3.95
185,2,18,474,2010,3.95
185,2,18,474,2011,3.98
185,2,18,474,2012,4.07
185,2,18,474,2013,4.15
185,2,18,474,2014,4.21
185,2,18,474,2015,4.28
185,2,18,474,2016,4.57
185,2,18,474,2017,4.97
185,2,19,474,1990,5.96
185,2,19,474,1991,6.1
185,2,19,474,1992,6.14
185,2,19,474,1993,5.78
185,2,19,474,1994,5.22
185,2,19,474,1995,4.88
185,2,19,474,1996,4.92
185,2,19,474,1997,5.05
185,2,19,474,1998,5.31
185,2,19,474,1999,5.55
185,2,19,474,2000,5.58
185,2,19,474,2001,5.53
185,2,19,474,2002,5.45
185,2,19,474,2003,5.43
185,2,19,474,2004,5.43
185,2,19,474,2005,5.43
185,2,19,474,2006,5.21
185,2,19,474,2007,5.07
185,2,19,474,2008,4.97
185,2,19,474,2009,4.87
185,2,19,474,2010,4.84
185,2,19,474,2011,4.83
185,2,19,474,2012,4.79
185,2,19,474,2013,4.84
185,2,19,474,2014,4.95
185,2,19,474,2015,5.07
185,2,19,474,2016,5.2
185,2,19,474,2017,5.43
185,2,20,474,1990,4.31
185,2,20,474,1991,4.41
185,2,20,474,1992,4.44
185,2,20,474,1993,4.44
185,2,20,474,1994,4.26
185,2,20,474,1995,4.11
185,2,20,474,1996,4.1
185,2,20,474,1997,4.09
185,2,20,474,1998,3.84
185,2,20,474,1999,3.52
185,2,20,474,2000,3.36
185,2,20,474,2001,3.39
185,2,20,474,2002,3.56
185,2,20,474,2003,3.85
185,2,20,474,2004,4.17
185,2,20,474,2005,4.38
185,2,20,474,2006,4.32
185,2,20,474,2007,4.21
185,2,20,474,2008,4.16
185,2,20,474,2009,4.13
185,2,20,474,2010,4.16
185,2,20,474,2011,4.23
185,2,20,474,2012,4.39
185,2,20,474,2013,4.56
185,2,20,474,2014,4.69
185,2,20,474,2015,4.79
185,2,20,474,2016,4.9
185,2,20,474,2017,4.99
185,2,22,474,1990,34.33
185,2,22,474,1991,34.9
185,2,22,474,1992,35.15
185,2,22,474,1993,30.12
185,2,22,474,1994,26.82
185,2,22,474,1995,28.12
185,2,22,474,1996,30.56
185,2,22,474,1997,33
185,2,22,474,1998,32.7
185,2,22,474,1999,31.84
185,2,22,474,2000,30.8
185,2,22,474,2001,30.12
185,2,22,474,2002,29.82
185,2,22,474,2003,29.87
185,2,22,474,2004,30.01
185,2,22,474,2005,30.16
185,2,22,474,2006,29.2
185,2,22,474,2007,28.46
185,2,22,474,2008,28.05
185,2,22,474,2009,27.88
185,2,22,474,2010,28.2
185,2,22,474,2011,28.76
185,2,22,474,2012,29.61
185,2,22,474,2013,30.66
185,2,22,474,2014,31.59
185,2,22,474,2015,32.48
185,2,22,474,2016,33.56
185,2,22,474,2017,35.24
185,2,30,474,1990,2.97
185,2,30,474,1991,3
185,2,30,474,1992,2.99
185,2,30,474,1993,2.99
185,2,30,474,1994,2.86
185,2,30,474,1995,2.74
185,2,30,474,1996,2.73
185,2,30,474,1997,2.73
185,2,30,474,1998,2.72
185,2,30,474,1999,2.7
185,2,30,474,2000,2.69
185,2,30,474,2001,2.71
185,2,30,474,2002,2.77
185,2,30,474,2003,2.69
185,2,30,474,2004,2.56
185,2,30,474,2005,2.59
185,2,30,474,2006,2.64
185,2,30,474,2007,2.79
185,2,30,474,2008,3.02
185,2,30,474,2009,3.28
185,2,30,474,2010,3.5
185,2,30,474,2011,3.67
185,2,30,474,2012,3.82
185,2,30,474,2013,4.01
185,2,30,474,2014,4.2
185,2,30,474,2015,4.4
185,2,30,474,2016,4.62
185,2,30,474,2017,4.95
185,2,31,474,1990,1.02
185,2,31,474,1991,1.03
185,2,31,474,1992,1.03
185,2,31,474,1993,1.02
185,2,31,474,1994,0.97
185,2,31,474,1995,0.91
185,2,31,474,1996,0.91
185,2,31,474,1997,0.9
185,2,31,474,1998,0.9
185,2,31,474,1999,0.9
185,2,31,474,2000,0.9
185,2,31,474,2001,0.91
185,2,31,474,2002,0.94
185,2,31,474,2003,0.97
185,2,31,474,2004,1.02
185,2,31,474,2005,1.07
185,2,31,474,2006,1.08
185,2,31,474,2007,1.12
185,2,31,474,2008,1.08
185,2,31,474,2009,1.04
185,2,31,474,2010,1.07
185,2,31,474,2011,1.17
185,2,31,474,2012,1.34
185,2,31,474,2013,1.54
185,2,31,474,2014,1.74
185,2,31,474,2015,1.92
185,2,31,474,2016,2.07
185,2,31,474,2017,2.23
185,2,32,474,1990,0.19
185,2,32,474,1991,0.2
185,2,32,474,1992,0.2
185,2,32,474,1993,0.2
185,2,32,474,1994,0.18
185,2,32,474,1995,0.18
185,2,32,474,1996,0.17
185,2,32,474,1997,0.17
185,2,32,474,1998,0.17
185,2,32,474,1999,0.17
185,2,32,474,2000,0.17
185,2,32,474,2001,0.17
185,2,32,474,2002,0.18
185,2,32,474,2003,0.18
185,2,32,474,2004,0.19
185,2,32,474,2005,0.2
185,2,32,474,2006,0.2
185,2,32,474,2007,0.21
185,2,32,474,2008,0.22
185,2,32,474,2009,0.23
185,2,32,474,2010,0.25
185,2,32,474,2011,0.27
185,2,32,474,2012,0.29
185,2,32,474,2013,0.29
185,2,32,474,2014,0.29
185,2,32,474,2015,0.31
185,2,32,474,2016,0.35
185,2,32,474,2017,0.42
185,2,235,474,1990,0.04
185,2,235,474,1991,0.04
185,2,235,474,1992,0.04
185,2,235,474,1993,0.04
185,2,235,474,1994,0.03
185,2,235,474,1995,0.03
185,2,235,474,1996,0.03
185,2,235,474,1997,0.03
185,2,235,474,1998,0.03
185,2,235,474,1999,0.03
185,2,235,474,2000,0.03
185,2,235,474,2001,0.03
185,2,235,474,2002,0.03
185,2,235,474,2003,0.03
185,2,235,474,2004,0.03
185,2,235,474,2005,0.03
185,2,235,474,2006,0.03
185,2,235,474,2007,0.03
185,2,235,474,2008,0.03
185,2,235,474,2009,0.03
185,2,235,474,2010,0.04
185,2,235,474,2011,0.04
185,2,235,474,2012,0.04
185,2,235,474,2013,0.05
185,2,235,474,2014,0.05
185,2,235,474,2015,0.05
185,2,235,474,2016,0.06
185,2,235,474,2017,0.07
186,2,8,474,1990,0
186,2,8,474,1991,0
186,2,8,474,1992,0
186,2,8,474,1993,0
186,2,8,474,1994,0
186,2,8,474,1995,0
186,2,8,474,1996,0
186,2,8,474,1997,0
186,2,8,474,1998,0
186,2,8,474,1999,0
186,2,8,474,2000,0
186,2,8,474,2001,0
186,2,8,474,2002,0
186,2,8,474,2003,0
186,2,8,474,2004,0
186,2,8,474,2005,0
186,2,8,474,2006,0
186,2,8,474,2007,0
186,2,8,474,2008,0
186,2,8,474,2009,0
186,2,8,474,2010,0
186,2,8,474,2011,0
186,2,8,474,2012,0
186,2,8,474,2013,0
186,2,8,474,2014,0
186,2,8,474,2015,0
186,2,8,474,2016,0
186,2,8,474,2017,0
186,2,9,474,1990,0
186,2,9,474,1991,0
186,2,9,474,1992,0
186,2,9,474,1993,0
186,2,9,474,1994,0
186,2,9,474,1995,0
186,2,9,474,1996,0
186,2,9,474,1997,0
186,2,9,474,1998,0
186,2,9,474,1999,0
186,2,9,474,2000,0
186,2,9,474,2001,0
186,2,9,474,2002,0
186,2,9,474,2003,0
186,2,9,474,2004,0
186,2,9,474,2005,0
186,2,9,474,2006,0
186,2,9,474,2007,0
186,2,9,474,2008,0
186,2,9,474,2009,0
186,2,9,474,2010,0
186,2,9,474,2011,0
186,2,9,474,2012,0
186,2,9,474,2013,0
186,2,9,474,2014,0
186,2,9,474,2015,0
186,2,9,474,2016,0
186,2,9,474,2017,0
186,2,10,474,1990,0
186,2,10,474,1991,0
186,2,10,474,1992,0
186,2,10,474,1993,0
186,2,10,474,1994,0
186,2,10,474,1995,0
186,2,10,474,1996,0
186,2,10,474,1997,0
186,2,10,474,1998,0
186,2,10,474,1999,0
186,2,10,474,2000,0
186,2,10,474,2001,0
186,2,10,474,2002,0
186,2,10,474,2003,0
186,2,10,474,2004,0
186,2,10,474,2005,0
186,2,10,474,2006,0
186,2,10,474,2007,0
186,2,10,474,2008,0
186,2,10,474,2009,0
186,2,10,474,2010,0
186,2,10,474,2011,0
186,2,10,474,2012,0
186,2,10,474,2013,0
186,2,10,474,2014,0
186,2,10,474,2015,0
186,2,10,474,2016,0
186,2,10,474,2017,0
186,2,11,474,1990,0.01
186,2,11,474,1991,0.01
186,2,11,474,1992,0
186,2,11,474,1993,0
186,2,11,474,1994,0
186,2,11,474,1995,0
186,2,11,474,1996,0
186,2,11,474,1997,0
186,2,11,474,1998,0
186,2,11,474,1999,0
186,2,11,474,2000,0
186,2,11,474,2001,0
186,2,11,474,2002,0
186,2,11,474,2003,0
186,2,11,474,2004,0.01
186,2,11,474,2005,0.01
186,2,11,474,2006,0.01
186,2,11,474,2007,0.01
186,2,11,474,2008,0.01
186,2,11,474,2009,0.01
186,2,11,474,2010,0.01
186,2,11,474,2011,0.01
186,2,11,474,2012,0.01
186,2,11,474,2013,0.01
186,2,11,474,2014,0.01
186,2,11,474,2015,0.01
186,2,11,474,2016,0.01
186,2,11,474,2017,0.01
186,2,12,474,1990,0.01
186,2,12,474,1991,0.01
186,2,12,474,1992,0.01
186,2,12,474,1993,0.01
186,2,12,474,1994,0.01
186,2,12,474,1995,0.01
186,2,12,474,1996,0.01
186,2,12,474,1997,0.01
186,2,12,474,1998,0.01
186,2,12,474,1999,0.01
186,2,12,474,2000,0.01
186,2,12,474,2001,0.01
186,2,12,474,2002,0.01
186,2,12,474,2003,0.01
186,2,12,474,2004,0.01
186,2,12,474,2005,0.01
186,2,12,474,2006,0.01
186,2,12,474,2007,0.01
186,2,12,474,2008,0.01
186,2,12,474,2009,0.01
186,2,12,474,2010,0.01
186,2,12,474,2011,0.01
186,2,12,474,2012,0.01
186,2,12,474,2013,0.01
186,2,12,474,2014,0.01
186,2,12,474,2015,0.01
186,2,12,474,2016,0.01
186,2,12,474,2017,0.01
186,2,13,474,1990,0.02
186,2,13,474,1991,0.02
186,2,13,474,1992,0.02
186,2,13,474,1993,0.02
186,2,13,474,1994,0.02
186,2,13,474,1995,0.02
186,2,13,474,1996,0.02
186,2,13,474,1997,0.02
186,2,13,474,1998,0.02
186,2,13,474,1999,0.02
186,2,13,474,2000,0.02
186,2,13,474,2001,0.02
186,2,13,474,2002,0.02
186,2,13,474,2003,0.03
186,2,13,474,2004,0.03
186,2,13,474,2005,0.03
186,2,13,474,2006,0.03
186,2,13,474,2007,0.03
186,2,13,474,2008,0.03
186,2,13,474,2009,0.03
186,2,13,474,2010,0.03
186,2,13,474,2011,0.03
186,2,13,474,2012,0.02
186,2,13,474,2013,0.02
186,2,13,474,2014,0.02
186,2,13,474,2015,0.02
186,2,13,474,2016,0.02
186,2,13,474,2017,0.02
186,2,14,474,1990,0.02
186,2,14,474,1991,0.02
186,2,14,474,1992,0.02
186,2,14,474,1993,0.02
186,2,14,474,1994,0.02
186,2,14,474,1995,0.02
186,2,14,474,1996,0.02
186,2,14,474,1997,0.02
186,2,14,474,1998,0.02
186,2,14,474,1999,0.02
186,2,14,474,2000,0.02
186,2,14,474,2001,0.02
186,2,14,474,2002,0.02
186,2,14,474,2003,0.02
186,2,14,474,2004,0.03
186,2,14,474,2005,0.03
186,2,14,474,2006,0.03
186,2,14,474,2007,0.03
186,2,14,474,2008,0.03
186,2,14,474,2009,0.04
186,2,14,474,2010,0.04
186,2,14,474,2011,0.04
186,2,14,474,2012,0.04
186,2,14,474,2013,0.04
186,2,14,474,2014,0.04
186,2,14,474,2015,0.04
186,2,14,474,2016,0.04
186,2,14,474,2017,0.04
186,2,15,474,1990,0.03
186,2,15,474,1991,0.03
186,2,15,474,1992,0.03
186,2,15,474,1993,0.03
186,2,15,474,1994,0.03
186,2,15,474,1995,0.03
186,2,15,474,1996,0.03
186,2,15,474,1997,0.03
186,2,15,474,1998,0.02
186,2,15,474,1999,0.02
186,2,15,474,2000,0.02
186,2,15,474,2001,0.03
186,2,15,474,2002,0.03
186,2,15,474,2003,0.03
186,2,15,474,2004,0.03
186,2,15,474,2005,0.04
186,2,15,474,2006,0.04
186,2,15,474,2007,0.04
186,2,15,474,2008,0.05
186,2,15,474,2009,0.05
186,2,15,474,2010,0.05
186,2,15,474,2011,0.06
186,2,15,474,2012,0.06
186,2,15,474,2013,0.06
186,2,15,474,2014,0.06
186,2,15,474,2015,0.07
186,2,15,474,2016,0.07
186,2,15,474,2017,0.07
186,2,16,474,1990,0.06
186,2,16,474,1991,0.06
186,2,16,474,1992,0.06
186,2,16,474,1993,0.05
186,2,16,474,1994,0.05
186,2,16,474,1995,0.05
186,2,16,474,1996,0.05
186,2,16,474,1997,0.05
186,2,16,474,1998,0.05
186,2,16,474,1999,0.05
186,2,16,474,2000,0.05
186,2,16,474,2001,0.05
186,2,16,474,2002,0.05
186,2,16,474,2003,0.05
186,2,16,474,2004,0.04
186,2,16,474,2005,0.04
186,2,16,474,2006,0.04
186,2,16,474,2007,0.05
186,2,16,474,2008,0.05
186,2,16,474,2009,0.05
186,2,16,474,2010,0.05
186,2,16,474,2011,0.05
186,2,16,474,2012,0.06
186,2,16,474,2013,0.06
186,2,16,474,2014,0.07
186,2,16,474,2015,0.08
186,2,16,474,2016,0.08
186,2,16,474,2017,0.08
186,2,17,474,1990,0.07
186,2,17,474,1991,0.07
186,2,17,474,1992,0.07
186,2,17,474,1993,0.07
186,2,17,474,1994,0.06
186,2,17,474,1995,0.06
186,2,17,474,1996,0.06
186,2,17,474,1997,0.06
186,2,17,474,1998,0.06
186,2,17,474,1999,0.06
186,2,17,474,2000,0.06
186,2,17,474,2001,0.06
186,2,17,474,2002,0.06
186,2,17,474,2003,0.06
186,2,17,474,2004,0.06
186,2,17,474,2005,0.05
186,2,17,474,2006,0.05
186,2,17,474,2007,0.06
186,2,17,474,2008,0.06
186,2,17,474,2009,0.06
186,2,17,474,2010,0.06
186,2,17,474,2011,0.06
186,2,17,474,2012,0.06
186,2,17,474,2013,0.06
186,2,17,474,2014,0.06
186,2,17,474,2015,0.07
186,2,17,474,2016,0.08
186,2,17,474,2017,0.08
186,2,18,474,1990,0.09
186,2,18,474,1991,0.09
186,2,18,474,1992,0.09
186,2,18,474,1993,0.09
186,2,18,474,1994,0.09
186,2,18,474,1995,0.09
186,2,18,474,1996,0.09
186,2,18,474,1997,0.09
186,2,18,474,1998,0.09
186,2,18,474,1999,0.09
186,2,18,474,2000,0.09
186,2,18,474,2001,0.09
186,2,18,474,2002,0.09
186,2,18,474,2003,0.09
186,2,18,474,2004,0.09
186,2,18,474,2005,0.09
186,2,18,474,2006,0.09
186,2,18,474,2007,0.08
186,2,18,474,2008,0.08
186,2,18,474,2009,0.09
186,2,18,474,2010,0.08
186,2,18,474,2011,0.08
186,2,18,474,2012,0.08
186,2,18,474,2013,0.08
186,2,18,474,2014,0.08
186,2,18,474,2015,0.09
186,2,18,474,2016,0.1
186,2,18,474,2017,0.1
186,2,19,474,1990,0.12
186,2,19,474,1991,0.12
186,2,19,474,1992,0.12
186,2,19,474,1993,0.12
186,2,19,474,1994,0.12
186,2,19,474,1995,0.12
186,2,19,474,1996,0.12
186,2,19,474,1997,0.12
186,2,19,474,1998,0.12
186,2,19,474,1999,0.12
186,2,19,474,2000,0.12
186,2,19,474,2001,0.13
186,2,19,474,2002,0.13
186,2,19,474,2003,0.14
186,2,19,474,2004,0.15
186,2,19,474,2005,0.15
186,2,19,474,2006,0.14
186,2,19,474,2007,0.14
186,2,19,474,2008,0.13
186,2,19,474,2009,0.13
186,2,19,474,2010,0.13
186,2,19,474,2011,0.12
186,2,19,474,2012,0.12
186,2,19,474,2013,0.12
186,2,19,474,2014,0.12
186,2,19,474,2015,0.13
186,2,19,474,2016,0.13
186,2,19,474,2017,0.13
186,2,20,474,1990,0.17
186,2,20,474,1991,0.18
186,2,20,474,1992,0.18
186,2,20,474,1993,0.18
186,2,20,474,1994,0.17
186,2,20,474,1995,0.17
186,2,20,474,1996,0.17
186,2,20,474,1997,0.18
186,2,20,474,1998,0.18
186,2,20,474,1999,0.18
186,2,20,474,2000,0.19
186,2,20,474,2001,0.19
186,2,20,474,2002,0.19
186,2,20,474,2003,0.19
186,2,20,474,2004,0.2
186,2,20,474,2005,0.21
186,2,20,474,2006,0.23
186,2,20,474,2007,0.23
186,2,20,474,2008,0.23
186,2,20,474,2009,0.24
186,2,20,474,2010,0.25
186,2,20,474,2011,0.25
186,2,20,474,2012,0.25
186,2,20,474,2013,0.25
186,2,20,474,2014,0.25
186,2,20,474,2015,0.25
186,2,20,474,2016,0.25
186,2,20,474,2017,0.25
186,2,22,474,1990,1.02
186,2,22,474,1991,1.03
186,2,22,474,1992,1.03
186,2,22,474,1993,1.02
186,2,22,474,1994,1.01
186,2,22,474,1995,1.01
186,2,22,474,1996,1.02
186,2,22,474,1997,1.04
186,2,22,474,1998,1.05
186,2,22,474,1999,1.06
186,2,22,474,2000,1.09
186,2,22,474,2001,1.11
186,2,22,474,2002,1.11
186,2,22,474,2003,1.13
186,2,22,474,2004,1.18
186,2,22,474,2005,1.23
186,2,22,474,2006,1.27
186,2,22,474,2007,1.28
186,2,22,474,2008,1.29
186,2,22,474,2009,1.34
186,2,22,474,2010,1.35
186,2,22,474,2011,1.36
186,2,22,474,2012,1.37
186,2,22,474,2013,1.4
186,2,22,474,2014,1.44
186,2,22,474,2015,1.47
186,2,22,474,2016,1.48
186,2,22,474,2017,1.51
186,2,30,474,1990,0.17
186,2,30,474,1991,0.17
186,2,30,474,1992,0.18
186,2,30,474,1993,0.17
186,2,30,474,1994,0.17
186,2,30,474,1995,0.18
186,2,30,474,1996,0.18
186,2,30,474,1997,0.19
186,2,30,474,1998,0.19
186,2,30,474,1999,0.19
186,2,30,474,2000,0.19
186,2,30,474,2001,0.19
186,2,30,474,2002,0.19
186,2,30,474,2003,0.2
186,2,30,474,2004,0.21
186,2,30,474,2005,0.22
186,2,30,474,2006,0.23
186,2,30,474,2007,0.23
186,2,30,474,2008,0.24
186,2,30,474,2009,0.25
186,2,30,474,2010,0.25
186,2,30,474,2011,0.26
186,2,30,474,2012,0.26
186,2,30,474,2013,0.27
186,2,30,474,2014,0.28
186,2,30,474,2015,0.28
186,2,30,474,2016,0.28
186,2,30,474,2017,0.28
186,2,31,474,1990,0.15
186,2,31,474,1991,0.15
186,2,31,474,1992,0.15
186,2,31,474,1993,0.15
186,2,31,474,1994,0.16
186,2,31,474,1995,0.16
186,2,31,474,1996,0.16
186,2,31,474,1997,0.17
186,2,31,474,1998,0.17
186,2,31,474,1999,0.17
186,2,31,474,2000,0.18
186,2,31,474,2001,0.19
186,2,31,474,2002,0.18
186,2,31,474,2003,0.18
186,2,31,474,2004,0.18
186,2,31,474,2005,0.19
186,2,31,474,2006,0.2
186,2,31,474,2007,0.21
186,2,31,474,2008,0.21
186,2,31,474,2009,0.22
186,2,31,474,2010,0.22
186,2,31,474,2011,0.22
186,2,31,474,2012,0.22
186,2,31,474,2013,0.23
186,2,31,474,2014,0.24
186,2,31,474,2015,0.24
186,2,31,474,2016,0.24
186,2,31,474,2017,0.25
186,2,32,474,1990,0.07
186,2,32,474,1991,0.07
186,2,32,474,1992,0.07
186,2,32,474,1993,0.07
186,2,32,474,1994,0.08
186,2,32,474,1995,0.08
186,2,32,474,1996,0.08
186,2,32,474,1997,0.09
186,2,32,474,1998,0.09
186,2,32,474,1999,0.09
186,2,32,474,2000,0.1
186,2,32,474,2001,0.1
186,2,32,474,2002,0.1
186,2,32,474,2003,0.1
186,2,32,474,2004,0.1
186,2,32,474,2005,0.11
186,2,32,474,2006,0.12
186,2,32,474,2007,0.12
186,2,32,474,2008,0.12
186,2,32,474,2009,0.12
186,2,32,474,2010,0.12
186,2,32,474,2011,0.12
186,2,32,474,2012,0.12
186,2,32,474,2013,0.13
186,2,32,474,2014,0.13
186,2,32,474,2015,0.13
186,2,32,474,2016,0.13
186,2,32,474,2017,0.13
186,2,235,474,1990,0.02
186,2,235,474,1991,0.02
186,2,235,474,1992,0.02
186,2,235,474,1993,0.02
186,2,235,474,1994,0.03
186,2,235,474,1995,0.03
186,2,235,474,1996,0.03
186,2,235,474,1997,0.03
186,2,235,474,1998,0.03
186,2,235,474,1999,0.03
186,2,235,474,2000,0.03
186,2,235,474,2001,0.04
186,2,235,474,2002,0.04
186,2,235,474,2003,0.04
186,2,235,474,2004,0.04
186,2,235,474,2005,0.04
186,2,235,474,2006,0.05
186,2,235,474,2007,0.05
186,2,235,474,2008,0.05
186,2,235,474,2009,0.05
186,2,235,474,2010,0.05
186,2,235,474,2011,0.05
186,2,235,474,2012,0.05
186,2,235,474,2013,0.05
186,2,235,474,2014,0.05
186,2,235,474,2015,0.05
186,2,235,474,2016,0.05
186,2,235,474,2017,0.05
187,2,8,474,1990,0.09
187,2,8,474,1991,0.09
187,2,8,474,1992,0.11
187,2,8,474,1993,0.12
187,2,8,474,1994,0.13
187,2,8,474,1995,0.15
187,2,8,474,1996,0.15
187,2,8,474,1997,0.16
187,2,8,474,1998,0.16
187,2,8,474,1999,0.16
187,2,8,474,2000,0.16
187,2,8,474,2001,0.15
187,2,8,474,2002,0.15
187,2,8,474,2003,0.15
187,2,8,474,2004,0.14
187,2,8,474,2005,0.14
187,2,8,474,2006,0.14
187,2,8,474,2007,0.14
187,2,8,474,2008,0.15
187,2,8,474,2009,0.15
187,2,8,474,2010,0.16
187,2,8,474,2011,0.16
187,2,8,474,2012,0.17
187,2,8,474,2013,0.17
187,2,8,474,2014,0.18
187,2,8,474,2015,0.19
187,2,8,474,2016,0.2
187,2,8,474,2017,0.21
187,2,9,474,1990,0.1
187,2,9,474,1991,0.1
187,2,9,474,1992,0.11
187,2,9,474,1993,0.14
187,2,9,474,1994,0.16
187,2,9,474,1995,0.18
187,2,9,474,1996,0.19
187,2,9,474,1997,0.21
187,2,9,474,1998,0.22
187,2,9,474,1999,0.23
187,2,9,474,2000,0.23
187,2,9,474,2001,0.23
187,2,9,474,2002,0.23
187,2,9,474,2003,0.23
187,2,9,474,2004,0.23
187,2,9,474,2005,0.23
187,2,9,474,2006,0.23
187,2,9,474,2007,0.24
187,2,9,474,2008,0.24
187,2,9,474,2009,0.23
187,2,9,474,2010,0.23
187,2,9,474,2011,0.22
187,2,9,474,2012,0.22
187,2,9,474,2013,0.23
187,2,9,474,2014,0.24
187,2,9,474,2015,0.25
187,2,9,474,2016,0.26
187,2,9,474,2017,0.27
187,2,10,474,1990,0.2
187,2,10,474,1991,0.18
187,2,10,474,1992,0.19
187,2,10,474,1993,0.21
187,2,10,474,1994,0.22
187,2,10,474,1995,0.23
187,2,10,474,1996,0.25
187,2,10,474,1997,0.28
187,2,10,474,1998,0.31
187,2,10,474,1999,0.34
187,2,10,474,2000,0.37
187,2,10,474,2001,0.38
187,2,10,474,2002,0.4
187,2,10,474,2003,0.42
187,2,10,474,2004,0.43
187,2,10,474,2005,0.45
187,2,10,474,2006,0.46
187,2,10,474,2007,0.47
187,2,10,474,2008,0.47
187,2,10,474,2009,0.47
187,2,10,474,2010,0.46
187,2,10,474,2011,0.46
187,2,10,474,2012,0.45
187,2,10,474,2013,0.45
187,2,10,474,2014,0.45
187,2,10,474,2015,0.45
187,2,10,474,2016,0.45
187,2,10,474,2017,0.46
187,2,11,474,1990,0.31
187,2,11,474,1991,0.29
187,2,11,474,1992,0.3
187,2,11,474,1993,0.3
187,2,11,474,1994,0.3
187,2,11,474,1995,0.31
187,2,11,474,1996,0.31
187,2,11,474,1997,0.3
187,2,11,474,1998,0.3
187,2,11,474,1999,0.3
187,2,11,474,2000,0.3
187,2,11,474,2001,0.32
187,2,11,474,2002,0.35
187,2,11,474,2003,0.38
187,2,11,474,2004,0.41
187,2,11,474,2005,0.45
187,2,11,474,2006,0.49
187,2,11,474,2007,0.52
187,2,11,474,2008,0.55
187,2,11,474,2009,0.58
187,2,11,474,2010,0.6
187,2,11,474,2011,0.61
187,2,11,474,2012,0.62
187,2,11,474,2013,0.63
187,2,11,474,2014,0.63
187,2,11,474,2015,0.63
187,2,11,474,2016,0.64
187,2,11,474,2017,0.64
187,2,12,474,1990,0.61
187,2,12,474,1991,0.62
187,2,12,474,1992,0.65
187,2,12,474,1993,0.68
187,2,12,474,1994,0.68
187,2,12,474,1995,0.66
187,2,12,474,1996,0.63
187,2,12,474,1997,0.6
187,2,12,474,1998,0.57
187,2,12,474,1999,0.54
187,2,12,474,2000,0.52
187,2,12,474,2001,0.5
187,2,12,474,2002,0.48
187,2,12,474,2003,0.47
187,2,12,474,2004,0.47
187,2,12,474,2005,0.49
187,2,12,474,2006,0.53
187,2,12,474,2007,0.6
187,2,12,474,2008,0.68
187,2,12,474,2009,0.76
187,2,12,474,2010,0.83
187,2,12,474,2011,0.89
187,2,12,474,2012,0.95
187,2,12,474,2013,1
187,2,12,474,2014,1.06
187,2,12,474,2015,1.1
187,2,12,474,2016,1.12
187,2,12,474,2017,1.13
187,2,13,474,1990,1.08
187,2,13,474,1991,1.14
187,2,13,474,1992,1.27
187,2,13,474,1993,1.39
187,2,13,474,1994,1.47
187,2,13,474,1995,1.52
187,2,13,474,1996,1.53
187,2,13,474,1997,1.52
187,2,13,474,1998,1.5
187,2,13,474,1999,1.42
187,2,13,474,2000,1.32
187,2,13,474,2001,1.22
187,2,13,474,2002,1.15
187,2,13,474,2003,1.09
187,2,13,474,2004,1.04
187,2,13,474,2005,1.02
187,2,13,474,2006,1.02
187,2,13,474,2007,1.01
187,2,13,474,2008,1.02
187,2,13,474,2009,1.05
187,2,13,474,2010,1.11
187,2,13,474,2011,1.2
187,2,13,474,2012,1.34
187,2,13,474,2013,1.51
187,2,13,474,2014,1.68
187,2,13,474,2015,1.87
187,2,13,474,2016,2.03
187,2,13,474,2017,2.18
187,2,14,474,1990,1.45
187,2,14,474,1991,1.51
187,2,14,474,1992,1.64
187,2,14,474,1993,1.77
187,2,14,474,1994,1.88
187,2,14,474,1995,2.03
187,2,14,474,1996,2.14
187,2,14,474,1997,2.24
187,2,14,474,1998,2.34
187,2,14,474,1999,2.37
187,2,14,474,2000,2.35
187,2,14,474,2001,2.31
187,2,14,474,2002,2.27
187,2,14,474,2003,2.22
187,2,14,474,2004,2.14
187,2,14,474,2005,2.04
187,2,14,474,2006,1.95
187,2,14,474,2007,1.88
187,2,14,474,2008,1.84
187,2,14,474,2009,1.8
187,2,14,474,2010,1.78
187,2,14,474,2011,1.77
187,2,14,474,2012,1.75
187,2,14,474,2013,1.77
187,2,14,474,2014,1.82
187,2,14,474,2015,1.92
187,2,14,474,2016,2.1
187,2,14,474,2017,2.35
187,2,15,474,1990,2.21
187,2,15,474,1991,2.3
187,2,15,474,1992,2.48
187,2,15,474,1993,2.65
187,2,15,474,1994,2.79
187,2,15,474,1995,2.93
187,2,15,474,1996,3.06
187,2,15,474,1997,3.16
187,2,15,474,1998,3.27
187,2,15,474,1999,3.35
187,2,15,474,2000,3.46
187,2,15,474,2001,3.53
187,2,15,474,2002,3.64
187,2,15,474,2003,3.76
187,2,15,474,2004,3.85
187,2,15,474,2005,3.88
187,2,15,474,2006,3.91
187,2,15,474,2007,3.9
187,2,15,474,2008,3.9
187,2,15,474,2009,3.83
187,2,15,474,2010,3.66
187,2,15,474,2011,3.49
187,2,15,474,2012,3.39
187,2,15,474,2013,3.31
187,2,15,474,2014,3.25
187,2,15,474,2015,3.24
187,2,15,474,2016,3.23
187,2,15,474,2017,3.22
187,2,16,474,1990,2.89
187,2,16,474,1991,3.01
187,2,16,474,1992,3.22
187,2,16,474,1993,3.43
187,2,16,474,1994,3.61
187,2,16,474,1995,3.77
187,2,16,474,1996,3.89
187,2,16,474,1997,4
187,2,16,474,1998,4.1
187,2,16,474,1999,4.14
187,2,16,474,2000,4.18
187,2,16,474,2001,4.25
187,2,16,474,2002,4.35
187,2,16,474,2003,4.49
187,2,16,474,2004,4.64
187,2,16,474,2005,4.9
187,2,16,474,2006,5.16
187,2,16,474,2007,5.44
187,2,16,474,2008,5.73
187,2,16,474,2009,5.99
187,2,16,474,2010,6.1
187,2,16,474,2011,6.15
187,2,16,474,2012,6.17
187,2,16,474,2013,6.16
187,2,16,474,2014,6.04
187,2,16,474,2015,5.81
187,2,16,474,2016,5.56
187,2,16,474,2017,5.4
187,2,17,474,1990,3.79
187,2,17,474,1991,3.96
187,2,17,474,1992,4.21
187,2,17,474,1993,4.44
187,2,17,474,1994,4.64
187,2,17,474,1995,4.82
187,2,17,474,1996,4.97
187,2,17,474,1997,5.11
187,2,17,474,1998,5.25
187,2,17,474,1999,5.32
187,2,17,474,2000,5.38
187,2,17,474,2001,5.43
187,2,17,474,2002,5.54
187,2,17,474,2003,5.68
187,2,17,474,2004,5.83
187,2,17,474,2005,6.01
187,2,17,474,2006,6.27
187,2,17,474,2007,6.56
187,2,17,474,2008,6.9
187,2,17,474,2009,7.29
187,2,17,474,2010,7.8
187,2,17,474,2011,8.25
187,2,17,474,2012,8.76
187,2,17,474,2013,9.26
187,2,17,474,2014,9.68
187,2,17,474,2015,9.94
187,2,17,474,2016,10.08
187,2,17,474,2017,10.14
187,2,18,474,1990,4.16
187,2,18,474,1991,4.39
187,2,18,474,1992,4.67
187,2,18,474,1993,4.93
187,2,18,474,1994,5.15
187,2,18,474,1995,5.36
187,2,18,474,1996,5.54
187,2,18,474,1997,5.71
187,2,18,474,1998,5.87
187,2,18,474,1999,5.96
187,2,18,474,2000,6.03
187,2,18,474,2001,6.12
187,2,18,474,2002,6.28
187,2,18,474,2003,6.47
187,2,18,474,2004,6.67
187,2,18,474,2005,6.89
187,2,18,474,2006,7.14
187,2,18,474,2007,7.43
187,2,18,474,2008,7.76
187,2,18,474,2009,8.1
187,2,18,474,2010,8.44
187,2,18,474,2011,8.84
187,2,18,474,2012,9.29
187,2,18,474,2013,9.77
187,2,18,474,2014,10.33
187,2,18,474,2015,11.09
187,2,18,474,2016,11.73
187,2,18,474,2017,12.43
187,2,19,474,1990,3.54
187,2,19,474,1991,3.7
187,2,19,474,1992,3.94
187,2,19,474,1993,4.22
187,2,19,474,1994,4.5
187,2,19,474,1995,4.78
187,2,19,474,1996,4.99
187,2,19,474,1997,5.17
187,2,19,474,1998,5.32
187,2,19,474,1999,5.4
187,2,19,474,2000,5.46
187,2,19,474,2001,5.56
187,2,19,474,2002,5.7
187,2,19,474,2003,5.88
187,2,19,474,2004,6.05
187,2,19,474,2005,6.25
187,2,19,474,2006,6.49
187,2,19,474,2007,6.76
187,2,19,474,2008,7.08
187,2,19,474,2009,7.42
187,2,19,474,2010,7.76
187,2,19,474,2011,8.12
187,2,19,474,2012,8.53
187,2,19,474,2013,8.95
187,2,19,474,2014,9.39
187,2,19,474,2015,9.86
187,2,19,474,2016,10.37
187,2,19,474,2017,10.93
187,2,20,474,1990,3.04
187,2,20,474,1991,2.99
187,2,20,474,1992,2.94
187,2,20,474,1993,2.9
187,2,20,474,1994,2.88
187,2,20,474,1995,2.9
187,2,20,474,1996,2.99
187,2,20,474,1997,3.12
187,2,20,474,1998,3.27
187,2,20,474,1999,3.41
187,2,20,474,2000,3.53
187,2,20,474,2001,3.65
187,2,20,474,2002,3.79
187,2,20,474,2003,3.94
187,2,20,474,2004,4.08
187,2,20,474,2005,4.24
187,2,20,474,2006,4.42
187,2,20,474,2007,4.63
187,2,20,474,2008,4.85
187,2,20,474,2009,5.07
187,2,20,474,2010,5.31
187,2,20,474,2011,5.57
187,2,20,474,2012,5.86
187,2,20,474,2013,6.17
187,2,20,474,2014,6.49
187,2,20,474,2015,6.82
187,2,20,474,2016,7.14
187,2,20,474,2017,7.49
187,2,22,474,1990,26.85
187,2,22,474,1991,27.68
187,2,22,474,1992,29.15
187,2,22,474,1993,30.61
187,2,22,474,1994,31.83
187,2,22,474,1995,33.02
187,2,22,474,1996,33.96
187,2,22,474,1997,34.83
187,2,22,474,1998,35.64
187,2,22,474,1999,36.03
187,2,22,474,2000,36.33
187,2,22,474,2001,36.74
187,2,22,474,2002,37.49
187,2,22,474,2003,38.46
187,2,22,474,2004,39.45
187,2,22,474,2005,40.61
187,2,22,474,2006,42.02
187,2,22,474,2007,43.61
187,2,22,474,2008,45.42
187,2,22,474,2009,47.27
187,2,22,474,2010,48.98
187,2,22,474,2011,50.77
187,2,22,474,2012,52.9
187,2,22,474,2013,55.12
187,2,22,474,2014,57.32
187,2,22,474,2015,59.66
187,2,22,474,2016,61.79
187,2,22,474,2017,64.17
187,2,30,474,1990,2.36
187,2,30,474,1991,2.37
187,2,30,474,1992,2.38
187,2,30,474,1993,2.38
187,2,30,474,1994,2.37
187,2,30,474,1995,2.33
187,2,30,474,1996,2.26
187,2,30,474,1997,2.18
187,2,30,474,1998,2.12
187,2,30,474,1999,2.07
187,2,30,474,2000,2.05
187,2,30,474,2001,2.11
187,2,30,474,2002,2.22
187,2,30,474,2003,2.37
187,2,30,474,2004,2.52
187,2,30,474,2005,2.68
187,2,30,474,2006,2.84
187,2,30,474,2007,3
187,2,30,474,2008,3.17
187,2,30,474,2009,3.33
187,2,30,474,2010,3.5
187,2,30,474,2011,3.7
187,2,30,474,2012,3.94
187,2,30,474,2013,4.19
187,2,30,474,2014,4.43
187,2,30,474,2015,4.7
187,2,30,474,2016,4.97
187,2,30,474,2017,5.27
187,2,31,474,1990,0.83
187,2,31,474,1991,0.84
187,2,31,474,1992,0.84
187,2,31,474,1993,0.85
187,2,31,474,1994,0.86
187,2,31,474,1995,0.86
187,2,31,474,1996,0.86
187,2,31,474,1997,0.86
187,2,31,474,1998,0.85
187,2,31,474,1999,0.83
187,2,31,474,2000,0.8
187,2,31,474,2001,0.77
187,2,31,474,2002,0.75
187,2,31,474,2003,0.73
187,2,31,474,2004,0.73
187,2,31,474,2005,0.74
187,2,31,474,2006,0.79
187,2,31,474,2007,0.84
187,2,31,474,2008,0.91
187,2,31,474,2009,0.99
187,2,31,474,2010,1.06
187,2,31,474,2011,1.14
187,2,31,474,2012,1.23
187,2,31,474,2013,1.32
187,2,31,474,2014,1.41
187,2,31,474,2015,1.5
187,2,31,474,2016,1.6
187,2,31,474,2017,1.7
187,2,32,474,1990,0.16
187,2,32,474,1991,0.16
187,2,32,474,1992,0.17
187,2,32,474,1993,0.17
187,2,32,474,1994,0.17
187,2,32,474,1995,0.17
187,2,32,474,1996,0.17
187,2,32,474,1997,0.17
187,2,32,474,1998,0.17
187,2,32,474,1999,0.17
187,2,32,474,2000,0.17
187,2,32,474,2001,0.16
187,2,32,474,2002,0.16
187,2,32,474,2003,0.16
187,2,32,474,2004,0.16
187,2,32,474,2005,0.16
187,2,32,474,2006,0.16
187,2,32,474,2007,0.16
187,2,32,474,2008,0.16
187,2,32,474,2009,0.16
187,2,32,474,2010,0.17
187,2,32,474,2011,0.18
187,2,32,474,2012,0.2
187,2,32,474,2013,0.21
187,2,32,474,2014,0.23
187,2,32,474,2015,0.25
187,2,32,474,2016,0.27
187,2,32,474,2017,0.3
187,2,235,474,1990,0.03
187,2,235,474,1991,0.03
187,2,235,474,1992,0.03
187,2,235,474,1993,0.03
187,2,235,474,1994,0.03
187,2,235,474,1995,0.03
187,2,235,474,1996,0.03
187,2,235,474,1997,0.03
187,2,235,474,1998,0.03
187,2,235,474,1999,0.03
187,2,235,474,2000,0.03
187,2,235,474,2001,0.03
187,2,235,474,2002,0.03
187,2,235,474,2003,0.03
187,2,235,474,2004,0.03
187,2,235,474,2005,0.03
187,2,235,474,2006,0.03
187,2,235,474,2007,0.03
187,2,235,474,2008,0.03
187,2,235,474,2009,0.03
187,2,235,474,2010,0.03
187,2,235,474,2011,0.03
187,2,235,474,2012,0.03
187,2,235,474,2013,0.03
187,2,235,474,2014,0.03
187,2,235,474,2015,0.03
187,2,235,474,2016,0.03
187,2,235,474,2017,0.04
189,2,8,474,1990,0.35
189,2,8,474,1991,0.36
189,2,8,474,1992,0.38
189,2,8,474,1993,0.4
189,2,8,474,1994,0.42
189,2,8,474,1995,0.44
189,2,8,474,1996,0.45
189,2,8,474,1997,0.46
189,2,8,474,1998,0.47
189,2,8,474,1999,0.46
189,2,8,474,2000,0.45
189,2,8,474,2001,0.43
189,2,8,474,2002,0.42
189,2,8,474,2003,0.42
189,2,8,474,2004,0.42
189,2,8,474,2005,0.42
189,2,8,474,2006,0.42
189,2,8,474,2007,0.42
189,2,8,474,2008,0.42
189,2,8,474,2009,0.42
189,2,8,474,2010,0.42
189,2,8,474,2011,0.41
189,2,8,474,2012,0.4
189,2,8,474,2013,0.41
189,2,8,474,2014,0.41
189,2,8,474,2015,0.43
189,2,8,474,2016,0.45
189,2,8,474,2017,0.46
189,2,9,474,1990,0.52
189,2,9,474,1991,0.54
189,2,9,474,1992,0.58
189,2,9,474,1993,0.62
189,2,9,474,1994,0.65
189,2,9,474,1995,0.68
189,2,9,474,1996,0.71
189,2,9,474,1997,0.73
189,2,9,474,1998,0.75
189,2,9,474,1999,0.73
189,2,9,474,2000,0.71
189,2,9,474,2001,0.67
189,2,9,474,2002,0.64
189,2,9,474,2003,0.64
189,2,9,474,2004,0.62
189,2,9,474,2005,0.61
189,2,9,474,2006,0.59
189,2,9,474,2007,0.58
189,2,9,474,2008,0.57
189,2,9,474,2009,0.56
189,2,9,474,2010,0.55
189,2,9,474,2011,0.52
189,2,9,474,2012,0.51
189,2,9,474,2013,0.52
189,2,9,474,2014,0.52
189,2,9,474,2015,0.53
189,2,9,474,2016,0.54
189,2,9,474,2017,0.55
189,2,10,474,1990,1
189,2,10,474,1991,1.06
189,2,10,474,1992,1.12
189,2,10,474,1993,1.19
189,2,10,474,1994,1.25
189,2,10,474,1995,1.3
189,2,10,474,1996,1.35
189,2,10,474,1997,1.38
189,2,10,474,1998,1.42
189,2,10,474,1999,1.39
189,2,10,474,2000,1.34
189,2,10,474,2001,1.29
189,2,10,474,2002,1.25
189,2,10,474,2003,1.24
189,2,10,474,2004,1.23
189,2,10,474,2005,1.21
189,2,10,474,2006,1.18
189,2,10,474,2007,1.15
189,2,10,474,2008,1.12
189,2,10,474,2009,1.1
189,2,10,474,2010,1.08
189,2,10,474,2011,1.02
189,2,10,474,2012,0.99
189,2,10,474,2013,0.99
189,2,10,474,2014,0.99
189,2,10,474,2015,1.01
189,2,10,474,2016,1.01
189,2,10,474,2017,1.04
189,2,11,474,1990,1.08
189,2,11,474,1991,1.15
189,2,11,474,1992,1.23
189,2,11,474,1993,1.31
189,2,11,474,1994,1.39
189,2,11,474,1995,1.46
189,2,11,474,1996,1.5
189,2,11,474,1997,1.54
189,2,11,474,1998,1.56
189,2,11,474,1999,1.51
189,2,11,474,2000,1.46
189,2,11,474,2001,1.4
189,2,11,474,2002,1.37
189,2,11,474,2003,1.37
189,2,11,474,2004,1.36
189,2,11,474,2005,1.37
189,2,11,474,2006,1.34
189,2,11,474,2007,1.33
189,2,11,474,2008,1.32
189,2,11,474,2009,1.31
189,2,11,474,2010,1.29
189,2,11,474,2011,1.23
189,2,11,474,2012,1.21
189,2,11,474,2013,1.2
189,2,11,474,2014,1.21
189,2,11,474,2015,1.23
189,2,11,474,2016,1.24
189,2,11,474,2017,1.27
189,2,12,474,1990,1.56
189,2,12,474,1991,1.6
189,2,12,474,1992,1.68
189,2,12,474,1993,1.78
189,2,12,474,1994,1.87
189,2,12,474,1995,1.95
189,2,12,474,1996,2.01
189,2,12,474,1997,2.07
189,2,12,474,1998,2.13
189,2,12,474,1999,2.09
189,2,12,474,2000,2.04
189,2,12,474,2001,1.98
189,2,12,474,2002,1.95
189,2,12,474,2003,1.94
189,2,12,474,2004,1.92
189,2,12,474,2005,1.91
189,2,12,474,2006,1.88
189,2,12,474,2007,1.86
189,2,12,474,2008,1.85
189,2,12,474,2009,1.85
189,2,12,474,2010,1.85
189,2,12,474,2011,1.78
189,2,12,474,2012,1.76
189,2,12,474,2013,1.78
189,2,12,474,2014,1.81
189,2,12,474,2015,1.86
189,2,12,474,2016,1.89
189,2,12,474,2017,1.95
189,2,13,474,1990,2.36
189,2,13,474,1991,2.52
189,2,13,474,1992,2.68
189,2,13,474,1993,2.87
189,2,13,474,1994,3.06
189,2,13,474,1995,3.23
189,2,13,474,1996,3.22
189,2,13,474,1997,3.23
189,2,13,474,1998,3.26
189,2,13,474,1999,3.2
189,2,13,474,2000,3.12
189,2,13,474,2001,3.05
189,2,13,474,2002,3.03
189,2,13,474,2003,3.07
189,2,13,474,2004,3.1
189,2,13,474,2005,3.12
189,2,13,474,2006,3.09
189,2,13,474,2007,3.07
189,2,13,474,2008,3.06
189,2,13,474,2009,3.06
189,2,13,474,2010,3.05
189,2,13,474,2011,2.95
189,2,13,474,2012,2.94
189,2,13,474,2013,2.98
189,2,13,474,2014,3.04
189,2,13,474,2015,3.13
189,2,13,474,2016,3.21
189,2,13,474,2017,3.36
189,2,14,474,1990,3.71
189,2,14,474,1991,3.87
189,2,14,474,1992,4.08
189,2,14,474,1993,4.29
189,2,14,474,1994,4.37
189,2,14,474,1995,4.38
189,2,14,474,1996,4.59
189,2,14,474,1997,4.74
189,2,14,474,1998,4.88
189,2,14,474,1999,4.88
189,2,14,474,2000,4.86
189,2,14,474,2001,4.64
189,2,14,474,2002,4.51
189,2,14,474,2003,4.5
189,2,14,474,2004,4.5
189,2,14,474,2005,4.52
189,2,14,474,2006,4.48
189,2,14,474,2007,4.48
189,2,14,474,2008,4.49
189,2,14,474,2009,4.52
189,2,14,474,2010,4.55
189,2,14,474,2011,4.41
189,2,14,474,2012,4.38
189,2,14,474,2013,4.43
189,2,14,474,2014,4.51
189,2,14,474,2015,4.64
189,2,14,474,2016,4.77
189,2,14,474,2017,5.01
189,2,15,474,1990,6.38
189,2,15,474,1991,6.58
189,2,15,474,1992,6.8
189,2,15,474,1993,6.98
189,2,15,474,1994,7.21
189,2,15,474,1995,7.36
189,2,15,474,1996,7.46
189,2,15,474,1997,7.57
189,2,15,474,1998,7.56
189,2,15,474,1999,7.23
189,2,15,474,2000,6.82
189,2,15,474,2001,6.83
189,2,15,474,2002,6.84
189,2,15,474,2003,6.95
189,2,15,474,2004,7.09
189,2,15,474,2005,7.26
189,2,15,474,2006,7.01
189,2,15,474,2007,6.88
189,2,15,474,2008,6.85
189,2,15,474,2009,6.89
189,2,15,474,2010,6.97
189,2,15,474,2011,6.82
189,2,15,474,2012,6.86
189,2,15,474,2013,7.01
189,2,15,474,2014,7.18
189,2,15,474,2015,7.38
189,2,15,474,2016,7.57
189,2,15,474,2017,7.9
189,2,16,474,1990,9.55
189,2,16,474,1991,9.93
189,2,16,474,1992,10.37
189,2,16,474,1993,10.75
189,2,16,474,1994,11.15
189,2,16,474,1995,11.41
189,2,16,474,1996,11.51
189,2,16,474,1997,11.5
189,2,16,474,1998,11.33
189,2,16,474,1999,11.05
189,2,16,474,2000,10.71
189,2,16,474,2001,10.43
189,2,16,474,2002,10.33
189,2,16,474,2003,10.27
189,2,16,474,2004,10
189,2,16,474,2005,9.68
189,2,16,474,2006,9.74
189,2,16,474,2007,9.74
189,2,16,474,2008,9.74
189,2,16,474,2009,9.82
189,2,16,474,2010,9.99
189,2,16,474,2011,9.37
189,2,16,474,2012,9.12
189,2,16,474,2013,9.16
189,2,16,474,2014,9.32
189,2,16,474,2015,9.56
189,2,16,474,2016,9.87
189,2,16,474,2017,10.38
189,2,17,474,1990,13.95
189,2,17,474,1991,14.4
189,2,17,474,1992,15
189,2,17,474,1993,15.93
189,2,17,474,1994,16.62
189,2,17,474,1995,17.15
189,2,17,474,1996,17.56
189,2,17,474,1997,17.86
189,2,17,474,1998,17.93
189,2,17,474,1999,17.71
189,2,17,474,2000,17.36
189,2,17,474,2001,16.86
189,2,17,474,2002,16.46
189,2,17,474,2003,16.13
189,2,17,474,2004,15.95
189,2,17,474,2005,15.73
189,2,17,474,2006,15.31
189,2,17,474,2007,15.1
189,2,17,474,2008,14.82
189,2,17,474,2009,14.36
189,2,17,474,2010,13.88
189,2,17,474,2011,13.67
189,2,17,474,2012,13.65
189,2,17,474,2013,13.82
189,2,17,474,2014,14.13
189,2,17,474,2015,14.56
189,2,17,474,2016,14.41
189,2,17,474,2017,14.68
189,2,18,474,1990,17.89
189,2,18,474,1991,18.39
189,2,18,474,1992,19.08
189,2,18,474,1993,19.82
189,2,18,474,1994,20.44
189,2,18,474,1995,20.93
189,2,18,474,1996,21.36
189,2,18,474,1997,21.78
189,2,18,474,1998,22.64
189,2,18,474,1999,22.68
189,2,18,474,2000,22.6
189,2,18,474,2001,22.35
189,2,18,474,2002,22.33
189,2,18,474,2003,22.32
189,2,18,474,2004,22.33
189,2,18,474,2005,22.27
189,2,18,474,2006,21.71
189,2,18,474,2007,21.15
189,2,18,474,2008,20.43
189,2,18,474,2009,20.05
189,2,18,474,2010,19.68
189,2,18,474,2011,18.68
189,2,18,474,2012,18.32
189,2,18,474,2013,18.08
189,2,18,474,2014,17.65
189,2,18,474,2015,17.17
189,2,18,474,2016,17.77
189,2,18,474,2017,18.52
189,2,19,474,1990,20.44
189,2,19,474,1991,20.95
189,2,19,474,1992,21.65
189,2,19,474,1993,22.22
189,2,19,474,1994,22.73
189,2,19,474,1995,23.14
189,2,19,474,1996,23.57
189,2,19,474,1997,24
189,2,19,474,1998,24.46
189,2,19,474,1999,24.33
189,2,19,474,2000,24.14
189,2,19,474,2001,23.86
189,2,19,474,2002,23.94
189,2,19,474,2003,24.85
189,2,19,474,2004,25.34
189,2,19,474,2005,25.85
189,2,19,474,2006,25.84
189,2,19,474,2007,25.9
189,2,19,474,2008,25.8
189,2,19,474,2009,25.87
189,2,19,474,2010,25.82
189,2,19,474,2011,24.57
189,2,19,474,2012,23.74
189,2,19,474,2013,23.06
189,2,19,474,2014,22.8
189,2,19,474,2015,22.59
189,2,19,474,2016,22.59
189,2,19,474,2017,23.17
189,2,20,474,1990,17.27
189,2,20,474,1991,17.84
189,2,20,474,1992,18.42
189,2,20,474,1993,18.63
189,2,20,474,1994,19.11
189,2,20,474,1995,19.46
189,2,20,474,1996,19.87
189,2,20,474,1997,20.26
189,2,20,474,1998,20.47
189,2,20,474,1999,20.35
189,2,20,474,2000,20.24
189,2,20,474,2001,20.1
189,2,20,474,2002,20.26
189,2,20,474,2003,20.62
189,2,20,474,2004,20.9
189,2,20,474,2005,21.3
189,2,20,474,2006,21.3
189,2,20,474,2007,21.46
189,2,20,474,2008,22.28
189,2,20,474,2009,22.83
189,2,20,474,2010,23.37
189,2,20,474,2011,22.85
189,2,20,474,2012,22.73
189,2,20,474,2013,22.79
189,2,20,474,2014,23.03
189,2,20,474,2015,23.2
189,2,20,474,2016,23.28
189,2,20,474,2017,23.57
189,2,22,474,1990,112.94
189,2,22,474,1991,117.03
189,2,22,474,1992,122
189,2,22,474,1993,127.17
189,2,22,474,1994,131.78
189,2,22,474,1995,135.35
189,2,22,474,1996,138.6
189,2,22,474,1997,141.44
189,2,22,474,1998,143.91
189,2,22,474,1999,143.19
189,2,22,474,2000,141.89
189,2,22,474,2001,140.13
189,2,22,474,2002,140.07
189,2,22,474,2003,141.49
189,2,22,474,2004,142.45
189,2,22,474,2005,143.68
189,2,22,474,2006,142.58
189,2,22,474,2007,142.3
189,2,22,474,2008,142.57
189,2,22,474,2009,143.27
189,2,22,474,2010,144
189,2,22,474,2011,139.37
189,2,22,474,2012,137.92
189,2,22,474,2013,138.68
189,2,22,474,2014,140.05
189,2,22,474,2015,141.71
189,2,22,474,2016,144.08
189,2,22,474,2017,148.93
189,2,30,474,1990,11.84
189,2,30,474,1991,12.55
189,2,30,474,1992,13.38
189,2,30,474,1993,14.6
189,2,30,474,1994,15.37
189,2,30,474,1995,15.96
189,2,30,474,1996,16.5
189,2,30,474,1997,16.94
189,2,30,474,1998,17.07
189,2,30,474,1999,17.27
189,2,30,474,2000,17.44
189,2,30,474,2001,17.47
189,2,30,474,2002,17.72
189,2,30,474,2003,17.94
189,2,30,474,2004,18.16
189,2,30,474,2005,18.55
189,2,30,474,2006,18.64
189,2,30,474,2007,18.9
189,2,30,474,2008,19.33
189,2,30,474,2009,19.81
189,2,30,474,2010,20.34
189,2,30,474,2011,20.01
189,2,30,474,2012,20.09
189,2,30,474,2013,21
189,2,30,474,2014,21.65
189,2,30,474,2015,22.27
189,2,30,474,2016,22.87
189,2,30,474,2017,23.76
189,2,31,474,1990,4.17
189,2,31,474,1991,4.37
189,2,31,474,1992,4.6
189,2,31,474,1993,4.75
189,2,31,474,1994,5.04
189,2,31,474,1995,5.36
189,2,31,474,1996,5.73
189,2,31,474,1997,6.11
189,2,31,474,1998,6.66
189,2,31,474,1999,6.92
189,2,31,474,2000,7.14
189,2,31,474,2001,7.23
189,2,31,474,2002,7.38
189,2,31,474,2003,7.45
189,2,31,474,2004,7.64
189,2,31,474,2005,7.89
189,2,31,474,2006,8
189,2,31,474,2007,8.17
189,2,31,474,2008,8.33
189,2,31,474,2009,8.54
189,2,31,474,2010,8.8
189,2,31,474,2011,8.71
189,2,31,474,2012,8.79
189,2,31,474,2013,9.01
189,2,31,474,2014,9.25
189,2,31,474,2015,9.53
189,2,31,474,2016,9.86
189,2,31,474,2017,10.38
189,2,32,474,1990,0.76
189,2,32,474,1991,0.81
189,2,32,474,1992,0.86
189,2,32,474,1993,0.91
189,2,32,474,1994,0.95
189,2,32,474,1995,1
189,2,32,474,1996,1.05
189,2,32,474,1997,1.11
189,2,32,474,1998,1.14
189,2,32,474,1999,1.2
189,2,32,474,2000,1.28
189,2,32,474,2001,1.35
189,2,32,474,2002,1.44
189,2,32,474,2003,1.57
189,2,32,474,2004,1.66
189,2,32,474,2005,1.75
189,2,32,474,2006,1.79
189,2,32,474,2007,1.84
189,2,32,474,2008,1.88
189,2,32,474,2009,1.95
189,2,32,474,2010,2.03
189,2,32,474,2011,2.03
189,2,32,474,2012,2.06
189,2,32,474,2013,2.11
189,2,32,474,2014,2.17
189,2,32,474,2015,2.25
189,2,32,474,2016,2.35
189,2,32,474,2017,2.49
189,2,235,474,1990,0.1
189,2,235,474,1991,0.11
189,2,235,474,1992,0.11
189,2,235,474,1993,0.12
189,2,235,474,1994,0.13
189,2,235,474,1995,0.14
189,2,235,474,1996,0.15
189,2,235,474,1997,0.16
189,2,235,474,1998,0.17
189,2,235,474,1999,0.17
189,2,235,474,2000,0.18
189,2,235,474,2001,0.19
189,2,235,474,2002,0.2
189,2,235,474,2003,0.2
189,2,235,474,2004,0.22
189,2,235,474,2005,0.24
189,2,235,474,2006,0.25
189,2,235,474,2007,0.27
189,2,235,474,2008,0.3
189,2,235,474,2009,0.32
189,2,235,474,2010,0.33
189,2,235,474,2011,0.34
189,2,235,474,2012,0.35
189,2,235,474,2013,0.36
189,2,235,474,2014,0.37
189,2,235,474,2015,0.39
189,2,235,474,2016,0.41
189,2,235,474,2017,0.43
190,2,8,474,1990,0.16
190,2,8,474,1991,0.18
190,2,8,474,1992,0.18
190,2,8,474,1993,0.19
190,2,8,474,1994,0.2
190,2,8,474,1995,0.21
190,2,8,474,1996,0.22
190,2,8,474,1997,0.22
190,2,8,474,1998,0.22
190,2,8,474,1999,0.22
190,2,8,474,2000,0.22
190,2,8,474,2001,0.23
190,2,8,474,2002,0.23
190,2,8,474,2003,0.23
190,2,8,474,2004,0.24
190,2,8,474,2005,0.24
190,2,8,474,2006,0.24
190,2,8,474,2007,0.24
190,2,8,474,2008,0.24
190,2,8,474,2009,0.24
190,2,8,474,2010,0.25
190,2,8,474,2011,0.25
190,2,8,474,2012,0.26
190,2,8,474,2013,0.28
190,2,8,474,2014,0.29
190,2,8,474,2015,0.3
190,2,8,474,2016,0.3
190,2,8,474,2017,0.31
190,2,9,474,1990,0.28
190,2,9,474,1991,0.3
190,2,9,474,1992,0.31
190,2,9,474,1993,0.32
190,2,9,474,1994,0.34
190,2,9,474,1995,0.34
190,2,9,474,1996,0.36
190,2,9,474,1997,0.35
190,2,9,474,1998,0.36
190,2,9,474,1999,0.35
190,2,9,474,2000,0.35
190,2,9,474,2001,0.36
190,2,9,474,2002,0.35
190,2,9,474,2003,0.35
190,2,9,474,2004,0.36
190,2,9,474,2005,0.36
190,2,9,474,2006,0.35
190,2,9,474,2007,0.35
190,2,9,474,2008,0.34
190,2,9,474,2009,0.34
190,2,9,474,2010,0.34
190,2,9,474,2011,0.35
190,2,9,474,2012,0.35
190,2,9,474,2013,0.36
190,2,9,474,2014,0.37
190,2,9,474,2015,0.37
190,2,9,474,2016,0.37
190,2,9,474,2017,0.37
190,2,10,474,1990,0.5
190,2,10,474,1991,0.55
190,2,10,474,1992,0.56
190,2,10,474,1993,0.59
190,2,10,474,1994,0.6
190,2,10,474,1995,0.63
190,2,10,474,1996,0.65
190,2,10,474,1997,0.65
190,2,10,474,1998,0.65
190,2,10,474,1999,0.64
190,2,10,474,2000,0.64
190,2,10,474,2001,0.65
190,2,10,474,2002,0.63
190,2,10,474,2003,0.62
190,2,10,474,2004,0.63
190,2,10,474,2005,0.63
190,2,10,474,2006,0.61
190,2,10,474,2007,0.6
190,2,10,474,2008,0.59
190,2,10,474,2009,0.59
190,2,10,474,2010,0.58
190,2,10,474,2011,0.59
190,2,10,474,2012,0.59
190,2,10,474,2013,0.61
190,2,10,474,2014,0.63
190,2,10,474,2015,0.63
190,2,10,474,2016,0.64
190,2,10,474,2017,0.65
190,2,11,474,1990,0.51
190,2,11,474,1991,0.57
190,2,11,474,1992,0.6
190,2,11,474,1993,0.63
190,2,11,474,1994,0.67
190,2,11,474,1995,0.7
190,2,11,474,1996,0.72
190,2,11,474,1997,0.72
190,2,11,474,1998,0.72
190,2,11,474,1999,0.7
190,2,11,474,2000,0.7
190,2,11,474,2001,0.71
190,2,11,474,2002,0.69
190,2,11,474,2003,0.69
190,2,11,474,2004,0.7
190,2,11,474,2005,0.7
190,2,11,474,2006,0.68
190,2,11,474,2007,0.67
190,2,11,474,2008,0.66
190,2,11,474,2009,0.66
190,2,11,474,2010,0.66
190,2,11,474,2011,0.66
190,2,11,474,2012,0.67
190,2,11,474,2013,0.69
190,2,11,474,2014,0.71
190,2,11,474,2015,0.71
190,2,11,474,2016,0.72
190,2,11,474,2017,0.74
190,2,12,474,1990,0.71
190,2,12,474,1991,0.75
190,2,12,474,1992,0.76
190,2,12,474,1993,0.8
190,2,12,474,1994,0.85
190,2,12,474,1995,0.9
190,2,12,474,1996,0.96
190,2,12,474,1997,0.97
190,2,12,474,1998,0.99
190,2,12,474,1999,0.98
190,2,12,474,2000,0.98
190,2,12,474,2001,1
190,2,12,474,2002,0.98
190,2,12,474,2003,0.98
190,2,12,474,2004,0.98
190,2,12,474,2005,0.98
190,2,12,474,2006,0.95
190,2,12,474,2007,0.95
190,2,12,474,2008,0.93
190,2,12,474,2009,0.94
190,2,12,474,2010,0.94
190,2,12,474,2011,0.95
190,2,12,474,2012,0.96
190,2,12,474,2013,0.99
190,2,12,474,2014,1.03
190,2,12,474,2015,1.04
190,2,12,474,2016,1.06
190,2,12,474,2017,1.1
190,2,13,474,1990,1.13
190,2,13,474,1991,1.26
190,2,13,474,1992,1.31
190,2,13,474,1993,1.38
190,2,13,474,1994,1.43
190,2,13,474,1995,1.57
190,2,13,474,1996,1.58
190,2,13,474,1997,1.56
190,2,13,474,1998,1.59
190,2,13,474,1999,1.58
190,2,13,474,2000,1.6
190,2,13,474,2001,1.65
190,2,13,474,2002,1.65
190,2,13,474,2003,1.64
190,2,13,474,2004,1.65
190,2,13,474,2005,1.64
190,2,13,474,2006,1.58
190,2,13,474,2007,1.55
190,2,13,474,2008,1.51
190,2,13,474,2009,1.51
190,2,13,474,2010,1.52
190,2,13,474,2011,1.53
190,2,13,474,2012,1.56
190,2,13,474,2013,1.63
190,2,13,474,2014,1.7
190,2,13,474,2015,1.73
190,2,13,474,2016,1.76
190,2,13,474,2017,1.83
190,2,14,474,1990,1.75
190,2,14,474,1991,1.87
190,2,14,474,1992,1.95
190,2,14,474,1993,2.06
190,2,14,474,1994,2.17
190,2,14,474,1995,2.08
190,2,14,474,1996,2.22
190,2,14,474,1997,2.23
190,2,14,474,1998,2.25
190,2,14,474,1999,2.21
190,2,14,474,2000,2.31
190,2,14,474,2001,2.26
190,2,14,474,2002,2.23
190,2,14,474,2003,2.22
190,2,14,474,2004,2.24
190,2,14,474,2005,2.26
190,2,14,474,2006,2.21
190,2,14,474,2007,2.19
190,2,14,474,2008,2.16
190,2,14,474,2009,2.17
190,2,14,474,2010,2.18
190,2,14,474,2011,2.19
190,2,14,474,2012,2.23
190,2,14,474,2013,2.31
190,2,14,474,2014,2.38
190,2,14,474,2015,2.42
190,2,14,474,2016,2.48
190,2,14,474,2017,2.59
190,2,15,474,1990,2.76
190,2,15,474,1991,2.97
190,2,15,474,1992,3.04
190,2,15,474,1993,3.17
190,2,15,474,1994,3.27
190,2,15,474,1995,3.36
190,2,15,474,1996,3.42
190,2,15,474,1997,3.43
190,2,15,474,1998,3.47
190,2,15,474,1999,3.43
190,2,15,474,2000,3.16
190,2,15,474,2001,3.27
190,2,15,474,2002,3.27
190,2,15,474,2003,3.24
190,2,15,474,2004,3.22
190,2,15,474,2005,3.38
190,2,15,474,2006,3.19
190,2,15,474,2007,3.1
190,2,15,474,2008,3.07
190,2,15,474,2009,3.12
190,2,15,474,2010,3.19
190,2,15,474,2011,3.26
190,2,15,474,2012,3.36
190,2,15,474,2013,3.52
190,2,15,474,2014,3.66
190,2,15,474,2015,3.71
190,2,15,474,2016,3.77
190,2,15,474,2017,3.92
190,2,16,474,1990,3.83
190,2,16,474,1991,4.11
190,2,16,474,1992,4.32
190,2,16,474,1993,4.51
190,2,16,474,1994,4.69
190,2,16,474,1995,4.84
190,2,16,474,1996,4.96
190,2,16,474,1997,4.89
190,2,16,474,1998,4.88
190,2,16,474,1999,4.77
190,2,16,474,2000,4.69
190,2,16,474,2001,4.68
190,2,16,474,2002,4.71
190,2,16,474,2003,4.73
190,2,16,474,2004,4.75
190,2,16,474,2005,4.42
190,2,16,474,2006,4.41
190,2,16,474,2007,4.36
190,2,16,474,2008,4.29
190,2,16,474,2009,4.28
190,2,16,474,2010,4.54
190,2,16,474,2011,4.46
190,2,16,474,2012,4.51
190,2,16,474,2013,4.7
190,2,16,474,2014,4.93
190,2,16,474,2015,5.07
190,2,16,474,2016,5.25
190,2,16,474,2017,5.49
190,2,17,474,1990,5.96
190,2,17,474,1991,6.29
190,2,17,474,1992,6.47
190,2,17,474,1993,6.72
190,2,17,474,1994,6.98
190,2,17,474,1995,7.22
190,2,17,474,1996,7.47
190,2,17,474,1997,7.55
190,2,17,474,1998,7.6
190,2,17,474,1999,7.56
190,2,17,474,2000,7.5
190,2,17,474,2001,7.53
190,2,17,474,2002,7.45
190,2,17,474,2003,7.37
190,2,17,474,2004,7.32
190,2,17,474,2005,7.29
190,2,17,474,2006,6.98
190,2,17,474,2007,6.89
190,2,17,474,2008,6.85
190,2,17,474,2009,6.89
190,2,17,474,2010,6.44
190,2,17,474,2011,6.68
190,2,17,474,2012,6.81
190,2,17,474,2013,7.01
190,2,17,474,2014,7.2
190,2,17,474,2015,7.66
190,2,17,474,2016,7.6
190,2,17,474,2017,7.8
190,2,18,474,1990,7.81
190,2,18,474,1991,8.15
190,2,18,474,1992,8.4
190,2,18,474,1993,8.73
190,2,18,474,1994,9.07
190,2,18,474,1995,9.33
190,2,18,474,1996,9.56
190,2,18,474,1997,9.52
190,2,18,474,1998,9.59
190,2,18,474,1999,9.62
190,2,18,474,2000,9.65
190,2,18,474,2001,9.84
190,2,18,474,2002,10.03
190,2,18,474,2003,10.09
190,2,18,474,2004,10.13
190,2,18,474,2005,10.19
190,2,18,474,2006,9.84
190,2,18,474,2007,9.57
190,2,18,474,2008,9.41
190,2,18,474,2009,9.37
190,2,18,474,2010,9.4
190,2,18,474,2011,9.36
190,2,18,474,2012,9.56
190,2,18,474,2013,9.89
190,2,18,474,2014,10.21
190,2,18,474,2015,9.58
190,2,18,474,2016,10.05
190,2,18,474,2017,10.45
190,2,19,474,1990,9
190,2,19,474,1991,9.3
190,2,19,474,1992,9.45
190,2,19,474,1993,9.65
190,2,19,474,1994,9.85
190,2,19,474,1995,10.03
190,2,19,474,1996,10.23
190,2,19,474,1997,10.24
190,2,19,474,1998,10.34
190,2,19,474,1999,10.37
190,2,19,474,2000,10.32
190,2,19,474,2001,10.43
190,2,19,474,2002,10.46
190,2,19,474,2003,10.6
190,2,19,474,2004,10.78
190,2,19,474,2005,11.02
190,2,19,474,2006,10.87
190,2,19,474,2007,10.92
190,2,19,474,2008,10.96
190,2,19,474,2009,11.12
190,2,19,474,2010,11.33
190,2,19,474,2011,11.48
190,2,19,474,2012,11.62
190,2,19,474,2013,11.95
190,2,19,474,2014,12.23
190,2,19,474,2015,12.41
190,2,19,474,2016,12.57
190,2,19,474,2017,13.13
190,2,20,474,1990,7.53
190,2,20,474,1991,7.85
190,2,20,474,1992,8.07
190,2,20,474,1993,8.33
190,2,20,474,1994,8.57
190,2,20,474,1995,8.74
190,2,20,474,1996,8.88
190,2,20,474,1997,8.81
190,2,20,474,1998,8.79
190,2,20,474,1999,8.73
190,2,20,474,2000,8.65
190,2,20,474,2001,8.7
190,2,20,474,2002,8.82
190,2,20,474,2003,8.98
190,2,20,474,2004,9.2
190,2,20,474,2005,9.38
190,2,20,474,2006,9.27
190,2,20,474,2007,9.27
190,2,20,474,2008,9.41
190,2,20,474,2009,9.69
190,2,20,474,2010,10.06
190,2,20,474,2011,10.4
190,2,20,474,2012,10.85
190,2,20,474,2013,11.31
190,2,20,474,2014,11.76
190,2,20,474,2015,12.15
190,2,20,474,2016,12.53
190,2,20,474,2017,12.92
190,2,22,474,1990,49.7
190,2,22,474,1991,52.42
190,2,22,474,1992,54.06
190,2,22,474,1993,56.13
190,2,22,474,1994,58.17
190,2,22,474,1995,59.77
190,2,22,474,1996,61.41
190,2,22,474,1997,61.44
190,2,22,474,1998,61.94
190,2,22,474,1999,61.78
190,2,22,474,2000,61.44
190,2,22,474,2001,62.1
190,2,22,474,2002,62.45
190,2,22,474,2003,62.86
190,2,22,474,2004,63.6
190,2,22,474,2005,64.17
190,2,22,474,2006,62.87
190,2,22,474,2007,62.57
190,2,22,474,2008,62.68
190,2,22,474,2009,63.66
190,2,22,474,2010,64.67
190,2,22,474,2011,65.89
190,2,22,474,2012,67.61
190,2,22,474,2013,70.3
190,2,22,474,2014,73.02
190,2,22,474,2015,74.57
190,2,22,474,2016,76.91
190,2,22,474,2017,80.27
190,2,30,474,1990,5.56
190,2,30,474,1991,5.88
190,2,30,474,1992,6.14
190,2,30,474,1993,6.41
190,2,30,474,1994,6.69
190,2,30,474,1995,6.9
190,2,30,474,1996,7.11
190,2,30,474,1997,7.14
190,2,30,474,1998,7.21
190,2,30,474,1999,7.23
190,2,30,474,2000,7.2
190,2,30,474,2001,7.24
190,2,30,474,2002,7.29
190,2,30,474,2003,7.36
190,2,30,474,2004,7.5
190,2,30,474,2005,7.65
190,2,30,474,2006,7.61
190,2,30,474,2007,7.73
190,2,30,474,2008,7.96
190,2,30,474,2009,8.28
190,2,30,474,2010,8.62
190,2,30,474,2011,8.93
190,2,30,474,2012,9.25
190,2,30,474,2013,9.73
190,2,30,474,2014,10.27
190,2,30,474,2015,10.83
190,2,30,474,2016,11.46
190,2,30,474,2017,12.22
190,2,31,474,1990,1.89
190,2,31,474,1991,2.01
190,2,31,474,1992,2.1
190,2,31,474,1993,2.2
190,2,31,474,1994,2.31
190,2,31,474,1995,2.43
190,2,31,474,1996,2.55
190,2,31,474,1997,2.62
190,2,31,474,1998,2.7
190,2,31,474,1999,2.77
190,2,31,474,2000,2.82
190,2,31,474,2001,2.89
190,2,31,474,2002,2.97
190,2,31,474,2003,3.05
190,2,31,474,2004,3.15
190,2,31,474,2005,3.26
190,2,31,474,2006,3.27
190,2,31,474,2007,3.33
190,2,31,474,2008,3.41
190,2,31,474,2009,3.54
190,2,31,474,2010,3.67
190,2,31,474,2011,3.82
190,2,31,474,2012,4
190,2,31,474,2013,4.24
190,2,31,474,2014,4.52
190,2,31,474,2015,4.77
190,2,31,474,2016,5.06
190,2,31,474,2017,5.36
190,2,32,474,1990,0.31
190,2,32,474,1991,0.33
190,2,32,474,1992,0.36
190,2,32,474,1993,0.39
190,2,32,474,1994,0.41
190,2,32,474,1995,0.44
190,2,32,474,1996,0.46
190,2,32,474,1997,0.48
190,2,32,474,1998,0.5
190,2,32,474,1999,0.52
190,2,32,474,2000,0.54
190,2,32,474,2001,0.57
190,2,32,474,2002,0.59
190,2,32,474,2003,0.62
190,2,32,474,2004,0.65
190,2,32,474,2005,0.69
190,2,32,474,2006,0.7
190,2,32,474,2007,0.73
190,2,32,474,2008,0.75
190,2,32,474,2009,0.79
190,2,32,474,2010,0.82
190,2,32,474,2011,0.85
190,2,32,474,2012,0.88
190,2,32,474,2013,0.93
190,2,32,474,2014,0.99
190,2,32,474,2015,1.04
190,2,32,474,2016,1.11
190,2,32,474,2017,1.2
190,2,235,474,1990,0.04
190,2,235,474,1991,0.05
190,2,235,474,1992,0.05
190,2,235,474,1993,0.05
190,2,235,474,1994,0.06
190,2,235,474,1995,0.06
190,2,235,474,1996,0.07
190,2,235,474,1997,0.07
190,2,235,474,1998,0.08
190,2,235,474,1999,0.08
190,2,235,474,2000,0.09
190,2,235,474,2001,0.09
190,2,235,474,2002,0.1
190,2,235,474,2003,0.1
190,2,235,474,2004,0.11
190,2,235,474,2005,0.11
190,2,235,474,2006,0.12
190,2,235,474,2007,0.12
190,2,235,474,2008,0.12
190,2,235,474,2009,0.13
190,2,235,474,2010,0.13
190,2,235,474,2011,0.14
190,2,235,474,2012,0.14
190,2,235,474,2013,0.15
190,2,235,474,2014,0.16
190,2,235,474,2015,0.17
190,2,235,474,2016,0.18
190,2,235,474,2017,0.19
191,2,8,474,1990,0.17
191,2,8,474,1991,0.18
191,2,8,474,1992,0.18
191,2,8,474,1993,0.19
191,2,8,474,1994,0.19
191,2,8,474,1995,0.19
191,2,8,474,1996,0.18
191,2,8,474,1997,0.18
191,2,8,474,1998,0.17
191,2,8,474,1999,0.17
191,2,8,474,2000,0.16
191,2,8,474,2001,0.16
191,2,8,474,2002,0.15
191,2,8,474,2003,0.15
191,2,8,474,2004,0.15
191,2,8,474,2005,0.15
191,2,8,474,2006,0.15
191,2,8,474,2007,0.15
191,2,8,474,2008,0.16
191,2,8,474,2009,0.17
191,2,8,474,2010,0.17
191,2,8,474,2011,0.18
191,2,8,474,2012,0.18
191,2,8,474,2013,0.18
191,2,8,474,2014,0.18
191,2,8,474,2015,0.19
191,2,8,474,2016,0.19
191,2,8,474,2017,0.2
191,2,9,474,1990,0.27
191,2,9,474,1991,0.28
191,2,9,474,1992,0.29
191,2,9,474,1993,0.29
191,2,9,474,1994,0.29
191,2,9,474,1995,0.29
191,2,9,474,1996,0.29
191,2,9,474,1997,0.28
191,2,9,474,1998,0.27
191,2,9,474,1999,0.26
191,2,9,474,2000,0.25
191,2,9,474,2001,0.24
191,2,9,474,2002,0.24
191,2,9,474,2003,0.23
191,2,9,474,2004,0.23
191,2,9,474,2005,0.23
191,2,9,474,2006,0.23
191,2,9,474,2007,0.24
191,2,9,474,2008,0.25
191,2,9,474,2009,0.26
191,2,9,474,2010,0.27
191,2,9,474,2011,0.28
191,2,9,474,2012,0.28
191,2,9,474,2013,0.28
191,2,9,474,2014,0.28
191,2,9,474,2015,0.29
191,2,9,474,2016,0.3
191,2,9,474,2017,0.3
191,2,10,474,1990,0.45
191,2,10,474,1991,0.47
191,2,10,474,1992,0.49
191,2,10,474,1993,0.5
191,2,10,474,1994,0.5
191,2,10,474,1995,0.5
191,2,10,474,1996,0.5
191,2,10,474,1997,0.49
191,2,10,474,1998,0.48
191,2,10,474,1999,0.46
191,2,10,474,2000,0.44
191,2,10,474,2001,0.43
191,2,10,474,2002,0.42
191,2,10,474,2003,0.42
191,2,10,474,2004,0.42
191,2,10,474,2005,0.42
191,2,10,474,2006,0.43
191,2,10,474,2007,0.43
191,2,10,474,2008,0.46
191,2,10,474,2009,0.47
191,2,10,474,2010,0.49
191,2,10,474,2011,0.5
191,2,10,474,2012,0.51
191,2,10,474,2013,0.51
191,2,10,474,2014,0.52
191,2,10,474,2015,0.54
191,2,10,474,2016,0.55
191,2,10,474,2017,0.56
191,2,11,474,1990,0.48
191,2,11,474,1991,0.5
191,2,11,474,1992,0.52
191,2,11,474,1993,0.54
191,2,11,474,1994,0.55
191,2,11,474,1995,0.55
191,2,11,474,1996,0.55
191,2,11,474,1997,0.54
191,2,11,474,1998,0.53
191,2,11,474,1999,0.5
191,2,11,474,2000,0.48
191,2,11,474,2001,0.46
191,2,11,474,2002,0.44
191,2,11,474,2003,0.44
191,2,11,474,2004,0.44
191,2,11,474,2005,0.44
191,2,11,474,2006,0.45
191,2,11,474,2007,0.47
191,2,11,474,2008,0.5
191,2,11,474,2009,0.53
191,2,11,474,2010,0.56
191,2,11,474,2011,0.58
191,2,11,474,2012,0.6
191,2,11,474,2013,0.62
191,2,11,474,2014,0.64
191,2,11,474,2015,0.66
191,2,11,474,2016,0.69
191,2,11,474,2017,0.71
191,2,12,474,1990,0.66
191,2,12,474,1991,0.68
191,2,12,474,1992,0.72
191,2,12,474,1993,0.75
191,2,12,474,1994,0.77
191,2,12,474,1995,0.79
191,2,12,474,1996,0.79
191,2,12,474,1997,0.78
191,2,12,474,1998,0.76
191,2,12,474,1999,0.73
191,2,12,474,2000,0.69
191,2,12,474,2001,0.65
191,2,12,474,2002,0.63
191,2,12,474,2003,0.61
191,2,12,474,2004,0.6
191,2,12,474,2005,0.6
191,2,12,474,2006,0.61
191,2,12,474,2007,0.63
191,2,12,474,2008,0.68
191,2,12,474,2009,0.72
191,2,12,474,2010,0.77
191,2,12,474,2011,0.81
191,2,12,474,2012,0.84
191,2,12,474,2013,0.87
191,2,12,474,2014,0.9
191,2,12,474,2015,0.95
191,2,12,474,2016,0.99
191,2,12,474,2017,1.03
191,2,13,474,1990,1.16
191,2,13,474,1991,1.2
191,2,13,474,1992,1.23
191,2,13,474,1993,1.26
191,2,13,474,1994,1.29
191,2,13,474,1995,1.34
191,2,13,474,1996,1.34
191,2,13,474,1997,1.33
191,2,13,474,1998,1.3
191,2,13,474,1999,1.25
191,2,13,474,2000,1.19
191,2,13,474,2001,1.13
191,2,13,474,2002,1.07
191,2,13,474,2003,1.04
191,2,13,474,2004,1
191,2,13,474,2005,0.99
191,2,13,474,2006,1.01
191,2,13,474,2007,1.03
191,2,13,474,2008,1.11
191,2,13,474,2009,1.17
191,2,13,474,2010,1.25
191,2,13,474,2011,1.32
191,2,13,474,2012,1.39
191,2,13,474,2013,1.45
191,2,13,474,2014,1.53
191,2,13,474,2015,1.63
191,2,13,474,2016,1.74
191,2,13,474,2017,1.84
191,2,14,474,1990,1.72
191,2,14,474,1991,1.8
191,2,14,474,1992,1.87
191,2,14,474,1993,1.93
191,2,14,474,1994,1.98
191,2,14,474,1995,1.94
191,2,14,474,1996,1.92
191,2,14,474,1997,1.86
191,2,14,474,1998,1.78
191,2,14,474,1999,1.68
191,2,14,474,2000,1.62
191,2,14,474,2001,1.54
191,2,14,474,2002,1.47
191,2,14,474,2003,1.44
191,2,14,474,2004,1.4
191,2,14,474,2005,1.39
191,2,14,474,2006,1.42
191,2,14,474,2007,1.45
191,2,14,474,2008,1.55
191,2,14,474,2009,1.63
191,2,14,474,2010,1.73
191,2,14,474,2011,1.82
191,2,14,474,2012,1.92
191,2,14,474,2013,2.01
191,2,14,474,2014,2.11
191,2,14,474,2015,2.23
191,2,14,474,2016,2.36
191,2,14,474,2017,2.49
191,2,15,474,1990,2.61
191,2,15,474,1991,2.73
191,2,15,474,1992,2.84
191,2,15,474,1993,2.91
191,2,15,474,1994,2.96
191,2,15,474,1995,2.96
191,2,15,474,1996,2.93
191,2,15,474,1997,2.87
191,2,15,474,1998,2.78
191,2,15,474,1999,2.63
191,2,15,474,2000,2.4
191,2,15,474,2001,2.24
191,2,15,474,2002,2.1
191,2,15,474,2003,2.01
191,2,15,474,2004,1.93
191,2,15,474,2005,1.94
191,2,15,474,2006,1.99
191,2,15,474,2007,2.05
191,2,15,474,2008,2.2
191,2,15,474,2009,2.35
191,2,15,474,2010,2.52
191,2,15,474,2011,2.68
191,2,15,474,2012,2.83
191,2,15,474,2013,2.95
191,2,15,474,2014,3.07
191,2,15,474,2015,3.22
191,2,15,474,2016,3.37
191,2,15,474,2017,3.53
191,2,16,474,1990,3.57
191,2,16,474,1991,3.72
191,2,16,474,1992,3.86
191,2,16,474,1993,3.95
191,2,16,474,1994,4.04
191,2,16,474,1995,4.09
191,2,16,474,1996,4.07
191,2,16,474,1997,3.99
191,2,16,474,1998,3.86
191,2,16,474,1999,3.65
191,2,16,474,2000,3.4
191,2,16,474,2001,3.21
191,2,16,474,2002,3.07
191,2,16,474,2003,2.99
191,2,16,474,2004,2.9
191,2,16,474,2005,2.78
191,2,16,474,2006,2.8
191,2,16,474,2007,2.84
191,2,16,474,2008,2.95
191,2,16,474,2009,3.06
191,2,16,474,2010,3.31
191,2,16,474,2011,3.49
191,2,16,474,2012,3.69
191,2,16,474,2013,3.89
191,2,16,474,2014,4.11
191,2,16,474,2015,4.35
191,2,16,474,2016,4.6
191,2,16,474,2017,4.84
191,2,17,474,1990,4.79
191,2,17,474,1991,5.07
191,2,17,474,1992,5.36
191,2,17,474,1993,5.62
191,2,17,474,1994,5.85
191,2,17,474,1995,5.96
191,2,17,474,1996,5.95
191,2,17,474,1997,5.83
191,2,17,474,1998,5.66
191,2,17,474,1999,5.38
191,2,17,474,2000,5.1
191,2,17,474,2001,4.85
191,2,17,474,2002,4.65
191,2,17,474,2003,4.54
191,2,17,474,2004,4.41
191,2,17,474,2005,4.33
191,2,17,474,2006,4.39
191,2,17,474,2007,4.49
191,2,17,474,2008,4.72
191,2,17,474,2009,4.92
191,2,17,474,2010,5.02
191,2,17,474,2011,5.23
191,2,17,474,2012,5.41
191,2,17,474,2013,5.58
191,2,17,474,2014,5.8
191,2,17,474,2015,6.23
191,2,17,474,2016,6.57
191,2,17,474,2017,6.93
191,2,18,474,1990,5.66
191,2,18,474,1991,5.93
191,2,18,474,1992,6.2
191,2,18,474,1993,6.41
191,2,18,474,1994,6.61
191,2,18,474,1995,6.75
191,2,18,474,1996,6.87
191,2,18,474,1997,6.92
191,2,18,474,1998,6.92
191,2,18,474,1999,6.78
191,2,18,474,2000,6.52
191,2,18,474,2001,6.25
191,2,18,474,2002,6
191,2,18,474,2003,5.85
191,2,18,474,2004,5.7
191,2,18,474,2005,5.65
191,2,18,474,2006,5.76
191,2,18,474,2007,5.91
191,2,18,474,2008,6.21
191,2,18,474,2009,6.48
191,2,18,474,2010,6.8
191,2,18,474,2011,7.17
191,2,18,474,2012,7.56
191,2,18,474,2013,7.93
191,2,18,474,2014,8.3
191,2,18,474,2015,8.47
191,2,18,474,2016,8.83
191,2,18,474,2017,9.12
191,2,19,474,1990,5.64
191,2,19,474,1991,5.84
191,2,19,474,1992,6.12
191,2,19,474,1993,6.43
191,2,19,474,1994,6.8
191,2,19,474,1995,7.07
191,2,19,474,1996,7.2
191,2,19,474,1997,7.19
191,2,19,474,1998,7.08
191,2,19,474,1999,6.84
191,2,19,474,2000,6.59
191,2,19,474,2001,6.46
191,2,19,474,2002,6.4
191,2,19,474,2003,6.43
191,2,19,474,2004,6.45
191,2,19,474,2005,6.48
191,2,19,474,2006,6.62
191,2,19,474,2007,6.78
191,2,19,474,2008,7.11
191,2,19,474,2009,7.41
191,2,19,474,2010,7.81
191,2,19,474,2011,8.24
191,2,19,474,2012,8.67
191,2,19,474,2013,9.09
191,2,19,474,2014,9.53
191,2,19,474,2015,9.95
191,2,19,474,2016,10.47
191,2,19,474,2017,10.98
191,2,20,474,1990,4.73
191,2,20,474,1991,4.82
191,2,20,474,1992,4.94
191,2,20,474,1993,5.05
191,2,20,474,1994,5.2
191,2,20,474,1995,5.3
191,2,20,474,1996,5.41
191,2,20,474,1997,5.51
191,2,20,474,1998,5.62
191,2,20,474,1999,5.65
191,2,20,474,2000,5.58
191,2,20,474,2001,5.51
191,2,20,474,2002,5.43
191,2,20,474,2003,5.4
191,2,20,474,2004,5.38
191,2,20,474,2005,5.43
191,2,20,474,2006,5.65
191,2,20,474,2007,5.93
191,2,20,474,2008,6.32
191,2,20,474,2009,6.71
191,2,20,474,2010,7.11
191,2,20,474,2011,7.48
191,2,20,474,2012,7.85
191,2,20,474,2013,8.23
191,2,20,474,2014,8.62
191,2,20,474,2015,9.05
191,2,20,474,2016,9.51
191,2,20,474,2017,9.95
191,2,22,474,1990,37.38
191,2,22,474,1991,38.83
191,2,22,474,1992,40.3
191,2,22,474,1993,41.55
191,2,22,474,1994,42.83
191,2,22,474,1995,43.57
191,2,22,474,1996,43.8
191,2,22,474,1997,43.52
191,2,22,474,1998,42.89
191,2,22,474,1999,41.53
191,2,22,474,2000,39.88
191,2,22,474,2001,38.57
191,2,22,474,2002,37.61
191,2,22,474,2003,37.26
191,2,22,474,2004,36.95
191,2,22,474,2005,37.01
191,2,22,474,2006,38.01
191,2,22,474,2007,39.28
191,2,22,474,2008,41.55
191,2,22,474,2009,43.71
191,2,22,474,2010,46.21
191,2,22,474,2011,48.85
191,2,22,474,2012,51.5
191,2,22,474,2013,54.09
191,2,22,474,2014,56.85
191,2,22,474,2015,59.71
191,2,22,474,2016,62.89
191,2,22,474,2017,65.96
191,2,30,474,1990,3.76
191,2,30,474,1991,3.81
191,2,30,474,1992,3.84
191,2,30,474,1993,3.88
191,2,30,474,1994,3.92
191,2,30,474,1995,3.96
191,2,30,474,1996,3.95
191,2,30,474,1997,3.92
191,2,30,474,1998,3.89
191,2,30,474,1999,3.83
191,2,30,474,2000,3.77
191,2,30,474,2001,3.8
191,2,30,474,2002,3.89
191,2,30,474,2003,4.06
191,2,30,474,2004,4.24
191,2,30,474,2005,4.41
191,2,30,474,2006,4.62
191,2,30,474,2007,4.83
191,2,30,474,2008,5.1
191,2,30,474,2009,5.37
191,2,30,474,2010,5.7
191,2,30,474,2011,6.11
191,2,30,474,2012,6.58
191,2,30,474,2013,7.07
191,2,30,474,2014,7.57
191,2,30,474,2015,8.01
191,2,30,474,2016,8.45
191,2,30,474,2017,8.87
191,2,31,474,1990,1.49
191,2,31,474,1991,1.53
191,2,31,474,1992,1.54
191,2,31,474,1993,1.53
191,2,31,474,1994,1.52
191,2,31,474,1995,1.5
191,2,31,474,1996,1.48
191,2,31,474,1997,1.45
191,2,31,474,1998,1.41
191,2,31,474,1999,1.36
191,2,31,474,2000,1.33
191,2,31,474,2001,1.31
191,2,31,474,2002,1.3
191,2,31,474,2003,1.32
191,2,31,474,2004,1.35
191,2,31,474,2005,1.41
191,2,31,474,2006,1.51
191,2,31,474,2007,1.65
191,2,31,474,2008,1.82
191,2,31,474,2009,2.02
191,2,31,474,2010,2.21
191,2,31,474,2011,2.4
191,2,31,474,2012,2.58
191,2,31,474,2013,2.75
191,2,31,474,2014,2.93
191,2,31,474,2015,3.12
191,2,31,474,2016,3.37
191,2,31,474,2017,3.63
191,2,32,474,1990,0.22
191,2,32,474,1991,0.24
191,2,32,474,1992,0.27
191,2,32,474,1993,0.3
191,2,32,474,1994,0.32
191,2,32,474,1995,0.34
191,2,32,474,1996,0.34
191,2,32,474,1997,0.34
191,2,32,474,1998,0.32
191,2,32,474,1999,0.31
191,2,32,474,2000,0.3
191,2,32,474,2001,0.3
191,2,32,474,2002,0.29
191,2,32,474,2003,0.29
191,2,32,474,2004,0.29
191,2,32,474,2005,0.3
191,2,32,474,2006,0.32
191,2,32,474,2007,0.33
191,2,32,474,2008,0.36
191,2,32,474,2009,0.39
191,2,32,474,2010,0.42
191,2,32,474,2011,0.47
191,2,32,474,2012,0.53
191,2,32,474,2013,0.59
191,2,32,474,2014,0.66
191,2,32,474,2015,0.73
191,2,32,474,2016,0.79
191,2,32,474,2017,0.85
191,2,235,474,1990,0.03
191,2,235,474,1991,0.03
191,2,235,474,1992,0.03
191,2,235,474,1993,0.04
191,2,235,474,1994,0.04
191,2,235,474,1995,0.04
191,2,235,474,1996,0.05
191,2,235,474,1997,0.05
191,2,235,474,1998,0.05
191,2,235,474,1999,0.05
191,2,235,474,2000,0.05
191,2,235,474,2001,0.05
191,2,235,474,2002,0.05
191,2,235,474,2003,0.05
191,2,235,474,2004,0.05
191,2,235,474,2005,0.05
191,2,235,474,2006,0.05
191,2,235,474,2007,0.05
191,2,235,474,2008,0.06
191,2,235,474,2009,0.06
191,2,235,474,2010,0.06
191,2,235,474,2011,0.07
191,2,235,474,2012,0.07
191,2,235,474,2013,0.08
191,2,235,474,2014,0.09
191,2,235,474,2015,0.1
191,2,235,474,2016,0.11
191,2,235,474,2017,0.12
193,2,8,474,1990,0.01
193,2,8,474,1991,0.01
193,2,8,474,1992,0.01
193,2,8,474,1993,0.01
193,2,8,474,1994,0.01
193,2,8,474,1995,0.01
193,2,8,474,1996,0.01
193,2,8,474,1997,0.01
193,2,8,474,1998,0.01
193,2,8,474,1999,0.01
193,2,8,474,2000,0.01
193,2,8,474,2001,0.01
193,2,8,474,2002,0.02
193,2,8,474,2003,0.02
193,2,8,474,2004,0.02
193,2,8,474,2005,0.02
193,2,8,474,2006,0.02
193,2,8,474,2007,0.02
193,2,8,474,2008,0.02
193,2,8,474,2009,0.02
193,2,8,474,2010,0.02
193,2,8,474,2011,0.02
193,2,8,474,2012,0.02
193,2,8,474,2013,0.02
193,2,8,474,2014,0.02
193,2,8,474,2015,0.02
193,2,8,474,2016,0.01
193,2,8,474,2017,0.01
193,2,9,474,1990,0.02
193,2,9,474,1991,0.02
193,2,9,474,1992,0.02
193,2,9,474,1993,0.02
193,2,9,474,1994,0.02
193,2,9,474,1995,0.02
193,2,9,474,1996,0.02
193,2,9,474,1997,0.02
193,2,9,474,1998,0.02
193,2,9,474,1999,0.02
193,2,9,474,2000,0.02
193,2,9,474,2001,0.02
193,2,9,474,2002,0.02
193,2,9,474,2003,0.02
193,2,9,474,2004,0.03
193,2,9,474,2005,0.03
193,2,9,474,2006,0.03
193,2,9,474,2007,0.03
193,2,9,474,2008,0.03
193,2,9,474,2009,0.03
193,2,9,474,2010,0.03
193,2,9,474,2011,0.03
193,2,9,474,2012,0.03
193,2,9,474,2013,0.03
193,2,9,474,2014,0.03
193,2,9,474,2015,0.03
193,2,9,474,2016,0.03
193,2,9,474,2017,0.03
193,2,10,474,1990,0.04
193,2,10,474,1991,0.04
193,2,10,474,1992,0.04
193,2,10,474,1993,0.04
193,2,10,474,1994,0.04
193,2,10,474,1995,0.04
193,2,10,474,1996,0.04
193,2,10,474,1997,0.04
193,2,10,474,1998,0.04
193,2,10,474,1999,0.04
193,2,10,474,2000,0.04
193,2,10,474,2001,0.05
193,2,10,474,2002,0.05
193,2,10,474,2003,0.06
193,2,10,474,2004,0.06
193,2,10,474,2005,0.07
193,2,10,474,2006,0.06
193,2,10,474,2007,0.07
193,2,10,474,2008,0.07
193,2,10,474,2009,0.08
193,2,10,474,2010,0.08
193,2,10,474,2011,0.08
193,2,10,474,2012,0.08
193,2,10,474,2013,0.08
193,2,10,474,2014,0.08
193,2,10,474,2015,0.08
193,2,10,474,2016,0.07
193,2,10,474,2017,0.07
193,2,11,474,1990,0.06
193,2,11,474,1991,0.06
193,2,11,474,1992,0.06
193,2,11,474,1993,0.06
193,2,11,474,1994,0.06
193,2,11,474,1995,0.06
193,2,11,474,1996,0.06
193,2,11,474,1997,0.06
193,2,11,474,1998,0.05
193,2,11,474,1999,0.06
193,2,11,474,2000,0.06
193,2,11,474,2001,0.06
193,2,11,474,2002,0.07
193,2,11,474,2003,0.08
193,2,11,474,2004,0.09
193,2,11,474,2005,0.09
193,2,11,474,2006,0.09
193,2,11,474,2007,0.09
193,2,11,474,2008,0.1
193,2,11,474,2009,0.11
193,2,11,474,2010,0.12
193,2,11,474,2011,0.12
193,2,11,474,2012,0.13
193,2,11,474,2013,0.13
193,2,11,474,2014,0.13
193,2,11,474,2015,0.13
193,2,11,474,2016,0.13
193,2,11,474,2017,0.12
193,2,12,474,1990,0.09
193,2,12,474,1991,0.09
193,2,12,474,1992,0.1
193,2,12,474,1993,0.1
193,2,12,474,1994,0.1
193,2,12,474,1995,0.1
193,2,12,474,1996,0.09
193,2,12,474,1997,0.09
193,2,12,474,1998,0.09
193,2,12,474,1999,0.09
193,2,12,474,2000,0.09
193,2,12,474,2001,0.1
193,2,12,474,2002,0.11
193,2,12,474,2003,0.13
193,2,12,474,2004,0.14
193,2,12,474,2005,0.14
193,2,12,474,2006,0.14
193,2,12,474,2007,0.14
193,2,12,474,2008,0.16
193,2,12,474,2009,0.17
193,2,12,474,2010,0.18
193,2,12,474,2011,0.19
193,2,12,474,2012,0.19
193,2,12,474,2013,0.2
193,2,12,474,2014,0.2
193,2,12,474,2015,0.21
193,2,12,474,2016,0.2
193,2,12,474,2017,0.21
193,2,13,474,1990,0.12
193,2,13,474,1991,0.13
193,2,13,474,1992,0.13
193,2,13,474,1993,0.14
193,2,13,474,1994,0.14
193,2,13,474,1995,0.14
193,2,13,474,1996,0.13
193,2,13,474,1997,0.13
193,2,13,474,1998,0.13
193,2,13,474,1999,0.13
193,2,13,474,2000,0.14
193,2,13,474,2001,0.15
193,2,13,474,2002,0.17
193,2,13,474,2003,0.19
193,2,13,474,2004,0.2
193,2,13,474,2005,0.21
193,2,13,474,2006,0.21
193,2,13,474,2007,0.22
193,2,13,474,2008,0.24
193,2,13,474,2009,0.26
193,2,13,474,2010,0.26
193,2,13,474,2011,0.26
193,2,13,474,2012,0.27
193,2,13,474,2013,0.27
193,2,13,474,2014,0.28
193,2,13,474,2015,0.29
193,2,13,474,2016,0.29
193,2,13,474,2017,0.29
193,2,14,474,1990,0.18
193,2,14,474,1991,0.18
193,2,14,474,1992,0.18
193,2,14,474,1993,0.18
193,2,14,474,1994,0.18
193,2,14,474,1995,0.17
193,2,14,474,1996,0.17
193,2,14,474,1997,0.17
193,2,14,474,1998,0.17
193,2,14,474,1999,0.18
193,2,14,474,2000,0.2
193,2,14,474,2001,0.21
193,2,14,474,2002,0.24
193,2,14,474,2003,0.27
193,2,14,474,2004,0.3
193,2,14,474,2005,0.31
193,2,14,474,2006,0.32
193,2,14,474,2007,0.34
193,2,14,474,2008,0.38
193,2,14,474,2009,0.4
193,2,14,474,2010,0.4
193,2,14,474,2011,0.41
193,2,14,474,2012,0.41
193,2,14,474,2013,0.41
193,2,14,474,2014,0.42
193,2,14,474,2015,0.41
193,2,14,474,2016,0.4
193,2,14,474,2017,0.41
193,2,15,474,1990,0.26
193,2,15,474,1991,0.26
193,2,15,474,1992,0.26
193,2,15,474,1993,0.26
193,2,15,474,1994,0.26
193,2,15,474,1995,0.25
193,2,15,474,1996,0.23
193,2,15,474,1997,0.22
193,2,15,474,1998,0.22
193,2,15,474,1999,0.22
193,2,15,474,2000,0.23
193,2,15,474,2001,0.26
193,2,15,474,2002,0.3
193,2,15,474,2003,0.35
193,2,15,474,2004,0.39
193,2,15,474,2005,0.44
193,2,15,474,2006,0.45
193,2,15,474,2007,0.48
193,2,15,474,2008,0.54
193,2,15,474,2009,0.56
193,2,15,474,2010,0.57
193,2,15,474,2011,0.59
193,2,15,474,2012,0.59
193,2,15,474,2013,0.6
193,2,15,474,2014,0.61
193,2,15,474,2015,0.61
193,2,15,474,2016,0.6
193,2,15,474,2017,0.6
193,2,16,474,1990,0.31
193,2,16,474,1991,0.32
193,2,16,474,1992,0.33
193,2,16,474,1993,0.33
193,2,16,474,1994,0.33
193,2,16,474,1995,0.31
193,2,16,474,1996,0.29
193,2,16,474,1997,0.28
193,2,16,474,1998,0.27
193,2,16,474,1999,0.27
193,2,16,474,2000,0.29
193,2,16,474,2001,0.31
193,2,16,474,2002,0.34
193,2,16,474,2003,0.39
193,2,16,474,2004,0.43
193,2,16,474,2005,0.44
193,2,16,474,2006,0.47
193,2,16,474,2007,0.51
193,2,16,474,2008,0.58
193,2,16,474,2009,0.63
193,2,16,474,2010,0.68
193,2,16,474,2011,0.7
193,2,16,474,2012,0.71
193,2,16,474,2013,0.74
193,2,16,474,2014,0.76
193,2,16,474,2015,0.77
193,2,16,474,2016,0.76
193,2,16,474,2017,0.76
193,2,17,474,1990,0.41
193,2,17,474,1991,0.41
193,2,17,474,1992,0.42
193,2,17,474,1993,0.43
193,2,17,474,1994,0.43
193,2,17,474,1995,0.42
193,2,17,474,1996,0.4
193,2,17,474,1997,0.38
193,2,17,474,1998,0.37
193,2,17,474,1999,0.38
193,2,17,474,2000,0.39
193,2,17,474,2001,0.41
193,2,17,474,2002,0.45
193,2,17,474,2003,0.5
193,2,17,474,2004,0.54
193,2,17,474,2005,0.56
193,2,17,474,2006,0.56
193,2,17,474,2007,0.58
193,2,17,474,2008,0.62
193,2,17,474,2009,0.65
193,2,17,474,2010,0.64
193,2,17,474,2011,0.69
193,2,17,474,2012,0.72
193,2,17,474,2013,0.77
193,2,17,474,2014,0.81
193,2,17,474,2015,0.86
193,2,17,474,2016,0.86
193,2,17,474,2017,0.88
193,2,18,474,1990,0.5
193,2,18,474,1991,0.52
193,2,18,474,1992,0.54
193,2,18,474,1993,0.55
193,2,18,474,1994,0.57
193,2,18,474,1995,0.56
193,2,18,474,1996,0.52
193,2,18,474,1997,0.5
193,2,18,474,1998,0.5
193,2,18,474,1999,0.51
193,2,18,474,2000,0.54
193,2,18,474,2001,0.58
193,2,18,474,2002,0.64
193,2,18,474,2003,0.7
193,2,18,474,2004,0.74
193,2,18,474,2005,0.75
193,2,18,474,2006,0.75
193,2,18,474,2007,0.76
193,2,18,474,2008,0.81
193,2,18,474,2009,0.83
193,2,18,474,2010,0.82
193,2,18,474,2011,0.83
193,2,18,474,2012,0.83
193,2,18,474,2013,0.86
193,2,18,474,2014,0.89
193,2,18,474,2015,0.87
193,2,18,474,2016,0.91
193,2,18,474,2017,0.96
193,2,19,474,1990,0.56
193,2,19,474,1991,0.58
193,2,19,474,1992,0.61
193,2,19,474,1993,0.64
193,2,19,474,1994,0.66
193,2,19,474,1995,0.66
193,2,19,474,1996,0.63
193,2,19,474,1997,0.62
193,2,19,474,1998,0.62
193,2,19,474,1999,0.63
193,2,19,474,2000,0.66
193,2,19,474,2001,0.71
193,2,19,474,2002,0.79
193,2,19,474,2003,0.88
193,2,19,474,2004,0.94
193,2,19,474,2005,0.98
193,2,19,474,2006,0.99
193,2,19,474,2007,1
193,2,19,474,2008,1.04
193,2,19,474,2009,1.05
193,2,19,474,2010,1.02
193,2,19,474,2011,1.01
193,2,19,474,2012,1.02
193,2,19,474,2013,1.04
193,2,19,474,2014,1.06
193,2,19,474,2015,1.05
193,2,19,474,2016,1.03
193,2,19,474,2017,1.03
193,2,20,474,1990,0.63
193,2,20,474,1991,0.67
193,2,20,474,1992,0.7
193,2,20,474,1993,0.74
193,2,20,474,1994,0.76
193,2,20,474,1995,0.78
193,2,20,474,1996,0.76
193,2,20,474,1997,0.75
193,2,20,474,1998,0.77
193,2,20,474,1999,0.8
193,2,20,474,2000,0.85
193,2,20,474,2001,0.93
193,2,20,474,2002,1.04
193,2,20,474,2003,1.15
193,2,20,474,2004,1.24
193,2,20,474,2005,1.28
193,2,20,474,2006,1.29
193,2,20,474,2007,1.33
193,2,20,474,2008,1.39
193,2,20,474,2009,1.42
193,2,20,474,2010,1.42
193,2,20,474,2011,1.43
193,2,20,474,2012,1.43
193,2,20,474,2013,1.45
193,2,20,474,2014,1.46
193,2,20,474,2015,1.43
193,2,20,474,2016,1.39
193,2,20,474,2017,1.38
193,2,22,474,1990,3.99
193,2,22,474,1991,4.16
193,2,22,474,1992,4.33
193,2,22,474,1993,4.5
193,2,22,474,1994,4.63
193,2,22,474,1995,4.64
193,2,22,474,1996,4.47
193,2,22,474,1997,4.41
193,2,22,474,1998,4.47
193,2,22,474,1999,4.64
193,2,22,474,2000,4.94
193,2,22,474,2001,5.38
193,2,22,474,2002,6.01
193,2,22,474,2003,6.68
193,2,22,474,2004,7.22
193,2,22,474,2005,7.54
193,2,22,474,2006,7.71
193,2,22,474,2007,7.97
193,2,22,474,2008,8.49
193,2,22,474,2009,8.75
193,2,22,474,2010,8.78
193,2,22,474,2011,8.96
193,2,22,474,2012,9.1
193,2,22,474,2013,9.36
193,2,22,474,2014,9.62
193,2,22,474,2015,9.67
193,2,22,474,2016,9.58
193,2,22,474,2017,9.66
193,2,30,474,1990,0.45
193,2,30,474,1991,0.48
193,2,30,474,1992,0.51
193,2,30,474,1993,0.55
193,2,30,474,1994,0.58
193,2,30,474,1995,0.61
193,2,30,474,1996,0.61
193,2,30,474,1997,0.61
193,2,30,474,1998,0.64
193,2,30,474,1999,0.67
193,2,30,474,2000,0.73
193,2,30,474,2001,0.8
193,2,30,474,2002,0.9
193,2,30,474,2003,1
193,2,30,474,2004,1.09
193,2,30,474,2005,1.15
193,2,30,474,2006,1.18
193,2,30,474,2007,1.22
193,2,30,474,2008,1.28
193,2,30,474,2009,1.3
193,2,30,474,2010,1.29
193,2,30,474,2011,1.28
193,2,30,474,2012,1.3
193,2,30,474,2013,1.34
193,2,30,474,2014,1.38
193,2,30,474,2015,1.4
193,2,30,474,2016,1.39
193,2,30,474,2017,1.39
193,2,31,474,1990,0.26
193,2,31,474,1991,0.27
193,2,31,474,1992,0.29
193,2,31,474,1993,0.31
193,2,31,474,1994,0.33
193,2,31,474,1995,0.35
193,2,31,474,1996,0.35
193,2,31,474,1997,0.37
193,2,31,474,1998,0.4
193,2,31,474,1999,0.43
193,2,31,474,2000,0.47
193,2,31,474,2001,0.52
193,2,31,474,2002,0.58
193,2,31,474,2003,0.63
193,2,31,474,2004,0.68
193,2,31,474,2005,0.73
193,2,31,474,2006,0.76
193,2,31,474,2007,0.79
193,2,31,474,2008,0.82
193,2,31,474,2009,0.83
193,2,31,474,2010,0.84
193,2,31,474,2011,0.85
193,2,31,474,2012,0.87
193,2,31,474,2013,0.91
193,2,31,474,2014,0.94
193,2,31,474,2015,0.94
193,2,31,474,2016,0.94
193,2,31,474,2017,0.95
193,2,32,474,1990,0.09
193,2,32,474,1991,0.1
193,2,32,474,1992,0.11
193,2,32,474,1993,0.12
193,2,32,474,1994,0.13
193,2,32,474,1995,0.14
193,2,32,474,1996,0.14
193,2,32,474,1997,0.15
193,2,32,474,1998,0.16
193,2,32,474,1999,0.18
193,2,32,474,2000,0.19
193,2,32,474,2001,0.21
193,2,32,474,2002,0.24
193,2,32,474,2003,0.27
193,2,32,474,2004,0.29
193,2,32,474,2005,0.31
193,2,32,474,2006,0.33
193,2,32,474,2007,0.34
193,2,32,474,2008,0.35
193,2,32,474,2009,0.36
193,2,32,474,2010,0.37
193,2,32,474,2011,0.39
193,2,32,474,2012,0.41
193,2,32,474,2013,0.44
193,2,32,474,2014,0.46
193,2,32,474,2015,0.47
193,2,32,474,2016,0.48
193,2,32,474,2017,0.48
193,2,235,474,1990,0.01
193,2,235,474,1991,0.01
193,2,235,474,1992,0.02
193,2,235,474,1993,0.02
193,2,235,474,1994,0.02
193,2,235,474,1995,0.02
193,2,235,474,1996,0.02
193,2,235,474,1997,0.02
193,2,235,474,1998,0.02
193,2,235,474,1999,0.03
193,2,235,474,2000,0.03
193,2,235,474,2001,0.03
193,2,235,474,2002,0.04
193,2,235,474,2003,0.04
193,2,235,474,2004,0.04
193,2,235,474,2005,0.05
193,2,235,474,2006,0.05
193,2,235,474,2007,0.05
193,2,235,474,2008,0.06
193,2,235,474,2009,0.06
193,2,235,474,2010,0.06
193,2,235,474,2011,0.07
193,2,235,474,2012,0.07
193,2,235,474,2013,0.08
193,2,235,474,2014,0.08
193,2,235,474,2015,0.09
193,2,235,474,2016,0.09
193,2,235,474,2017,0.09
194,2,8,474,1990,0.01
194,2,8,474,1991,0.01
194,2,8,474,1992,0.01
194,2,8,474,1993,0.01
194,2,8,474,1994,0.01
194,2,8,474,1995,0.01
194,2,8,474,1996,0.02
194,2,8,474,1997,0.02
194,2,8,474,1998,0.02
194,2,8,474,1999,0.02
194,2,8,474,2000,0.02
194,2,8,474,2001,0.02
194,2,8,474,2002,0.02
194,2,8,474,2003,0.02
194,2,8,474,2004,0.02
194,2,8,474,2005,0.02
194,2,8,474,2006,0.02
194,2,8,474,2007,0.02
194,2,8,474,2008,0.02
194,2,8,474,2009,0.02
194,2,8,474,2010,0.02
194,2,8,474,2011,0.02
194,2,8,474,2012,0.02
194,2,8,474,2013,0.02
194,2,8,474,2014,0.02
194,2,8,474,2015,0.02
194,2,8,474,2016,0.02
194,2,8,474,2017,0.01
194,2,9,474,1990,0.02
194,2,9,474,1991,0.02
194,2,9,474,1992,0.02
194,2,9,474,1993,0.02
194,2,9,474,1994,0.02
194,2,9,474,1995,0.02
194,2,9,474,1996,0.02
194,2,9,474,1997,0.02
194,2,9,474,1998,0.02
194,2,9,474,1999,0.02
194,2,9,474,2000,0.02
194,2,9,474,2001,0.03
194,2,9,474,2002,0.03
194,2,9,474,2003,0.03
194,2,9,474,2004,0.03
194,2,9,474,2005,0.03
194,2,9,474,2006,0.03
194,2,9,474,2007,0.03
194,2,9,474,2008,0.03
194,2,9,474,2009,0.03
194,2,9,474,2010,0.03
194,2,9,474,2011,0.03
194,2,9,474,2012,0.03
194,2,9,474,2013,0.03
194,2,9,474,2014,0.03
194,2,9,474,2015,0.03
194,2,9,474,2016,0.03
194,2,9,474,2017,0.02
194,2,10,474,1990,0.05
194,2,10,474,1991,0.05
194,2,10,474,1992,0.04
194,2,10,474,1993,0.05
194,2,10,474,1994,0.05
194,2,10,474,1995,0.05
194,2,10,474,1996,0.05
194,2,10,474,1997,0.05
194,2,10,474,1998,0.05
194,2,10,474,1999,0.05
194,2,10,474,2000,0.05
194,2,10,474,2001,0.06
194,2,10,474,2002,0.06
194,2,10,474,2003,0.07
194,2,10,474,2004,0.07
194,2,10,474,2005,0.07
194,2,10,474,2006,0.07
194,2,10,474,2007,0.07
194,2,10,474,2008,0.07
194,2,10,474,2009,0.07
194,2,10,474,2010,0.07
194,2,10,474,2011,0.07
194,2,10,474,2012,0.07
194,2,10,474,2013,0.07
194,2,10,474,2014,0.07
194,2,10,474,2015,0.07
194,2,10,474,2016,0.07
194,2,10,474,2017,0.06
194,2,11,474,1990,0.06
194,2,11,474,1991,0.07
194,2,11,474,1992,0.07
194,2,11,474,1993,0.07
194,2,11,474,1994,0.07
194,2,11,474,1995,0.07
194,2,11,474,1996,0.07
194,2,11,474,1997,0.07
194,2,11,474,1998,0.08
194,2,11,474,1999,0.08
194,2,11,474,2000,0.08
194,2,11,474,2001,0.08
194,2,11,474,2002,0.09
194,2,11,474,2003,0.09
194,2,11,474,2004,0.09
194,2,11,474,2005,0.1
194,2,11,474,2006,0.09
194,2,11,474,2007,0.09
194,2,11,474,2008,0.1
194,2,11,474,2009,0.1
194,2,11,474,2010,0.1
194,2,11,474,2011,0.1
194,2,11,474,2012,0.11
194,2,11,474,2013,0.11
194,2,11,474,2014,0.12
194,2,11,474,2015,0.12
194,2,11,474,2016,0.11
194,2,11,474,2017,0.1
194,2,12,474,1990,0.11
194,2,12,474,1991,0.1
194,2,12,474,1992,0.1
194,2,12,474,1993,0.11
194,2,12,474,1994,0.11
194,2,12,474,1995,0.11
194,2,12,474,1996,0.11
194,2,12,474,1997,0.12
194,2,12,474,1998,0.13
194,2,12,474,1999,0.13
194,2,12,474,2000,0.14
194,2,12,474,2001,0.15
194,2,12,474,2002,0.15
194,2,12,474,2003,0.16
194,2,12,474,2004,0.16
194,2,12,474,2005,0.16
194,2,12,474,2006,0.15
194,2,12,474,2007,0.15
194,2,12,474,2008,0.15
194,2,12,474,2009,0.15
194,2,12,474,2010,0.15
194,2,12,474,2011,0.15
194,2,12,474,2012,0.16
194,2,12,474,2013,0.17
194,2,12,474,2014,0.17
194,2,12,474,2015,0.18
194,2,12,474,2016,0.17
194,2,12,474,2017,0.17
194,2,13,474,1990,0.15
194,2,13,474,1991,0.16
194,2,13,474,1992,0.16
194,2,13,474,1993,0.17
194,2,13,474,1994,0.17
194,2,13,474,1995,0.17
194,2,13,474,1996,0.17
194,2,13,474,1997,0.18
194,2,13,474,1998,0.2
194,2,13,474,1999,0.22
194,2,13,474,2000,0.24
194,2,13,474,2001,0.25
194,2,13,474,2002,0.26
194,2,13,474,2003,0.27
194,2,13,474,2004,0.27
194,2,13,474,2005,0.27
194,2,13,474,2006,0.26
194,2,13,474,2007,0.26
194,2,13,474,2008,0.26
194,2,13,474,2009,0.25
194,2,13,474,2010,0.24
194,2,13,474,2011,0.24
194,2,13,474,2012,0.24
194,2,13,474,2013,0.25
194,2,13,474,2014,0.25
194,2,13,474,2015,0.25
194,2,13,474,2016,0.25
194,2,13,474,2017,0.24
194,2,14,474,1990,0.24
194,2,14,474,1991,0.24
194,2,14,474,1992,0.24
194,2,14,474,1993,0.24
194,2,14,474,1994,0.25
194,2,14,474,1995,0.26
194,2,14,474,1996,0.27
194,2,14,474,1997,0.28
194,2,14,474,1998,0.31
194,2,14,474,1999,0.34
194,2,14,474,2000,0.39
194,2,14,474,2001,0.39
194,2,14,474,2002,0.41
194,2,14,474,2003,0.44
194,2,14,474,2004,0.45
194,2,14,474,2005,0.45
194,2,14,474,2006,0.45
194,2,14,474,2007,0.44
194,2,14,474,2008,0.45
194,2,14,474,2009,0.43
194,2,14,474,2010,0.42
194,2,14,474,2011,0.41
194,2,14,474,2012,0.41
194,2,14,474,2013,0.42
194,2,14,474,2014,0.41
194,2,14,474,2015,0.4
194,2,14,474,2016,0.38
194,2,14,474,2017,0.36
194,2,15,474,1990,0.38
194,2,15,474,1991,0.38
194,2,15,474,1992,0.38
194,2,15,474,1993,0.38
194,2,15,474,1994,0.39
194,2,15,474,1995,0.39
194,2,15,474,1996,0.39
194,2,15,474,1997,0.41
194,2,15,474,1998,0.46
194,2,15,474,1999,0.5
194,2,15,474,2000,0.56
194,2,15,474,2001,0.59
194,2,15,474,2002,0.63
194,2,15,474,2003,0.68
194,2,15,474,2004,0.69
194,2,15,474,2005,0.7
194,2,15,474,2006,0.68
194,2,15,474,2007,0.68
194,2,15,474,2008,0.69
194,2,15,474,2009,0.68
194,2,15,474,2010,0.68
194,2,15,474,2011,0.68
194,2,15,474,2012,0.69
194,2,15,474,2013,0.69
194,2,15,474,2014,0.68
194,2,15,474,2015,0.67
194,2,15,474,2016,0.64
194,2,15,474,2017,0.6
194,2,16,474,1990,0.51
194,2,16,474,1991,0.5
194,2,16,474,1992,0.49
194,2,16,474,1993,0.49
194,2,16,474,1994,0.49
194,2,16,474,1995,0.48
194,2,16,474,1996,0.48
194,2,16,474,1997,0.49
194,2,16,474,1998,0.53
194,2,16,474,1999,0.57
194,2,16,474,2000,0.64
194,2,16,474,2001,0.66
194,2,16,474,2002,0.69
194,2,16,474,2003,0.74
194,2,16,474,2004,0.76
194,2,16,474,2005,0.77
194,2,16,474,2006,0.79
194,2,16,474,2007,0.81
194,2,16,474,2008,0.84
194,2,16,474,2009,0.83
194,2,16,474,2010,0.84
194,2,16,474,2011,0.83
194,2,16,474,2012,0.84
194,2,16,474,2013,0.85
194,2,16,474,2014,0.86
194,2,16,474,2015,0.86
194,2,16,474,2016,0.84
194,2,16,474,2017,0.8
194,2,17,474,1990,0.64
194,2,17,474,1991,0.64
194,2,17,474,1992,0.65
194,2,17,474,1993,0.65
194,2,17,474,1994,0.67
194,2,17,474,1995,0.68
194,2,17,474,1996,0.68
194,2,17,474,1997,0.7
194,2,17,474,1998,0.76
194,2,17,474,1999,0.8
194,2,17,474,2000,0.87
194,2,17,474,2001,0.88
194,2,17,474,2002,0.91
194,2,17,474,2003,0.94
194,2,17,474,2004,0.94
194,2,17,474,2005,0.94
194,2,17,474,2006,0.92
194,2,17,474,2007,0.93
194,2,17,474,2008,0.95
194,2,17,474,2009,0.94
194,2,17,474,2010,0.95
194,2,17,474,2011,0.98
194,2,17,474,2012,1.02
194,2,17,474,2013,1.05
194,2,17,474,2014,1.06
194,2,17,474,2015,1.07
194,2,17,474,2016,1.03
194,2,17,474,2017,0.99
194,2,18,474,1990,0.77
194,2,18,474,1991,0.78
194,2,18,474,1992,0.8
194,2,18,474,1993,0.81
194,2,18,474,1994,0.82
194,2,18,474,1995,0.83
194,2,18,474,1996,0.85
194,2,18,474,1997,0.88
194,2,18,474,1998,0.97
194,2,18,474,1999,1.05
194,2,18,474,2000,1.15
194,2,18,474,2001,1.18
194,2,18,474,2002,1.21
194,2,18,474,2003,1.25
194,2,18,474,2004,1.25
194,2,18,474,2005,1.24
194,2,18,474,2006,1.22
194,2,18,474,2007,1.21
194,2,18,474,2008,1.21
194,2,18,474,2009,1.18
194,2,18,474,2010,1.16
194,2,18,474,2011,1.15
194,2,18,474,2012,1.18
194,2,18,474,2013,1.2
194,2,18,474,2014,1.22
194,2,18,474,2015,1.23
194,2,18,474,2016,1.23
194,2,18,474,2017,1.21
194,2,19,474,1990,0.89
194,2,19,474,1991,0.9
194,2,19,474,1992,0.91
194,2,19,474,1993,0.93
194,2,19,474,1994,0.96
194,2,19,474,1995,0.97
194,2,19,474,1996,1
194,2,19,474,1997,1.04
194,2,19,474,1998,1.14
194,2,19,474,1999,1.21
194,2,19,474,2000,1.32
194,2,19,474,2001,1.35
194,2,19,474,2002,1.4
194,2,19,474,2003,1.47
194,2,19,474,2004,1.49
194,2,19,474,2005,1.5
194,2,19,474,2006,1.49
194,2,19,474,2007,1.48
194,2,19,474,2008,1.49
194,2,19,474,2009,1.45
194,2,19,474,2010,1.44
194,2,19,474,2011,1.42
194,2,19,474,2012,1.43
194,2,19,474,2013,1.44
194,2,19,474,2014,1.43
194,2,19,474,2015,1.42
194,2,19,474,2016,1.37
194,2,19,474,2017,1.33
194,2,20,474,1990,1.04
194,2,20,474,1991,1.05
194,2,20,474,1992,1.07
194,2,20,474,1993,1.1
194,2,20,474,1994,1.13
194,2,20,474,1995,1.16
194,2,20,474,1996,1.19
194,2,20,474,1997,1.24
194,2,20,474,1998,1.36
194,2,20,474,1999,1.46
194,2,20,474,2000,1.6
194,2,20,474,2001,1.64
194,2,20,474,2002,1.71
194,2,20,474,2003,1.78
194,2,20,474,2004,1.78
194,2,20,474,2005,1.78
194,2,20,474,2006,1.75
194,2,20,474,2007,1.74
194,2,20,474,2008,1.77
194,2,20,474,2009,1.75
194,2,20,474,2010,1.75
194,2,20,474,2011,1.75
194,2,20,474,2012,1.77
194,2,20,474,2013,1.78
194,2,20,474,2014,1.77
194,2,20,474,2015,1.76
194,2,20,474,2016,1.7
194,2,20,474,2017,1.62
194,2,22,474,1990,6.32
194,2,22,474,1991,6.36
194,2,22,474,1992,6.45
194,2,22,474,1993,6.56
194,2,22,474,1994,6.72
194,2,22,474,1995,6.83
194,2,22,474,1996,6.97
194,2,22,474,1997,7.26
194,2,22,474,1998,7.93
194,2,22,474,1999,8.49
194,2,22,474,2000,9.27
194,2,22,474,2001,9.52
194,2,22,474,2002,9.92
194,2,22,474,2003,10.4
194,2,22,474,2004,10.5
194,2,22,474,2005,10.56
194,2,22,474,2006,10.46
194,2,22,474,2007,10.45
194,2,22,474,2008,10.61
194,2,22,474,2009,10.45
194,2,22,474,2010,10.42
194,2,22,474,2011,10.39
194,2,22,474,2012,10.56
194,2,22,474,2013,10.72
194,2,22,474,2014,10.74
194,2,22,474,2015,10.74
194,2,22,474,2016,10.44
194,2,22,474,2017,10.06
194,2,30,474,1990,0.78
194,2,30,474,1991,0.79
194,2,30,474,1992,0.81
194,2,30,474,1993,0.83
194,2,30,474,1994,0.86
194,2,30,474,1995,0.88
194,2,30,474,1996,0.91
194,2,30,474,1997,0.96
194,2,30,474,1998,1.05
194,2,30,474,1999,1.12
194,2,30,474,2000,1.21
194,2,30,474,2001,1.26
194,2,30,474,2002,1.31
194,2,30,474,2003,1.37
194,2,30,474,2004,1.39
194,2,30,474,2005,1.41
194,2,30,474,2006,1.4
194,2,30,474,2007,1.41
194,2,30,474,2008,1.42
194,2,30,474,2009,1.4
194,2,30,474,2010,1.39
194,2,30,474,2011,1.38
194,2,30,474,2012,1.4
194,2,30,474,2013,1.42
194,2,30,474,2014,1.43
194,2,30,474,2015,1.44
194,2,30,474,2016,1.41
194,2,30,474,2017,1.36
194,2,31,474,1990,0.46
194,2,31,474,1991,0.45
194,2,31,474,1992,0.46
194,2,31,474,1993,0.47
194,2,31,474,1994,0.49
194,2,31,474,1995,0.5
194,2,31,474,1996,0.51
194,2,31,474,1997,0.54
194,2,31,474,1998,0.59
194,2,31,474,1999,0.63
194,2,31,474,2000,0.67
194,2,31,474,2001,0.69
194,2,31,474,2002,0.72
194,2,31,474,2003,0.75
194,2,31,474,2004,0.76
194,2,31,474,2005,0.77
194,2,31,474,2006,0.77
194,2,31,474,2007,0.78
194,2,31,474,2008,0.79
194,2,31,474,2009,0.79
194,2,31,474,2010,0.8
194,2,31,474,2011,0.8
194,2,31,474,2012,0.81
194,2,31,474,2013,0.82
194,2,31,474,2014,0.82
194,2,31,474,2015,0.82
194,2,31,474,2016,0.8
194,2,31,474,2017,0.79
194,2,32,474,1990,0.19
194,2,32,474,1991,0.2
194,2,32,474,1992,0.21
194,2,32,474,1993,0.21
194,2,32,474,1994,0.21
194,2,32,474,1995,0.21
194,2,32,474,1996,0.21
194,2,32,474,1997,0.22
194,2,32,474,1998,0.23
194,2,32,474,1999,0.24
194,2,32,474,2000,0.25
194,2,32,474,2001,0.26
194,2,32,474,2002,0.27
194,2,32,474,2003,0.29
194,2,32,474,2004,0.29
194,2,32,474,2005,0.3
194,2,32,474,2006,0.3
194,2,32,474,2007,0.3
194,2,32,474,2008,0.31
194,2,32,474,2009,0.31
194,2,32,474,2010,0.32
194,2,32,474,2011,0.32
194,2,32,474,2012,0.33
194,2,32,474,2013,0.34
194,2,32,474,2014,0.34
194,2,32,474,2015,0.34
194,2,32,474,2016,0.34
194,2,32,474,2017,0.33
194,2,235,474,1990,0.02
194,2,235,474,1991,0.02
194,2,235,474,1992,0.03
194,2,235,474,1993,0.03
194,2,235,474,1994,0.03
194,2,235,474,1995,0.03
194,2,235,474,1996,0.04
194,2,235,474,1997,0.04
194,2,235,474,1998,0.04
194,2,235,474,1999,0.04
194,2,235,474,2000,0.04
194,2,235,474,2001,0.04
194,2,235,474,2002,0.04
194,2,235,474,2003,0.05
194,2,235,474,2004,0.05
194,2,235,474,2005,0.05
194,2,235,474,2006,0.05
194,2,235,474,2007,0.05
194,2,235,474,2008,0.05
194,2,235,474,2009,0.05
194,2,235,474,2010,0.05
194,2,235,474,2011,0.05
194,2,235,474,2012,0.06
194,2,235,474,2013,0.06
194,2,235,474,2014,0.06
194,2,235,474,2015,0.06
194,2,235,474,2016,0.06
194,2,235,474,2017,0.06
195,2,8,474,1990,0.01
195,2,8,474,1991,0.01
195,2,8,474,1992,0.01
195,2,8,474,1993,0.01
195,2,8,474,1994,0.01
195,2,8,474,1995,0.01
195,2,8,474,1996,0.01
195,2,8,474,1997,0.01
195,2,8,474,1998,0.02
195,2,8,474,1999,0.02
195,2,8,474,2000,0.02
195,2,8,474,2001,0.02
195,2,8,474,2002,0.02
195,2,8,474,2003,0.02
195,2,8,474,2004,0.02
195,2,8,474,2005,0.01
195,2,8,474,2006,0.01
195,2,8,474,2007,0.01
195,2,8,474,2008,0.01
195,2,8,474,2009,0.01
195,2,8,474,2010,0.01
195,2,8,474,2011,0.01
195,2,8,474,2012,0.01
195,2,8,474,2013,0.01
195,2,8,474,2014,0.01
195,2,8,474,2015,0.01
195,2,8,474,2016,0.01
195,2,8,474,2017,0.01
195,2,9,474,1990,0.01
195,2,9,474,1991,0.01
195,2,9,474,1992,0.01
195,2,9,474,1993,0.02
195,2,9,474,1994,0.02
195,2,9,474,1995,0.02
195,2,9,474,1996,0.02
195,2,9,474,1997,0.02
195,2,9,474,1998,0.02
195,2,9,474,1999,0.02
195,2,9,474,2000,0.02
195,2,9,474,2001,0.02
195,2,9,474,2002,0.02
195,2,9,474,2003,0.02
195,2,9,474,2004,0.02
195,2,9,474,2005,0.02
195,2,9,474,2006,0.02
195,2,9,474,2007,0.02
195,2,9,474,2008,0.02
195,2,9,474,2009,0.02
195,2,9,474,2010,0.01
195,2,9,474,2011,0.01
195,2,9,474,2012,0.01
195,2,9,474,2013,0.01
195,2,9,474,2014,0.01
195,2,9,474,2015,0.01
195,2,9,474,2016,0.01
195,2,9,474,2017,0.01
195,2,10,474,1990,0.03
195,2,10,474,1991,0.03
195,2,10,474,1992,0.03
195,2,10,474,1993,0.03
195,2,10,474,1994,0.03
195,2,10,474,1995,0.03
195,2,10,474,1996,0.04
195,2,10,474,1997,0.04
195,2,10,474,1998,0.04
195,2,10,474,1999,0.05
195,2,10,474,2000,0.05
195,2,10,474,2001,0.05
195,2,10,474,2002,0.05
195,2,10,474,2003,0.05
195,2,10,474,2004,0.04
195,2,10,474,2005,0.04
195,2,10,474,2006,0.04
195,2,10,474,2007,0.03
195,2,10,474,2008,0.03
195,2,10,474,2009,0.03
195,2,10,474,2010,0.03
195,2,10,474,2011,0.03
195,2,10,474,2012,0.03
195,2,10,474,2013,0.03
195,2,10,474,2014,0.03
195,2,10,474,2015,0.03
195,2,10,474,2016,0.03
195,2,10,474,2017,0.03
195,2,11,474,1990,0.04
195,2,11,474,1991,0.04
195,2,11,474,1992,0.04
195,2,11,474,1993,0.04
195,2,11,474,1994,0.05
195,2,11,474,1995,0.05
195,2,11,474,1996,0.05
195,2,11,474,1997,0.06
195,2,11,474,1998,0.06
195,2,11,474,1999,0.06
195,2,11,474,2000,0.07
195,2,11,474,2001,0.07
195,2,11,474,2002,0.07
195,2,11,474,2003,0.07
195,2,11,474,2004,0.06
195,2,11,474,2005,0.06
195,2,11,474,2006,0.05
195,2,11,474,2007,0.05
195,2,11,474,2008,0.05
195,2,11,474,2009,0.04
195,2,11,474,2010,0.04
195,2,11,474,2011,0.04
195,2,11,474,2012,0.04
195,2,11,474,2013,0.04
195,2,11,474,2014,0.04
195,2,11,474,2015,0.04
195,2,11,474,2016,0.04
195,2,11,474,2017,0.05
195,2,12,474,1990,0.06
195,2,12,474,1991,0.06
195,2,12,474,1992,0.06
195,2,12,474,1993,0.07
195,2,12,474,1994,0.07
195,2,12,474,1995,0.08
195,2,12,474,1996,0.08
195,2,12,474,1997,0.09
195,2,12,474,1998,0.1
195,2,12,474,1999,0.1
195,2,12,474,2000,0.11
195,2,12,474,2001,0.11
195,2,12,474,2002,0.11
195,2,12,474,2003,0.11
195,2,12,474,2004,0.1
195,2,12,474,2005,0.09
195,2,12,474,2006,0.09
195,2,12,474,2007,0.08
195,2,12,474,2008,0.08
195,2,12,474,2009,0.07
195,2,12,474,2010,0.07
195,2,12,474,2011,0.07
195,2,12,474,2012,0.07
195,2,12,474,2013,0.07
195,2,12,474,2014,0.07
195,2,12,474,2015,0.07
195,2,12,474,2016,0.07
195,2,12,474,2017,0.08
195,2,13,474,1990,0.1
195,2,13,474,1991,0.11
195,2,13,474,1992,0.12
195,2,13,474,1993,0.12
195,2,13,474,1994,0.13
195,2,13,474,1995,0.14
195,2,13,474,1996,0.15
195,2,13,474,1997,0.16
195,2,13,474,1998,0.17
195,2,13,474,1999,0.18
195,2,13,474,2000,0.19
195,2,13,474,2001,0.19
195,2,13,474,2002,0.2
195,2,13,474,2003,0.19
195,2,13,474,2004,0.19
195,2,13,474,2005,0.18
195,2,13,474,2006,0.17
195,2,13,474,2007,0.15
195,2,13,474,2008,0.14
195,2,13,474,2009,0.13
195,2,13,474,2010,0.13
195,2,13,474,2011,0.12
195,2,13,474,2012,0.12
195,2,13,474,2013,0.12
195,2,13,474,2014,0.12
195,2,13,474,2015,0.13
195,2,13,474,2016,0.13
195,2,13,474,2017,0.13
195,2,14,474,1990,0.17
195,2,14,474,1991,0.17
195,2,14,474,1992,0.18
195,2,14,474,1993,0.19
195,2,14,474,1994,0.2
195,2,14,474,1995,0.21
195,2,14,474,1996,0.23
195,2,14,474,1997,0.25
195,2,14,474,1998,0.27
195,2,14,474,1999,0.28
195,2,14,474,2000,0.3
195,2,14,474,2001,0.3
195,2,14,474,2002,0.3
195,2,14,474,2003,0.3
195,2,14,474,2004,0.29
195,2,14,474,2005,0.27
195,2,14,474,2006,0.26
195,2,14,474,2007,0.24
195,2,14,474,2008,0.23
195,2,14,474,2009,0.22
195,2,14,474,2010,0.2
195,2,14,474,2011,0.19
195,2,14,474,2012,0.19
195,2,14,474,2013,0.19
195,2,14,474,2014,0.2
195,2,14,474,2015,0.21
195,2,14,474,2016,0.21
195,2,14,474,2017,0.22
195,2,15,474,1990,0.29
195,2,15,474,1991,0.3
195,2,15,474,1992,0.31
195,2,15,474,1993,0.33
195,2,15,474,1994,0.35
195,2,15,474,1995,0.37
195,2,15,474,1996,0.38
195,2,15,474,1997,0.4
195,2,15,474,1998,0.42
195,2,15,474,1999,0.43
195,2,15,474,2000,0.44
195,2,15,474,2001,0.46
195,2,15,474,2002,0.48
195,2,15,474,2003,0.47
195,2,15,474,2004,0.46
195,2,15,474,2005,0.45
195,2,15,474,2006,0.42
195,2,15,474,2007,0.39
195,2,15,474,2008,0.37
195,2,15,474,2009,0.35
195,2,15,474,2010,0.34
195,2,15,474,2011,0.32
195,2,15,474,2012,0.32
195,2,15,474,2013,0.32
195,2,15,474,2014,0.33
195,2,15,474,2015,0.34
195,2,15,474,2016,0.35
195,2,15,474,2017,0.36
195,2,16,474,1990,0.4
195,2,16,474,1991,0.4
195,2,16,474,1992,0.41
195,2,16,474,1993,0.43
195,2,16,474,1994,0.46
195,2,16,474,1995,0.48
195,2,16,474,1996,0.52
195,2,16,474,1997,0.56
195,2,16,474,1998,0.59
195,2,16,474,1999,0.62
195,2,16,474,2000,0.63
195,2,16,474,2001,0.64
195,2,16,474,2002,0.65
195,2,16,474,2003,0.63
195,2,16,474,2004,0.61
195,2,16,474,2005,0.58
195,2,16,474,2006,0.56
195,2,16,474,2007,0.53
195,2,16,474,2008,0.5
195,2,16,474,2009,0.48
195,2,16,474,2010,0.46
195,2,16,474,2011,0.44
195,2,16,474,2012,0.43
195,2,16,474,2013,0.43
195,2,16,474,2014,0.45
195,2,16,474,2015,0.46
195,2,16,474,2016,0.48
195,2,16,474,2017,0.5
195,2,17,474,1990,0.63
195,2,17,474,1991,0.64
195,2,17,474,1992,0.65
195,2,17,474,1993,0.67
195,2,17,474,1994,0.7
195,2,17,474,1995,0.73
195,2,17,474,1996,0.76
195,2,17,474,1997,0.8
195,2,17,474,1998,0.83
195,2,17,474,1999,0.86
195,2,17,474,2000,0.88
195,2,17,474,2001,0.9
195,2,17,474,2002,0.92
195,2,17,474,2003,0.91
195,2,17,474,2004,0.89
195,2,17,474,2005,0.85
195,2,17,474,2006,0.8
195,2,17,474,2007,0.76
195,2,17,474,2008,0.72
195,2,17,474,2009,0.69
195,2,17,474,2010,0.65
195,2,17,474,2011,0.65
195,2,17,474,2012,0.66
195,2,17,474,2013,0.67
195,2,17,474,2014,0.69
195,2,17,474,2015,0.72
195,2,17,474,2016,0.73
195,2,17,474,2017,0.74
195,2,18,474,1990,0.9
195,2,18,474,1991,0.92
195,2,18,474,1992,0.94
195,2,18,474,1993,0.97
195,2,18,474,1994,1
195,2,18,474,1995,1.04
195,2,18,474,1996,1.06
195,2,18,474,1997,1.11
195,2,18,474,1998,1.15
195,2,18,474,1999,1.18
195,2,18,474,2000,1.2
195,2,18,474,2001,1.21
195,2,18,474,2002,1.22
195,2,18,474,2003,1.2
195,2,18,474,2004,1.17
195,2,18,474,2005,1.13
195,2,18,474,2006,1.08
195,2,18,474,2007,1.03
195,2,18,474,2008,0.99
195,2,18,474,2009,0.97
195,2,18,474,2010,0.93
195,2,18,474,2011,0.89
195,2,18,474,2012,0.9
195,2,18,474,2013,0.9
195,2,18,474,2014,0.92
195,2,18,474,2015,0.94
195,2,18,474,2016,0.99
195,2,18,474,2017,1.04
195,2,19,474,1990,1.04
195,2,19,474,1991,1.08
195,2,19,474,1992,1.14
195,2,19,474,1993,1.2
195,2,19,474,1994,1.28
195,2,19,474,1995,1.36
195,2,19,474,1996,1.42
195,2,19,474,1997,1.49
195,2,19,474,1998,1.55
195,2,19,474,1999,1.57
195,2,19,474,2000,1.58
195,2,19,474,2001,1.56
195,2,19,474,2002,1.56
195,2,19,474,2003,1.54
195,2,19,474,2004,1.5
195,2,19,474,2005,1.44
195,2,19,474,2006,1.36
195,2,19,474,2007,1.29
195,2,19,474,2008,1.24
195,2,19,474,2009,1.21
195,2,19,474,2010,1.16
195,2,19,474,2011,1.14
195,2,19,474,2012,1.15
195,2,19,474,2013,1.17
195,2,19,474,2014,1.2
195,2,19,474,2015,1.23
195,2,19,474,2016,1.25
195,2,19,474,2017,1.28
195,2,20,474,1990,1.02
195,2,20,474,1991,1.1
195,2,20,474,1992,1.18
195,2,20,474,1993,1.27
195,2,20,474,1994,1.35
195,2,20,474,1995,1.45
195,2,20,474,1996,1.55
195,2,20,474,1997,1.68
195,2,20,474,1998,1.8
195,2,20,474,1999,1.9
195,2,20,474,2000,1.98
195,2,20,474,2001,2
195,2,20,474,2002,2.01
195,2,20,474,2003,1.97
195,2,20,474,2004,1.9
195,2,20,474,2005,1.79
195,2,20,474,2006,1.69
195,2,20,474,2007,1.61
195,2,20,474,2008,1.55
195,2,20,474,2009,1.53
195,2,20,474,2010,1.49
195,2,20,474,2011,1.44
195,2,20,474,2012,1.43
195,2,20,474,2013,1.44
195,2,20,474,2014,1.46
195,2,20,474,2015,1.49
195,2,20,474,2016,1.55
195,2,20,474,2017,1.59
195,2,22,474,1990,5.49
195,2,22,474,1991,5.75
195,2,22,474,1992,6.06
195,2,22,474,1993,6.42
195,2,22,474,1994,6.82
195,2,22,474,1995,7.31
195,2,22,474,1996,7.75
195,2,22,474,1997,8.29
195,2,22,474,1998,8.82
195,2,22,474,1999,9.25
195,2,22,474,2000,9.59
195,2,22,474,2001,9.76
195,2,22,474,2002,9.96
195,2,22,474,2003,9.9
195,2,22,474,2004,9.72
195,2,22,474,2005,9.39
195,2,22,474,2006,9.02
195,2,22,474,2007,8.67
195,2,22,474,2008,8.4
195,2,22,474,2009,8.26
195,2,22,474,2010,8.04
195,2,22,474,2011,7.85
195,2,22,474,2012,7.91
195,2,22,474,2013,8.01
195,2,22,474,2014,8.2
195,2,22,474,2015,8.45
195,2,22,474,2016,8.71
195,2,22,474,2017,8.95
195,2,30,474,1990,0.53
195,2,30,474,1991,0.58
195,2,30,474,1992,0.65
195,2,30,474,1993,0.74
195,2,30,474,1994,0.83
195,2,30,474,1995,0.93
195,2,30,474,1996,1.04
195,2,30,474,1997,1.14
195,2,30,474,1998,1.25
195,2,30,474,1999,1.34
195,2,30,474,2000,1.41
195,2,30,474,2001,1.48
195,2,30,474,2002,1.54
195,2,30,474,2003,1.59
195,2,30,474,2004,1.6
195,2,30,474,2005,1.59
195,2,30,474,2006,1.56
195,2,30,474,2007,1.52
195,2,30,474,2008,1.49
195,2,30,474,2009,1.46
195,2,30,474,2010,1.42
195,2,30,474,2011,1.38
195,2,30,474,2012,1.38
195,2,30,474,2013,1.4
195,2,30,474,2014,1.42
195,2,30,474,2015,1.46
195,2,30,474,2016,1.49
195,2,30,474,2017,1.51
195,2,31,474,1990,0.2
195,2,31,474,1991,0.22
195,2,31,474,1992,0.23
195,2,31,474,1993,0.25
195,2,31,474,1994,0.28
195,2,31,474,1995,0.31
195,2,31,474,1996,0.35
195,2,31,474,1997,0.4
195,2,31,474,1998,0.46
195,2,31,474,1999,0.51
195,2,31,474,2000,0.56
195,2,31,474,2001,0.61
195,2,31,474,2002,0.64
195,2,31,474,2003,0.67
195,2,31,474,2004,0.69
195,2,31,474,2005,0.7
195,2,31,474,2006,0.71
195,2,31,474,2007,0.74
195,2,31,474,2008,0.76
195,2,31,474,2009,0.79
195,2,31,474,2010,0.82
195,2,31,474,2011,0.83
195,2,31,474,2012,0.85
195,2,31,474,2013,0.87
195,2,31,474,2014,0.89
195,2,31,474,2015,0.91
195,2,31,474,2016,0.93
195,2,31,474,2017,0.95
195,2,32,474,1990,0.05
195,2,32,474,1991,0.06
195,2,32,474,1992,0.06
195,2,32,474,1993,0.06
195,2,32,474,1994,0.07
195,2,32,474,1995,0.07
195,2,32,474,1996,0.08
195,2,32,474,1997,0.09
195,2,32,474,1998,0.1
195,2,32,474,1999,0.11
195,2,32,474,2000,0.12
195,2,32,474,2001,0.13
195,2,32,474,2002,0.14
195,2,32,474,2003,0.16
195,2,32,474,2004,0.17
195,2,32,474,2005,0.18
195,2,32,474,2006,0.19
195,2,32,474,2007,0.2
195,2,32,474,2008,0.21
195,2,32,474,2009,0.23
195,2,32,474,2010,0.24
195,2,32,474,2011,0.26
195,2,32,474,2012,0.28
195,2,32,474,2013,0.3
195,2,32,474,2014,0.32
195,2,32,474,2015,0.35
195,2,32,474,2016,0.37
195,2,32,474,2017,0.38
195,2,235,474,1990,0.01
195,2,235,474,1991,0.01
195,2,235,474,1992,0.01
195,2,235,474,1993,0.01
195,2,235,474,1994,0.01
195,2,235,474,1995,0.01
195,2,235,474,1996,0.01
195,2,235,474,1997,0.01
195,2,235,474,1998,0.01
195,2,235,474,1999,0.01
195,2,235,474,2000,0.02
195,2,235,474,2001,0.02
195,2,235,474,2002,0.02
195,2,235,474,2003,0.02
195,2,235,474,2004,0.02
195,2,235,474,2005,0.02
195,2,235,474,2006,0.02
195,2,235,474,2007,0.02
195,2,235,474,2008,0.02
195,2,235,474,2009,0.03
195,2,235,474,2010,0.03
195,2,235,474,2011,0.03
195,2,235,474,2012,0.04
195,2,235,474,2013,0.04
195,2,235,474,2014,0.04
195,2,235,474,2015,0.05
195,2,235,474,2016,0.05
195,2,235,474,2017,0.06
196,2,8,474,1990,0.36
196,2,8,474,1991,0.36
196,2,8,474,1992,0.37
196,2,8,474,1993,0.37
196,2,8,474,1994,0.39
196,2,8,474,1995,0.4
196,2,8,474,1996,0.44
196,2,8,474,1997,0.49
196,2,8,474,1998,0.54
196,2,8,474,1999,0.6
196,2,8,474,2000,0.66
196,2,8,474,2001,0.68
196,2,8,474,2002,0.69
196,2,8,474,2003,0.69
196,2,8,474,2004,0.68
196,2,8,474,2005,0.65
196,2,8,474,2006,0.63
196,2,8,474,2007,0.59
196,2,8,474,2008,0.56
196,2,8,474,2009,0.54
196,2,8,474,2010,0.5
196,2,8,474,2011,0.44
196,2,8,474,2012,0.4
196,2,8,474,2013,0.36
196,2,8,474,2014,0.35
196,2,8,474,2015,0.34
196,2,8,474,2016,0.37
196,2,8,474,2017,0.3
196,2,9,474,1990,0.96
196,2,9,474,1991,0.96
196,2,9,474,1992,1.04
196,2,9,474,1993,1
196,2,9,474,1994,1.06
196,2,9,474,1995,1.06
196,2,9,474,1996,1.15
196,2,9,474,1997,1.3
196,2,9,474,1998,1.46
196,2,9,474,1999,1.66
196,2,9,474,2000,1.9
196,2,9,474,2001,1.95
196,2,9,474,2002,2.03
196,2,9,474,2003,2.1
196,2,9,474,2004,2.14
196,2,9,474,2005,2.05
196,2,9,474,2006,2
196,2,9,474,2007,1.9
196,2,9,474,2008,1.77
196,2,9,474,2009,1.61
196,2,9,474,2010,1.43
196,2,9,474,2011,1.24
196,2,9,474,2012,1.08
196,2,9,474,2013,0.97
196,2,9,474,2014,0.89
196,2,9,474,2015,0.83
196,2,9,474,2016,0.76
196,2,9,474,2017,0.68
196,2,10,474,1990,3.37
196,2,10,474,1991,3.37
196,2,10,474,1992,3.63
196,2,10,474,1993,3.39
196,2,10,474,1994,3.51
196,2,10,474,1995,3.45
196,2,10,474,1996,3.54
196,2,10,474,1997,4.02
196,2,10,474,1998,4.64
196,2,10,474,1999,5.52
196,2,10,474,2000,6.59
196,2,10,474,2001,6.94
196,2,10,474,2002,7.28
196,2,10,474,2003,7.31
196,2,10,474,2004,7.01
196,2,10,474,2005,6.27
196,2,10,474,2006,5.69
196,2,10,474,2007,5.13
196,2,10,474,2008,4.74
196,2,10,474,2009,4.25
196,2,10,474,2010,3.66
196,2,10,474,2011,3.14
196,2,10,474,2012,2.8
196,2,10,474,2013,2.5
196,2,10,474,2014,2.3
196,2,10,474,2015,2.2
196,2,10,474,2016,2.08
196,2,10,474,2017,2.27
196,2,11,474,1990,5.1
196,2,11,474,1991,5.15
196,2,11,474,1992,5.6
196,2,11,474,1993,5.19
196,2,11,474,1994,5.39
196,2,11,474,1995,5.27
196,2,11,474,1996,5.28
196,2,11,474,1997,5.99
196,2,11,474,1998,6.81
196,2,11,474,1999,8.04
196,2,11,474,2000,9.56
196,2,11,474,2001,9.98
196,2,11,474,2002,10.83
196,2,11,474,2003,11.34
196,2,11,474,2004,11.08
196,2,11,474,2005,10.04
196,2,11,474,2006,9.01
196,2,11,474,2007,7.85
196,2,11,474,2008,6.67
196,2,11,474,2009,5.37
196,2,11,474,2010,4.27
196,2,11,474,2011,3.39
196,2,11,474,2012,3.03
196,2,11,474,2013,2.81
196,2,11,474,2014,2.65
196,2,11,474,2015,2.49
196,2,11,474,2016,2.61
196,2,11,474,2017,3.48
196,2,12,474,1990,6.2
196,2,12,474,1991,6.28
196,2,12,474,1992,6.85
196,2,12,474,1993,6.51
196,2,12,474,1994,6.95
196,2,12,474,1995,6.89
196,2,12,474,1996,7.31
196,2,12,474,1997,8.54
196,2,12,474,1998,9.57
196,2,12,474,1999,10.9
196,2,12,474,2000,12.64
196,2,12,474,2001,12.75
196,2,12,474,2002,13.29
196,2,12,474,2003,13.42
196,2,12,474,2004,13.04
196,2,12,474,2005,11.8
196,2,12,474,2006,10.5
196,2,12,474,2007,9.18
196,2,12,474,2008,8.07
196,2,12,474,2009,6.68
196,2,12,474,2010,5.35
196,2,12,474,2011,4.21
196,2,12,474,2012,3.58
196,2,12,474,2013,3.29
196,2,12,474,2014,3.36
196,2,12,474,2015,3.62
196,2,12,474,2016,4.1
196,2,12,474,2017,4.97
196,2,13,474,1990,7.16
196,2,13,474,1991,7.27
196,2,13,474,1992,7.85
196,2,13,474,1993,7.58
196,2,13,474,1994,8.2
196,2,13,474,1995,8.29
196,2,13,474,1996,8.96
196,2,13,474,1997,10.49
196,2,13,474,1998,11.34
196,2,13,474,1999,12.39
196,2,13,474,2000,14.16
196,2,13,474,2001,14.33
196,2,13,474,2002,14.99
196,2,13,474,2003,15.07
196,2,13,474,2004,14.55
196,2,13,474,2005,13.18
196,2,13,474,2006,11.89
196,2,13,474,2007,10.68
196,2,13,474,2008,9.35
196,2,13,474,2009,7.79
196,2,13,474,2010,6.44
196,2,13,474,2011,5.22
196,2,13,474,2012,4.65
196,2,13,474,2013,4.65
196,2,13,474,2014,5.04
196,2,13,474,2015,5.53
196,2,13,474,2016,6.12
196,2,13,474,2017,6.8
196,2,14,474,1990,8.68
196,2,14,474,1991,8.89
196,2,14,474,1992,9.56
196,2,14,474,1993,9.52
196,2,14,474,1994,10.31
196,2,14,474,1995,10.35
196,2,14,474,1996,11.57
196,2,14,474,1997,13.48
196,2,14,474,1998,14.52
196,2,14,474,1999,15.49
196,2,14,474,2000,16.79
196,2,14,474,2001,16.45
196,2,14,474,2002,16.65
196,2,14,474,2003,16.68
196,2,14,474,2004,16.27
196,2,14,474,2005,15.2
196,2,14,474,2006,14.11
196,2,14,474,2007,13.21
196,2,14,474,2008,12.35
196,2,14,474,2009,11.56
196,2,14,474,2010,10.68
196,2,14,474,2011,9.94
196,2,14,474,2012,9.62
196,2,14,474,2013,9.71
196,2,14,474,2014,10.06
196,2,14,474,2015,10.63
196,2,14,474,2016,11.34
196,2,14,474,2017,11.3
196,2,15,474,1990,11.03
196,2,15,474,1991,11.32
196,2,15,474,1992,12.09
196,2,15,474,1993,11.95
196,2,15,474,1994,12.68
196,2,15,474,1995,12.52
196,2,15,474,1996,14.04
196,2,15,474,1997,16.09
196,2,15,474,1998,17.33
196,2,15,474,1999,18.59
196,2,15,474,2000,20.57
196,2,15,474,2001,20.64
196,2,15,474,2002,21.03
196,2,15,474,2003,21.4
196,2,15,474,2004,21.35
196,2,15,474,2005,20.64
196,2,15,474,2006,19.86
196,2,15,474,2007,19.37
196,2,15,474,2008,18.92
196,2,15,474,2009,18.64
196,2,15,474,2010,18.22
196,2,15,474,2011,17.79
196,2,15,474,2012,17.9
196,2,15,474,2013,18.17
196,2,15,474,2014,18.63
196,2,15,474,2015,19.16
196,2,15,474,2016,19.75
196,2,15,474,2017,18.52
196,2,16,474,1990,12.02
196,2,16,474,1991,12.21
196,2,16,474,1992,12.84
196,2,16,474,1993,13.08
196,2,16,474,1994,14.21
196,2,16,474,1995,14.38
196,2,16,474,1996,16.65
196,2,16,474,1997,19.1
196,2,16,474,1998,20.16
196,2,16,474,1999,20.44
196,2,16,474,2000,20.83
196,2,16,474,2001,20.3
196,2,16,474,2002,20.26
196,2,16,474,2003,20.7
196,2,16,474,2004,21.45
196,2,16,474,2005,22.03
196,2,16,474,2006,22.58
196,2,16,474,2007,23.25
196,2,16,474,2008,24.01
196,2,16,474,2009,24.3
196,2,16,474,2010,23.96
196,2,16,474,2011,23.85
196,2,16,474,2012,23.86
196,2,16,474,2013,24.23
196,2,16,474,2014,24.97
196,2,16,474,2015,25.9
196,2,16,474,2016,26.88
196,2,16,474,2017,25.07
196,2,17,474,1990,14.51
196,2,17,474,1991,14.9
196,2,17,474,1992,15.65
196,2,17,474,1993,16.07
196,2,17,474,1994,17.37
196,2,17,474,1995,17.83
196,2,17,474,1996,20.51
196,2,17,474,1997,22.96
196,2,17,474,1998,23.94
196,2,17,474,1999,24.88
196,2,17,474,2000,26.26
196,2,17,474,2001,26.37
196,2,17,474,2002,26.51
196,2,17,474,2003,26.21
196,2,17,474,2004,25.68
196,2,17,474,2005,24.45
196,2,17,474,2006,24.18
196,2,17,474,2007,24.46
196,2,17,474,2008,25.35
196,2,17,474,2009,26.55
196,2,17,474,2010,27.45
196,2,17,474,2011,28.28
196,2,17,474,2012,28.68
196,2,17,474,2013,29.31
196,2,17,474,2014,30.58
196,2,17,474,2015,32.08
196,2,17,474,2016,33.02
196,2,17,474,2017,30.97
196,2,18,474,1990,16.63
196,2,18,474,1991,17.03
196,2,18,474,1992,18.02
196,2,18,474,1993,18.86
196,2,18,474,1994,20.9
196,2,18,474,1995,21.92
196,2,18,474,1996,25.49
196,2,18,474,1997,28.9
196,2,18,474,1998,30.1
196,2,18,474,1999,30.59
196,2,18,474,2000,30.9
196,2,18,474,2001,30.14
196,2,18,474,2002,30.15
196,2,18,474,2003,29.78
196,2,18,474,2004,30.07
196,2,18,474,2005,30.42
196,2,18,474,2006,30.84
196,2,18,474,2007,30.84
196,2,18,474,2008,30.59
196,2,18,474,2009,30.38
196,2,18,474,2010,29.18
196,2,18,474,2011,29.2
196,2,18,474,2012,29.34
196,2,18,474,2013,29.86
196,2,18,474,2014,31.37
196,2,18,474,2015,33.38
196,2,18,474,2016,34.92
196,2,18,474,2017,31.94
196,2,19,474,1990,18.44
196,2,19,474,1991,19.75
196,2,19,474,1992,21.19
196,2,19,474,1993,21.67
196,2,19,474,1994,23.49
196,2,19,474,1995,24.01
196,2,19,474,1996,27.17
196,2,19,474,1997,31.03
196,2,19,474,1998,33.34
196,2,19,474,1999,35.26
196,2,19,474,2000,37.69
196,2,19,474,2001,37.41
196,2,19,474,2002,36.77
196,2,19,474,2003,36.21
196,2,19,474,2004,35.11
196,2,19,474,2005,33.67
196,2,19,474,2006,33.27
196,2,19,474,2007,32.91
196,2,19,474,2008,32.71
196,2,19,474,2009,33.47
196,2,19,474,2010,34.29
196,2,19,474,2011,34.69
196,2,19,474,2012,34.72
196,2,19,474,2013,34.32
196,2,19,474,2014,33.98
196,2,19,474,2015,34.02
196,2,19,474,2016,35.31
196,2,19,474,2017,32.72
196,2,20,474,1990,20.66
196,2,20,474,1991,20.53
196,2,20,474,1992,21.99
196,2,20,474,1993,23.5
196,2,20,474,1994,26.61
196,2,20,474,1995,28.5
196,2,20,474,1996,34.95
196,2,20,474,1997,40.02
196,2,20,474,1998,40.66
196,2,20,474,1999,40.31
196,2,20,474,2000,40.88
196,2,20,474,2001,40.99
196,2,20,474,2002,41.53
196,2,20,474,2003,41.63
196,2,20,474,2004,42.48
196,2,20,474,2005,44.04
196,2,20,474,2006,44.71
196,2,20,474,2007,44.67
196,2,20,474,2008,44.58
196,2,20,474,2009,44.48
196,2,20,474,2010,43.67
196,2,20,474,2011,43.29
196,2,20,474,2012,43.1
196,2,20,474,2013,43.05
196,2,20,474,2014,44.22
196,2,20,474,2015,47.06
196,2,20,474,2016,49.44
196,2,20,474,2017,44.45
196,2,22,474,1990,178.58
196,2,22,474,1991,183.92
196,2,22,474,1992,195.64
196,2,22,474,1993,199.69
196,2,22,474,1994,216.05
196,2,22,474,1995,221.01
196,2,22,474,1996,250.29
196,2,22,474,1997,281.88
196,2,22,474,1998,295.01
196,2,22,474,1999,304.36
196,2,22,474,2000,319.74
196,2,22,474,2001,321.09
196,2,22,474,2002,326.93
196,2,22,474,2003,328.67
196,2,22,474,2004,330.05
196,2,22,474,2005,327.26
196,2,22,474,2006,324.69
196,2,22,474,2007,321.32
196,2,22,474,2008,318.66
196,2,22,474,2009,315.53
196,2,22,474,2010,308.38
196,2,22,474,2011,304.11
196,2,22,474,2012,302.22
196,2,22,474,2013,303.35
196,2,22,474,2014,310.83
196,2,22,474,2015,325.96
196,2,22,474,2016,340.69
196,2,22,474,2017,321.05
196,2,30,474,1990,22.58
196,2,30,474,1991,22.91
196,2,30,474,1992,23.56
196,2,30,474,1993,23.81
196,2,30,474,1994,25.09
196,2,30,474,1995,25.36
196,2,30,474,1996,28.04
196,2,30,474,1997,31.61
196,2,30,474,1998,33.25
196,2,30,474,1999,34.22
196,2,30,474,2000,36.07
196,2,30,474,2001,38.47
196,2,30,474,2002,40.37
196,2,30,474,2003,41.08
196,2,30,474,2004,42.34
196,2,30,474,2005,43.91
196,2,30,474,2006,45.27
196,2,30,474,2007,45.9
196,2,30,474,2008,46.48
196,2,30,474,2009,46.71
196,2,30,474,2010,46.2
196,2,30,474,2011,45.75
196,2,30,474,2012,45.1
196,2,30,474,2013,44.7
196,2,30,474,2014,45.34
196,2,30,474,2015,48.04
196,2,30,474,2016,50.18
196,2,30,474,2017,46.14
196,2,31,474,1990,19.29
196,2,31,474,1991,20.7
196,2,31,474,1992,21.98
196,2,31,474,1993,22.83
196,2,31,474,1994,24.22
196,2,31,474,1995,24.39
196,2,31,474,1996,26.79
196,2,31,474,1997,28.31
196,2,31,474,1998,27.86
196,2,31,474,1999,26.68
196,2,31,474,2000,26.14
196,2,31,474,2001,25.55
196,2,31,474,2002,26.58
196,2,31,474,2003,27.55
196,2,31,474,2004,29.42
196,2,31,474,2005,31.58
196,2,31,474,2006,33.35
196,2,31,474,2007,34.25
196,2,31,474,2008,34.66
196,2,31,474,2009,34.56
196,2,31,474,2010,33.8
196,2,31,474,2011,33.7
196,2,31,474,2012,33.69
196,2,31,474,2013,34.09
196,2,31,474,2014,34.97
196,2,31,474,2015,37.19
196,2,31,474,2016,38.82
196,2,31,474,2017,36.62
196,2,32,474,1990,9.78
196,2,32,474,1991,10.34
196,2,32,474,1992,11.28
196,2,32,474,1993,12.08
196,2,32,474,1994,13.16
196,2,32,474,1995,13.74
196,2,32,474,1996,15.47
196,2,32,474,1997,16.37
196,2,32,474,1998,16.24
196,2,32,474,1999,15.54
196,2,32,474,2000,14.87
196,2,32,474,2001,14.81
196,2,32,474,2002,14.66
196,2,32,474,2003,14.27
196,2,32,474,2004,14.2
196,2,32,474,2005,14.27
196,2,32,474,2006,13.8
196,2,32,474,2007,14.24
196,2,32,474,2008,15.02
196,2,32,474,2009,15.86
196,2,32,474,2010,16.54
196,2,32,474,2011,17.28
196,2,32,474,2012,17.83
196,2,32,474,2013,18.29
196,2,32,474,2014,18.83
196,2,32,474,2015,19.86
196,2,32,474,2016,21.06
196,2,32,474,2017,20.9
196,2,235,474,1990,1.82
196,2,235,474,1991,1.95
196,2,235,474,1992,2.13
196,2,235,474,1993,2.28
196,2,235,474,1994,2.5
196,2,235,474,1995,2.64
196,2,235,474,1996,2.93
196,2,235,474,1997,3.2
196,2,235,474,1998,3.28
196,2,235,474,1999,3.25
196,2,235,474,2000,3.23
196,2,235,474,2001,3.32
196,2,235,474,2002,3.31
196,2,235,474,2003,3.23
196,2,235,474,2004,3.17
196,2,235,474,2005,3.08
196,2,235,474,2006,3.01
196,2,235,474,2007,2.87
196,2,235,474,2008,2.81
196,2,235,474,2009,2.78
196,2,235,474,2010,2.75
196,2,235,474,2011,2.69
196,2,235,474,2012,2.84
196,2,235,474,2013,3.05
196,2,235,474,2014,3.31
196,2,235,474,2015,3.63
196,2,235,474,2016,3.91
196,2,235,474,2017,3.93
197,2,8,474,1990,0.01
197,2,8,474,1991,0.01
197,2,8,474,1992,0.01
197,2,8,474,1993,0.01
197,2,8,474,1994,0.01
197,2,8,474,1995,0.01
197,2,8,474,1996,0.01
197,2,8,474,1997,0.01
197,2,8,474,1998,0.01
197,2,8,474,1999,0.02
197,2,8,474,2000,0.02
197,2,8,474,2001,0.02
197,2,8,474,2002,0.02
197,2,8,474,2003,0.02
197,2,8,474,2004,0.02
197,2,8,474,2005,0.02
197,2,8,474,2006,0.02
197,2,8,474,2007,0.02
197,2,8,474,2008,0.02
197,2,8,474,2009,0.02
197,2,8,474,2010,0.02
197,2,8,474,2011,0.01
197,2,8,474,2012,0.01
197,2,8,474,2013,0.01
197,2,8,474,2014,0.01
197,2,8,474,2015,0.01
197,2,8,474,2016,0.01
197,2,8,474,2017,0.01
197,2,9,474,1990,0.02
197,2,9,474,1991,0.02
197,2,9,474,1992,0.02
197,2,9,474,1993,0.02
197,2,9,474,1994,0.02
197,2,9,474,1995,0.02
197,2,9,474,1996,0.02
197,2,9,474,1997,0.02
197,2,9,474,1998,0.02
197,2,9,474,1999,0.03
197,2,9,474,2000,0.03
197,2,9,474,2001,0.03
197,2,9,474,2002,0.03
197,2,9,474,2003,0.03
197,2,9,474,2004,0.03
197,2,9,474,2005,0.03
197,2,9,474,2006,0.03
197,2,9,474,2007,0.03
197,2,9,474,2008,0.03
197,2,9,474,2009,0.03
197,2,9,474,2010,0.03
197,2,9,474,2011,0.03
197,2,9,474,2012,0.03
197,2,9,474,2013,0.03
197,2,9,474,2014,0.02
197,2,9,474,2015,0.02
197,2,9,474,2016,0.02
197,2,9,474,2017,0.02
197,2,10,474,1990,0.04
197,2,10,474,1991,0.04
197,2,10,474,1992,0.04
197,2,10,474,1993,0.04
197,2,10,474,1994,0.04
197,2,10,474,1995,0.05
197,2,10,474,1996,0.05
197,2,10,474,1997,0.05
197,2,10,474,1998,0.06
197,2,10,474,1999,0.06
197,2,10,474,2000,0.07
197,2,10,474,2001,0.07
197,2,10,474,2002,0.07
197,2,10,474,2003,0.07
197,2,10,474,2004,0.08
197,2,10,474,2005,0.08
197,2,10,474,2006,0.07
197,2,10,474,2007,0.07
197,2,10,474,2008,0.07
197,2,10,474,2009,0.07
197,2,10,474,2010,0.07
197,2,10,474,2011,0.07
197,2,10,474,2012,0.07
197,2,10,474,2013,0.07
197,2,10,474,2014,0.06
197,2,10,474,2015,0.06
197,2,10,474,2016,0.05
197,2,10,474,2017,0.05
197,2,11,474,1990,0.05
197,2,11,474,1991,0.06
197,2,11,474,1992,0.06
197,2,11,474,1993,0.06
197,2,11,474,1994,0.06
197,2,11,474,1995,0.07
197,2,11,474,1996,0.07
197,2,11,474,1997,0.07
197,2,11,474,1998,0.08
197,2,11,474,1999,0.08
197,2,11,474,2000,0.09
197,2,11,474,2001,0.09
197,2,11,474,2002,0.1
197,2,11,474,2003,0.1
197,2,11,474,2004,0.1
197,2,11,474,2005,0.1
197,2,11,474,2006,0.09
197,2,11,474,2007,0.09
197,2,11,474,2008,0.09
197,2,11,474,2009,0.09
197,2,11,474,2010,0.09
197,2,11,474,2011,0.09
197,2,11,474,2012,0.09
197,2,11,474,2013,0.09
197,2,11,474,2014,0.09
197,2,11,474,2015,0.08
197,2,11,474,2016,0.08
197,2,11,474,2017,0.08
197,2,12,474,1990,0.08
197,2,12,474,1991,0.08
197,2,12,474,1992,0.09
197,2,12,474,1993,0.09
197,2,12,474,1994,0.09
197,2,12,474,1995,0.1
197,2,12,474,1996,0.11
197,2,12,474,1997,0.11
197,2,12,474,1998,0.12
197,2,12,474,1999,0.13
197,2,12,474,2000,0.14
197,2,12,474,2001,0.14
197,2,12,474,2002,0.15
197,2,12,474,2003,0.15
197,2,12,474,2004,0.15
197,2,12,474,2005,0.14
197,2,12,474,2006,0.14
197,2,12,474,2007,0.13
197,2,12,474,2008,0.12
197,2,12,474,2009,0.12
197,2,12,474,2010,0.12
197,2,12,474,2011,0.12
197,2,12,474,2012,0.12
197,2,12,474,2013,0.12
197,2,12,474,2014,0.12
197,2,12,474,2015,0.11
197,2,12,474,2016,0.11
197,2,12,474,2017,0.11
197,2,13,474,1990,0.12
197,2,13,474,1991,0.12
197,2,13,474,1992,0.13
197,2,13,474,1993,0.13
197,2,13,474,1994,0.14
197,2,13,474,1995,0.15
197,2,13,474,1996,0.16
197,2,13,474,1997,0.17
197,2,13,474,1998,0.18
197,2,13,474,1999,0.19
197,2,13,474,2000,0.21
197,2,13,474,2001,0.21
197,2,13,474,2002,0.22
197,2,13,474,2003,0.22
197,2,13,474,2004,0.22
197,2,13,474,2005,0.22
197,2,13,474,2006,0.21
197,2,13,474,2007,0.2
197,2,13,474,2008,0.2
197,2,13,474,2009,0.19
197,2,13,474,2010,0.18
197,2,13,474,2011,0.18
197,2,13,474,2012,0.18
197,2,13,474,2013,0.17
197,2,13,474,2014,0.17
197,2,13,474,2015,0.16
197,2,13,474,2016,0.16
197,2,13,474,2017,0.16
197,2,14,474,1990,0.18
197,2,14,474,1991,0.18
197,2,14,474,1992,0.19
197,2,14,474,1993,0.19
197,2,14,474,1994,0.2
197,2,14,474,1995,0.21
197,2,14,474,1996,0.23
197,2,14,474,1997,0.24
197,2,14,474,1998,0.26
197,2,14,474,1999,0.28
197,2,14,474,2000,0.3
197,2,14,474,2001,0.31
197,2,14,474,2002,0.32
197,2,14,474,2003,0.32
197,2,14,474,2004,0.33
197,2,14,474,2005,0.33
197,2,14,474,2006,0.31
197,2,14,474,2007,0.3
197,2,14,474,2008,0.29
197,2,14,474,2009,0.29
197,2,14,474,2010,0.28
197,2,14,474,2011,0.27
197,2,14,474,2012,0.27
197,2,14,474,2013,0.26
197,2,14,474,2014,0.25
197,2,14,474,2015,0.24
197,2,14,474,2016,0.23
197,2,14,474,2017,0.22
197,2,15,474,1990,0.23
197,2,15,474,1991,0.24
197,2,15,474,1992,0.25
197,2,15,474,1993,0.26
197,2,15,474,1994,0.28
197,2,15,474,1995,0.3
197,2,15,474,1996,0.32
197,2,15,474,1997,0.34
197,2,15,474,1998,0.36
197,2,15,474,1999,0.38
197,2,15,474,2000,0.4
197,2,15,474,2001,0.41
197,2,15,474,2002,0.42
197,2,15,474,2003,0.42
197,2,15,474,2004,0.42
197,2,15,474,2005,0.42
197,2,15,474,2006,0.41
197,2,15,474,2007,0.39
197,2,15,474,2008,0.39
197,2,15,474,2009,0.38
197,2,15,474,2010,0.38
197,2,15,474,2011,0.37
197,2,15,474,2012,0.37
197,2,15,474,2013,0.36
197,2,15,474,2014,0.35
197,2,15,474,2015,0.34
197,2,15,474,2016,0.33
197,2,15,474,2017,0.32
197,2,16,474,1990,0.25
197,2,16,474,1991,0.26
197,2,16,474,1992,0.27
197,2,16,474,1993,0.28
197,2,16,474,1994,0.3
197,2,16,474,1995,0.33
197,2,16,474,1996,0.35
197,2,16,474,1997,0.38
197,2,16,474,1998,0.42
197,2,16,474,1999,0.45
197,2,16,474,2000,0.48
197,2,16,474,2001,0.49
197,2,16,474,2002,0.51
197,2,16,474,2003,0.51
197,2,16,474,2004,0.51
197,2,16,474,2005,0.51
197,2,16,474,2006,0.49
197,2,16,474,2007,0.48
197,2,16,474,2008,0.47
197,2,16,474,2009,0.46
197,2,16,474,2010,0.45
197,2,16,474,2011,0.45
197,2,16,474,2012,0.45
197,2,16,474,2013,0.45
197,2,16,474,2014,0.44
197,2,16,474,2015,0.42
197,2,16,474,2016,0.41
197,2,16,474,2017,0.41
197,2,17,474,1990,0.27
197,2,17,474,1991,0.28
197,2,17,474,1992,0.29
197,2,17,474,1993,0.3
197,2,17,474,1994,0.32
197,2,17,474,1995,0.35
197,2,17,474,1996,0.38
197,2,17,474,1997,0.41
197,2,17,474,1998,0.45
197,2,17,474,1999,0.49
197,2,17,474,2000,0.52
197,2,17,474,2001,0.55
197,2,17,474,2002,0.57
197,2,17,474,2003,0.59
197,2,17,474,2004,0.6
197,2,17,474,2005,0.6
197,2,17,474,2006,0.59
197,2,17,474,2007,0.57
197,2,17,474,2008,0.56
197,2,17,474,2009,0.55
197,2,17,474,2010,0.54
197,2,17,474,2011,0.53
197,2,17,474,2012,0.53
197,2,17,474,2013,0.53
197,2,17,474,2014,0.52
197,2,17,474,2015,0.5
197,2,17,474,2016,0.49
197,2,17,474,2017,0.48
197,2,18,474,1990,0.34
197,2,18,474,1991,0.35
197,2,18,474,1992,0.35
197,2,18,474,1993,0.36
197,2,18,474,1994,0.37
197,2,18,474,1995,0.4
197,2,18,474,1996,0.43
197,2,18,474,1997,0.46
197,2,18,474,1998,0.49
197,2,18,474,1999,0.53
197,2,18,474,2000,0.56
197,2,18,474,2001,0.58
197,2,18,474,2002,0.61
197,2,18,474,2003,0.63
197,2,18,474,2004,0.65
197,2,18,474,2005,0.67
197,2,18,474,2006,0.67
197,2,18,474,2007,0.67
197,2,18,474,2008,0.67
197,2,18,474,2009,0.67
197,2,18,474,2010,0.67
197,2,18,474,2011,0.67
197,2,18,474,2012,0.67
197,2,18,474,2013,0.67
197,2,18,474,2014,0.65
197,2,18,474,2015,0.63
197,2,18,474,2016,0.62
197,2,18,474,2017,0.61
197,2,19,474,1990,0.4
197,2,19,474,1991,0.4
197,2,19,474,1992,0.41
197,2,19,474,1993,0.42
197,2,19,474,1994,0.43
197,2,19,474,1995,0.45
197,2,19,474,1996,0.47
197,2,19,474,1997,0.5
197,2,19,474,1998,0.53
197,2,19,474,1999,0.56
197,2,19,474,2000,0.58
197,2,19,474,2001,0.6
197,2,19,474,2002,0.61
197,2,19,474,2003,0.63
197,2,19,474,2004,0.64
197,2,19,474,2005,0.65
197,2,19,474,2006,0.65
197,2,19,474,2007,0.65
197,2,19,474,2008,0.66
197,2,19,474,2009,0.68
197,2,19,474,2010,0.69
197,2,19,474,2011,0.71
197,2,19,474,2012,0.73
197,2,19,474,2013,0.75
197,2,19,474,2014,0.75
197,2,19,474,2015,0.74
197,2,19,474,2016,0.74
197,2,19,474,2017,0.74
197,2,20,474,1990,0.44
197,2,20,474,1991,0.46
197,2,20,474,1992,0.47
197,2,20,474,1993,0.49
197,2,20,474,1994,0.51
197,2,20,474,1995,0.54
197,2,20,474,1996,0.57
197,2,20,474,1997,0.6
197,2,20,474,1998,0.64
197,2,20,474,1999,0.66
197,2,20,474,2000,0.68
197,2,20,474,2001,0.69
197,2,20,474,2002,0.71
197,2,20,474,2003,0.71
197,2,20,474,2004,0.71
197,2,20,474,2005,0.71
197,2,20,474,2006,0.68
197,2,20,474,2007,0.67
197,2,20,474,2008,0.67
197,2,20,474,2009,0.67
197,2,20,474,2010,0.68
197,2,20,474,2011,0.7
197,2,20,474,2012,0.72
197,2,20,474,2013,0.76
197,2,20,474,2014,0.78
197,2,20,474,2015,0.79
197,2,20,474,2016,0.81
197,2,20,474,2017,0.83
197,2,22,474,1990,3.03
197,2,22,474,1991,3.12
197,2,22,474,1992,3.21
197,2,22,474,1993,3.31
197,2,22,474,1994,3.47
197,2,22,474,1995,3.71
197,2,22,474,1996,3.94
197,2,22,474,1997,4.22
197,2,22,474,1998,4.53
197,2,22,474,1999,4.8
197,2,22,474,2000,5.06
197,2,22,474,2001,5.21
197,2,22,474,2002,5.4
197,2,22,474,2003,5.47
197,2,22,474,2004,5.52
197,2,22,474,2005,5.56
197,2,22,474,2006,5.39
197,2,22,474,2007,5.26
197,2,22,474,2008,5.21
197,2,22,474,2009,5.19
197,2,22,474,2010,5.13
197,2,22,474,2011,5.15
197,2,22,474,2012,5.2
197,2,22,474,2013,5.25
197,2,22,474,2014,5.21
197,2,22,474,2015,5.11
197,2,22,474,2016,5.07
197,2,22,474,2017,5.1
197,2,30,474,1990,0.33
197,2,30,474,1991,0.34
197,2,30,474,1992,0.36
197,2,30,474,1993,0.37
197,2,30,474,1994,0.39
197,2,30,474,1995,0.42
197,2,30,474,1996,0.45
197,2,30,474,1997,0.49
197,2,30,474,1998,0.52
197,2,30,474,1999,0.55
197,2,30,474,2000,0.57
197,2,30,474,2001,0.58
197,2,30,474,2002,0.59
197,2,30,474,2003,0.59
197,2,30,474,2004,0.59
197,2,30,474,2005,0.59
197,2,30,474,2006,0.57
197,2,30,474,2007,0.55
197,2,30,474,2008,0.54
197,2,30,474,2009,0.53
197,2,30,474,2010,0.52
197,2,30,474,2011,0.52
197,2,30,474,2012,0.53
197,2,30,474,2013,0.55
197,2,30,474,2014,0.56
197,2,30,474,2015,0.56
197,2,30,474,2016,0.58
197,2,30,474,2017,0.61
197,2,31,474,1990,0.19
197,2,31,474,1991,0.19
197,2,31,474,1992,0.2
197,2,31,474,1993,0.2
197,2,31,474,1994,0.21
197,2,31,474,1995,0.22
197,2,31,474,1996,0.23
197,2,31,474,1997,0.25
197,2,31,474,1998,0.27
197,2,31,474,1999,0.28
197,2,31,474,2000,0.3
197,2,31,474,2001,0.31
197,2,31,474,2002,0.32
197,2,31,474,2003,0.33
197,2,31,474,2004,0.33
197,2,31,474,2005,0.33
197,2,31,474,2006,0.32
197,2,31,474,2007,0.31
197,2,31,474,2008,0.3
197,2,31,474,2009,0.3
197,2,31,474,2010,0.29
197,2,31,474,2011,0.29
197,2,31,474,2012,0.3
197,2,31,474,2013,0.3
197,2,31,474,2014,0.3
197,2,31,474,2015,0.3
197,2,31,474,2016,0.3
197,2,31,474,2017,0.31
197,2,32,474,1990,0.07
197,2,32,474,1991,0.08
197,2,32,474,1992,0.08
197,2,32,474,1993,0.08
197,2,32,474,1994,0.08
197,2,32,474,1995,0.09
197,2,32,474,1996,0.09
197,2,32,474,1997,0.09
197,2,32,474,1998,0.1
197,2,32,474,1999,0.1
197,2,32,474,2000,0.11
197,2,32,474,2001,0.11
197,2,32,474,2002,0.12
197,2,32,474,2003,0.12
197,2,32,474,2004,0.13
197,2,32,474,2005,0.13
197,2,32,474,2006,0.13
197,2,32,474,2007,0.12
197,2,32,474,2008,0.12
197,2,32,474,2009,0.12
197,2,32,474,2010,0.12
197,2,32,474,2011,0.12
197,2,32,474,2012,0.12
197,2,32,474,2013,0.12
197,2,32,474,2014,0.12
197,2,32,474,2015,0.12
197,2,32,474,2016,0.12
197,2,32,474,2017,0.13
197,2,235,474,1990,0.01
197,2,235,474,1991,0.01
197,2,235,474,1992,0.01
197,2,235,474,1993,0.01
197,2,235,474,1994,0.01
197,2,235,474,1995,0.01
197,2,235,474,1996,0.01
197,2,235,474,1997,0.02
197,2,235,474,1998,0.02
197,2,235,474,1999,0.02
197,2,235,474,2000,0.02
197,2,235,474,2001,0.02
197,2,235,474,2002,0.02
197,2,235,474,2003,0.02
197,2,235,474,2004,0.02
197,2,235,474,2005,0.02
197,2,235,474,2006,0.02
197,2,235,474,2007,0.02
197,2,235,474,2008,0.02
197,2,235,474,2009,0.02
197,2,235,474,2010,0.02
197,2,235,474,2011,0.02
197,2,235,474,2012,0.02
197,2,235,474,2013,0.02
197,2,235,474,2014,0.02
197,2,235,474,2015,0.02
197,2,235,474,2016,0.02
197,2,235,474,2017,0.02
198,2,8,474,1990,0.27
198,2,8,474,1991,0.27
198,2,8,474,1992,0.28
198,2,8,474,1993,0.28
198,2,8,474,1994,0.29
198,2,8,474,1995,0.31
198,2,8,474,1996,0.31
198,2,8,474,1997,0.32
198,2,8,474,1998,0.35
198,2,8,474,1999,0.4
198,2,8,474,2000,0.46
198,2,8,474,2001,0.5
198,2,8,474,2002,0.55
198,2,8,474,2003,0.56
198,2,8,474,2004,0.57
198,2,8,474,2005,0.55
198,2,8,474,2006,0.53
198,2,8,474,2007,0.51
198,2,8,474,2008,0.51
198,2,8,474,2009,0.5
198,2,8,474,2010,0.48
198,2,8,474,2011,0.42
198,2,8,474,2012,0.38
198,2,8,474,2013,0.36
198,2,8,474,2014,0.34
198,2,8,474,2015,0.33
198,2,8,474,2016,0.33
198,2,8,474,2017,0.33
198,2,9,474,1990,0.37
198,2,9,474,1991,0.37
198,2,9,474,1992,0.38
198,2,9,474,1993,0.39
198,2,9,474,1994,0.4
198,2,9,474,1995,0.43
198,2,9,474,1996,0.43
198,2,9,474,1997,0.45
198,2,9,474,1998,0.5
198,2,9,474,1999,0.58
198,2,9,474,2000,0.69
198,2,9,474,2001,0.76
198,2,9,474,2002,0.86
198,2,9,474,2003,0.89
198,2,9,474,2004,0.94
198,2,9,474,2005,0.93
198,2,9,474,2006,0.9
198,2,9,474,2007,0.87
198,2,9,474,2008,0.87
198,2,9,474,2009,0.86
198,2,9,474,2010,0.81
198,2,9,474,2011,0.7
198,2,9,474,2012,0.62
198,2,9,474,2013,0.58
198,2,9,474,2014,0.55
198,2,9,474,2015,0.52
198,2,9,474,2016,0.51
198,2,9,474,2017,0.51
198,2,10,474,1990,0.72
198,2,10,474,1991,0.7
198,2,10,474,1992,0.73
198,2,10,474,1993,0.75
198,2,10,474,1994,0.78
198,2,10,474,1995,0.83
198,2,10,474,1996,0.84
198,2,10,474,1997,0.89
198,2,10,474,1998,1
198,2,10,474,1999,1.15
198,2,10,474,2000,1.33
198,2,10,474,2001,1.48
198,2,10,474,2002,1.66
198,2,10,474,2003,1.75
198,2,10,474,2004,1.88
198,2,10,474,2005,1.86
198,2,10,474,2006,1.83
198,2,10,474,2007,1.8
198,2,10,474,2008,1.83
198,2,10,474,2009,1.85
198,2,10,474,2010,1.78
198,2,10,474,2011,1.57
198,2,10,474,2012,1.43
198,2,10,474,2013,1.33
198,2,10,474,2014,1.27
198,2,10,474,2015,1.21
198,2,10,474,2016,1.17
198,2,10,474,2017,1.16
198,2,11,474,1990,0.99
198,2,11,474,1991,0.96
198,2,11,474,1992,1.01
198,2,11,474,1993,1.04
198,2,11,474,1994,1.07
198,2,11,474,1995,1.15
198,2,11,474,1996,1.14
198,2,11,474,1997,1.2
198,2,11,474,1998,1.31
198,2,11,474,1999,1.44
198,2,11,474,2000,1.62
198,2,11,474,2001,1.8
198,2,11,474,2002,2.03
198,2,11,474,2003,2.14
198,2,11,474,2004,2.3
198,2,11,474,2005,2.28
198,2,11,474,2006,2.26
198,2,11,474,2007,2.25
198,2,11,474,2008,2.31
198,2,11,474,2009,2.37
198,2,11,474,2010,2.31
198,2,11,474,2011,2.08
198,2,11,474,2012,1.96
198,2,11,474,2013,1.88
198,2,11,474,2014,1.83
198,2,11,474,2015,1.78
198,2,11,474,2016,1.75
198,2,11,474,2017,1.74
198,2,12,474,1990,1.63
198,2,12,474,1991,1.57
198,2,12,474,1992,1.65
198,2,12,474,1993,1.72
198,2,12,474,1994,1.81
198,2,12,474,1995,1.96
198,2,12,474,1996,1.95
198,2,12,474,1997,2.04
198,2,12,474,1998,2.23
198,2,12,474,1999,2.4
198,2,12,474,2000,2.6
198,2,12,474,2001,2.81
198,2,12,474,2002,3.08
198,2,12,474,2003,3.18
198,2,12,474,2004,3.34
198,2,12,474,2005,3.31
198,2,12,474,2006,3.28
198,2,12,474,2007,3.27
198,2,12,474,2008,3.37
198,2,12,474,2009,3.49
198,2,12,474,2010,3.44
198,2,12,474,2011,3.18
198,2,12,474,2012,3.05
198,2,12,474,2013,2.99
198,2,12,474,2014,2.98
198,2,12,474,2015,2.97
198,2,12,474,2016,3.01
198,2,12,474,2017,3.06
198,2,13,474,1990,2.52
198,2,13,474,1991,2.53
198,2,13,474,1992,2.79
198,2,13,474,1993,3.02
198,2,13,474,1994,3.27
198,2,13,474,1995,3.66
198,2,13,474,1996,3.65
198,2,13,474,1997,3.84
198,2,13,474,1998,4.28
198,2,13,474,1999,4.6
198,2,13,474,2000,4.89
198,2,13,474,2001,5.19
198,2,13,474,2002,5.55
198,2,13,474,2003,5.58
198,2,13,474,2004,5.67
198,2,13,474,2005,5.47
198,2,13,474,2006,5.29
198,2,13,474,2007,5.14
198,2,13,474,2008,5.18
198,2,13,474,2009,5.25
198,2,13,474,2010,5.15
198,2,13,474,2011,4.8
198,2,13,474,2012,4.67
198,2,13,474,2013,4.63
198,2,13,474,2014,4.69
198,2,13,474,2015,4.75
198,2,13,474,2016,4.89
198,2,13,474,2017,5.08
198,2,14,474,1990,3.38
198,2,14,474,1991,3.3
198,2,14,474,1992,3.47
198,2,14,474,1993,3.61
198,2,14,474,1994,3.78
198,2,14,474,1995,4.09
198,2,14,474,1996,4.26
198,2,14,474,1997,4.67
198,2,14,474,1998,5.45
198,2,14,474,1999,6.16
198,2,14,474,2000,6.86
198,2,14,474,2001,7.34
198,2,14,474,2002,7.93
198,2,14,474,2003,8.12
198,2,14,474,2004,8.4
198,2,14,474,2005,8.23
198,2,14,474,2006,8.06
198,2,14,474,2007,7.88
198,2,14,474,2008,7.87
198,2,14,474,2009,7.85
198,2,14,474,2010,7.55
198,2,14,474,2011,6.85
198,2,14,474,2012,6.49
198,2,14,474,2013,6.31
198,2,14,474,2014,6.28
198,2,14,474,2015,6.3
198,2,14,474,2016,6.45
198,2,14,474,2017,6.67
198,2,15,474,1990,5
198,2,15,474,1991,4.88
198,2,15,474,1992,5.02
198,2,15,474,1993,5.13
198,2,15,474,1994,5.27
198,2,15,474,1995,5.59
198,2,15,474,1996,5.68
198,2,15,474,1997,6.08
198,2,15,474,1998,6.97
198,2,15,474,1999,7.78
198,2,15,474,2000,8.43
198,2,15,474,2001,9.32
198,2,15,474,2002,10.36
198,2,15,474,2003,11.08
198,2,15,474,2004,11.89
198,2,15,474,2005,12.11
198,2,15,474,2006,12.01
198,2,15,474,2007,11.88
198,2,15,474,2008,11.96
198,2,15,474,2009,12.04
198,2,15,474,2010,11.77
198,2,15,474,2011,10.81
198,2,15,474,2012,10.23
198,2,15,474,2013,9.84
198,2,15,474,2014,9.6
198,2,15,474,2015,9.39
198,2,15,474,2016,9.32
198,2,15,474,2017,9.38
198,2,16,474,1990,6.67
198,2,16,474,1991,6.7
198,2,16,474,1992,7.07
198,2,16,474,1993,7.3
198,2,16,474,1994,7.53
198,2,16,474,1995,7.97
198,2,16,474,1996,7.97
198,2,16,474,1997,8.38
198,2,16,474,1998,9.5
198,2,16,474,1999,10.5
198,2,16,474,2000,11.22
198,2,16,474,2001,11.96
198,2,16,474,2002,12.74
198,2,16,474,2003,13.17
198,2,16,474,2004,13.7
198,2,16,474,2005,13.82
198,2,16,474,2006,14.41
198,2,16,474,2007,14.92
198,2,16,474,2008,15.64
198,2,16,474,2009,16.26
198,2,16,474,2010,16.43
198,2,16,474,2011,15.11
198,2,16,474,2012,14.29
198,2,16,474,2013,13.78
198,2,16,474,2014,13.48
198,2,16,474,2015,13.18
198,2,16,474,2016,13.08
198,2,16,474,2017,13.09
198,2,17,474,1990,8.83
198,2,17,474,1991,8.65
198,2,17,474,1992,8.84
198,2,17,474,1993,9.09
198,2,17,474,1994,9.4
198,2,17,474,1995,10
198,2,17,474,1996,10.14
198,2,17,474,1997,10.73
198,2,17,474,1998,12.05
198,2,17,474,1999,13.3
198,2,17,474,2000,14.23
198,2,17,474,2001,15.06
198,2,17,474,2002,15.91
198,2,17,474,2003,16.41
198,2,17,474,2004,17.02
198,2,17,474,2005,17.48
198,2,17,474,2006,17.95
198,2,17,474,2007,18.33
198,2,17,474,2008,18.84
198,2,17,474,2009,19.32
198,2,17,474,2010,19.27
198,2,17,474,2011,18.51
198,2,17,474,2012,18.22
198,2,17,474,2013,18.29
198,2,17,474,2014,18.51
198,2,17,474,2015,18.67
198,2,17,474,2016,18.56
198,2,17,474,2017,18.66
198,2,18,474,1990,12.4
198,2,18,474,1991,12.66
198,2,18,474,1992,13.21
198,2,18,474,1993,13.43
198,2,18,474,1994,13.6
198,2,18,474,1995,14.08
198,2,18,474,1996,13.91
198,2,18,474,1997,14.3
198,2,18,474,1998,15.82
198,2,18,474,1999,17.34
198,2,18,474,2000,18.48
198,2,18,474,2001,19.51
198,2,18,474,2002,20.5
198,2,18,474,2003,20.83
198,2,18,474,2004,21.24
198,2,18,474,2005,21.44
198,2,18,474,2006,21.7
198,2,18,474,2007,21.99
198,2,18,474,2008,22.65
198,2,18,474,2009,23.41
198,2,18,474,2010,23.79
198,2,18,474,2011,22.54
198,2,18,474,2012,21.86
198,2,18,474,2013,21.48
198,2,18,474,2014,21.41
198,2,18,474,2015,21.27
198,2,18,474,2016,22.14
198,2,18,474,2017,23.19
198,2,19,474,1990,13.29
198,2,19,474,1991,13.31
198,2,19,474,1992,13.53
198,2,19,474,1993,14.07
198,2,19,474,1994,14.72
198,2,19,474,1995,15.76
198,2,19,474,1996,16.48
198,2,19,474,1997,17.64
198,2,19,474,1998,19.49
198,2,19,474,1999,21.35
198,2,19,474,2000,22.68
198,2,19,474,2001,23.33
198,2,19,474,2002,23.91
198,2,19,474,2003,24.06
198,2,19,474,2004,24.31
198,2,19,474,2005,24.01
198,2,19,474,2006,23.88
198,2,19,474,2007,23.78
198,2,19,474,2008,23.8
198,2,19,474,2009,23.91
198,2,19,474,2010,23.65
198,2,19,474,2011,21.94
198,2,19,474,2012,21.07
198,2,19,474,2013,20.79
198,2,19,474,2014,20.98
198,2,19,474,2015,21.3
198,2,19,474,2016,21.95
198,2,19,474,2017,22.8
198,2,20,474,1990,12.64
198,2,20,474,1991,13.28
198,2,20,474,1992,14.01
198,2,20,474,1993,14.38
198,2,20,474,1994,14.8
198,2,20,474,1995,15.52
198,2,20,474,1996,15.93
198,2,20,474,1997,16.89
198,2,20,474,1998,19.18
198,2,20,474,1999,21.8
198,2,20,474,2000,24.34
198,2,20,474,2001,26.1
198,2,20,474,2002,27.53
198,2,20,474,2003,27.47
198,2,20,474,2004,27.27
198,2,20,474,2005,26.15
198,2,20,474,2006,25.05
198,2,20,474,2007,24.06
198,2,20,474,2008,23.64
198,2,20,474,2009,23.36
198,2,20,474,2010,22.78
198,2,20,474,2011,20.93
198,2,20,474,2012,19.94
198,2,20,474,2013,19.29
198,2,20,474,2014,19.08
198,2,20,474,2015,19.02
198,2,20,474,2016,19.36
198,2,20,474,2017,20.06
198,2,22,474,1990,83.87
198,2,22,474,1991,84.81
198,2,22,474,1992,88.39
198,2,22,474,1993,91.46
198,2,22,474,1994,94.92
198,2,22,474,1995,101.03
198,2,22,474,1996,103.82
198,2,22,474,1997,110.68
198,2,22,474,1998,123.88
198,2,22,474,1999,137.12
198,2,22,474,2000,148.44
198,2,22,474,2001,157.48
198,2,22,474,2002,166.5
198,2,22,474,2003,169.88
198,2,22,474,2004,174.04
198,2,22,474,2005,172.64
198,2,22,474,2006,171.45
198,2,22,474,2007,170.04
198,2,22,474,2008,170.84
198,2,22,474,2009,171.86
198,2,22,474,2010,169.19
198,2,22,474,2011,156.22
198,2,22,474,2012,148.94
198,2,22,474,2013,144.95
198,2,22,474,2014,143.69
198,2,22,474,2015,142.88
198,2,22,474,2016,144.71
198,2,22,474,2017,148.35
198,2,30,474,1990,8.9
198,2,30,474,1991,9.16
198,2,30,474,1992,9.52
198,2,30,474,1993,9.93
198,2,30,474,1994,10.44
198,2,30,474,1995,11.25
198,2,30,474,1996,12.27
198,2,30,474,1997,13.74
198,2,30,474,1998,15.38
198,2,30,474,1999,17.11
198,2,30,474,2000,18.71
198,2,30,474,2001,19.48
198,2,30,474,2002,20.22
198,2,30,474,2003,20.82
198,2,30,474,2004,21.5
198,2,30,474,2005,21.32
198,2,30,474,2006,21.03
198,2,30,474,2007,20.48
198,2,30,474,2008,19.69
198,2,30,474,2009,18.89
198,2,30,474,2010,17.81
198,2,30,474,2011,15.71
198,2,30,474,2012,14.39
198,2,30,474,2013,13.67
198,2,30,474,2014,13.31
198,2,30,474,2015,13.11
198,2,30,474,2016,13.24
198,2,30,474,2017,13.64
198,2,31,474,1990,4.65
198,2,31,474,1991,4.81
198,2,31,474,1992,5.06
198,2,31,474,1993,5.33
198,2,31,474,1994,5.63
198,2,31,474,1995,6.08
198,2,31,474,1996,6.41
198,2,31,474,1997,6.94
198,2,31,474,1998,7.65
198,2,31,474,1999,8.33
198,2,31,474,2000,8.96
198,2,31,474,2001,9.73
198,2,31,474,2002,10.44
198,2,31,474,2003,10.52
198,2,31,474,2004,10.65
198,2,31,474,2005,10.33
198,2,31,474,2006,9.92
198,2,31,474,2007,9.53
198,2,31,474,2008,9.43
198,2,31,474,2009,9.35
198,2,31,474,2010,9.14
198,2,31,474,2011,8.33
198,2,31,474,2012,7.76
198,2,31,474,2013,7.25
198,2,31,474,2014,6.89
198,2,31,474,2015,6.6
198,2,31,474,2016,6.43
198,2,31,474,2017,6.42
198,2,32,474,1990,1.4
198,2,32,474,1991,1.47
198,2,32,474,1992,1.6
198,2,32,474,1993,1.72
198,2,32,474,1994,1.86
198,2,32,474,1995,2.03
198,2,32,474,1996,2.12
198,2,32,474,1997,2.23
198,2,32,474,1998,2.37
198,2,32,474,1999,2.49
198,2,32,474,2000,2.56
198,2,32,474,2001,2.69
198,2,32,474,2002,2.81
198,2,32,474,2003,2.86
198,2,32,474,2004,2.94
198,2,32,474,2005,2.92
198,2,32,474,2006,2.94
198,2,32,474,2007,2.94
198,2,32,474,2008,2.84
198,2,32,474,2009,2.76
198,2,32,474,2010,2.66
198,2,32,474,2011,2.38
198,2,32,474,2012,2.22
198,2,32,474,2013,2.17
198,2,32,474,2014,2.16
198,2,32,474,2015,2.17
198,2,32,474,2016,2.2
198,2,32,474,2017,2.24
198,2,235,474,1990,0.2
198,2,235,474,1991,0.21
198,2,235,474,1992,0.23
198,2,235,474,1993,0.25
198,2,235,474,1994,0.27
198,2,235,474,1995,0.3
198,2,235,474,1996,0.32
198,2,235,474,1997,0.34
198,2,235,474,1998,0.36
198,2,235,474,1999,0.37
198,2,235,474,2000,0.38
198,2,235,474,2001,0.4
198,2,235,474,2002,0.42
198,2,235,474,2003,0.43
198,2,235,474,2004,0.43
198,2,235,474,2005,0.42
198,2,235,474,2006,0.41
198,2,235,474,2007,0.4
198,2,235,474,2008,0.4
198,2,235,474,2009,0.39
198,2,235,474,2010,0.39
198,2,235,474,2011,0.36
198,2,235,474,2012,0.35
198,2,235,474,2013,0.33
198,2,235,474,2014,0.32
198,2,235,474,2015,0.31
198,2,235,474,2016,0.31
198,2,235,474,2017,0.31
200,2,8,474,1990,0.06
200,2,8,474,1991,0.06
200,2,8,474,1992,0.06
200,2,8,474,1993,0.07
200,2,8,474,1994,0.07
200,2,8,474,1995,0.07
200,2,8,474,1996,0.07
200,2,8,474,1997,0.08
200,2,8,474,1998,0.08
200,2,8,474,1999,0.08
200,2,8,474,2000,0.08
200,2,8,474,2001,0.08
200,2,8,474,2002,0.08
200,2,8,474,2003,0.08
200,2,8,474,2004,0.08
200,2,8,474,2005,0.07
200,2,8,474,2006,0.07
200,2,8,474,2007,0.07
200,2,8,474,2008,0.07
200,2,8,474,2009,0.07
200,2,8,474,2010,0.07
200,2,8,474,2011,0.07
200,2,8,474,2012,0.07
200,2,8,474,2013,0.07
200,2,8,474,2014,0.07
200,2,8,474,2015,0.07
200,2,8,474,2016,0.07
200,2,8,474,2017,0.07
200,2,9,474,1990,0.08
200,2,9,474,1991,0.08
200,2,9,474,1992,0.08
200,2,9,474,1993,0.09
200,2,9,474,1994,0.09
200,2,9,474,1995,0.1
200,2,9,474,1996,0.1
200,2,9,474,1997,0.1
200,2,9,474,1998,0.1
200,2,9,474,1999,0.1
200,2,9,474,2000,0.11
200,2,9,474,2001,0.11
200,2,9,474,2002,0.11
200,2,9,474,2003,0.11
200,2,9,474,2004,0.11
200,2,9,474,2005,0.1
200,2,9,474,2006,0.1
200,2,9,474,2007,0.1
200,2,9,474,2008,0.1
200,2,9,474,2009,0.09
200,2,9,474,2010,0.09
200,2,9,474,2011,0.09
200,2,9,474,2012,0.09
200,2,9,474,2013,0.08
200,2,9,474,2014,0.08
200,2,9,474,2015,0.08
200,2,9,474,2016,0.08
200,2,9,474,2017,0.08
200,2,10,474,1990,0.21
200,2,10,474,1991,0.22
200,2,10,474,1992,0.23
200,2,10,474,1993,0.24
200,2,10,474,1994,0.25
200,2,10,474,1995,0.26
200,2,10,474,1996,0.27
200,2,10,474,1997,0.27
200,2,10,474,1998,0.28
200,2,10,474,1999,0.28
200,2,10,474,2000,0.28
200,2,10,474,2001,0.28
200,2,10,474,2002,0.28
200,2,10,474,2003,0.28
200,2,10,474,2004,0.28
200,2,10,474,2005,0.28
200,2,10,474,2006,0.27
200,2,10,474,2007,0.26
200,2,10,474,2008,0.25
200,2,10,474,2009,0.25
200,2,10,474,2010,0.24
200,2,10,474,2011,0.23
200,2,10,474,2012,0.22
200,2,10,474,2013,0.21
200,2,10,474,2014,0.2
200,2,10,474,2015,0.2
200,2,10,474,2016,0.2
200,2,10,474,2017,0.2
200,2,11,474,1990,0.17
200,2,11,474,1991,0.17
200,2,11,474,1992,0.18
200,2,11,474,1993,0.19
200,2,11,474,1994,0.21
200,2,11,474,1995,0.22
200,2,11,474,1996,0.22
200,2,11,474,1997,0.23
200,2,11,474,1998,0.23
200,2,11,474,1999,0.23
200,2,11,474,2000,0.23
200,2,11,474,2001,0.23
200,2,11,474,2002,0.23
200,2,11,474,2003,0.23
200,2,11,474,2004,0.22
200,2,11,474,2005,0.22
200,2,11,474,2006,0.22
200,2,11,474,2007,0.22
200,2,11,474,2008,0.21
200,2,11,474,2009,0.21
200,2,11,474,2010,0.21
200,2,11,474,2011,0.2
200,2,11,474,2012,0.19
200,2,11,474,2013,0.19
200,2,11,474,2014,0.19
200,2,11,474,2015,0.18
200,2,11,474,2016,0.18
200,2,11,474,2017,0.18
200,2,12,474,1990,0.24
200,2,12,474,1991,0.25
200,2,12,474,1992,0.27
200,2,12,474,1993,0.28
200,2,12,474,1994,0.3
200,2,12,474,1995,0.31
200,2,12,474,1996,0.33
200,2,12,474,1997,0.34
200,2,12,474,1998,0.34
200,2,12,474,1999,0.34
200,2,12,474,2000,0.34
200,2,12,474,2001,0.34
200,2,12,474,2002,0.33
200,2,12,474,2003,0.33
200,2,12,474,2004,0.33
200,2,12,474,2005,0.33
200,2,12,474,2006,0.32
200,2,12,474,2007,0.32
200,2,12,474,2008,0.31
200,2,12,474,2009,0.32
200,2,12,474,2010,0.32
200,2,12,474,2011,0.31
200,2,12,474,2012,0.3
200,2,12,474,2013,0.3
200,2,12,474,2014,0.3
200,2,12,474,2015,0.3
200,2,12,474,2016,0.29
200,2,12,474,2017,0.3
200,2,13,474,1990,0.41
200,2,13,474,1991,0.44
200,2,13,474,1992,0.47
200,2,13,474,1993,0.48
200,2,13,474,1994,0.5
200,2,13,474,1995,0.54
200,2,13,474,1996,0.56
200,2,13,474,1997,0.57
200,2,13,474,1998,0.58
200,2,13,474,1999,0.58
200,2,13,474,2000,0.59
200,2,13,474,2001,0.58
200,2,13,474,2002,0.58
200,2,13,474,2003,0.58
200,2,13,474,2004,0.57
200,2,13,474,2005,0.57
200,2,13,474,2006,0.56
200,2,13,474,2007,0.55
200,2,13,474,2008,0.55
200,2,13,474,2009,0.55
200,2,13,474,2010,0.55
200,2,13,474,2011,0.53
200,2,13,474,2012,0.52
200,2,13,474,2013,0.52
200,2,13,474,2014,0.52
200,2,13,474,2015,0.53
200,2,13,474,2016,0.53
200,2,13,474,2017,0.55
200,2,14,474,1990,0.6
200,2,14,474,1991,0.62
200,2,14,474,1992,0.63
200,2,14,474,1993,0.66
200,2,14,474,1994,0.69
200,2,14,474,1995,0.69
200,2,14,474,1996,0.73
200,2,14,474,1997,0.76
200,2,14,474,1998,0.76
200,2,14,474,1999,0.76
200,2,14,474,2000,0.79
200,2,14,474,2001,0.78
200,2,14,474,2002,0.78
200,2,14,474,2003,0.78
200,2,14,474,2004,0.79
200,2,14,474,2005,0.79
200,2,14,474,2006,0.79
200,2,14,474,2007,0.78
200,2,14,474,2008,0.78
200,2,14,474,2009,0.79
200,2,14,474,2010,0.8
200,2,14,474,2011,0.78
200,2,14,474,2012,0.76
200,2,14,474,2013,0.76
200,2,14,474,2014,0.76
200,2,14,474,2015,0.76
200,2,14,474,2016,0.76
200,2,14,474,2017,0.78
200,2,15,474,1990,0.99
200,2,15,474,1991,1.02
200,2,15,474,1992,1.05
200,2,15,474,1993,1.08
200,2,15,474,1994,1.13
200,2,15,474,1995,1.16
200,2,15,474,1996,1.18
200,2,15,474,1997,1.17
200,2,15,474,1998,1.21
200,2,15,474,1999,1.22
200,2,15,474,2000,1.17
200,2,15,474,2001,1.19
200,2,15,474,2002,1.2
200,2,15,474,2003,1.18
200,2,15,474,2004,1.17
200,2,15,474,2005,1.22
200,2,15,474,2006,1.2
200,2,15,474,2007,1.2
200,2,15,474,2008,1.21
200,2,15,474,2009,1.22
200,2,15,474,2010,1.25
200,2,15,474,2011,1.2
200,2,15,474,2012,1.17
200,2,15,474,2013,1.16
200,2,15,474,2014,1.16
200,2,15,474,2015,1.16
200,2,15,474,2016,1.17
200,2,15,474,2017,1.21
200,2,16,474,1990,1.51
200,2,16,474,1991,1.53
200,2,16,474,1992,1.56
200,2,16,474,1993,1.6
200,2,16,474,1994,1.64
200,2,16,474,1995,1.69
200,2,16,474,1996,1.72
200,2,16,474,1997,1.75
200,2,16,474,1998,1.77
200,2,16,474,1999,1.79
200,2,16,474,2000,1.78
200,2,16,474,2001,1.75
200,2,16,474,2002,1.72
200,2,16,474,2003,1.74
200,2,16,474,2004,1.75
200,2,16,474,2005,1.69
200,2,16,474,2006,1.7
200,2,16,474,2007,1.72
200,2,16,474,2008,1.69
200,2,16,474,2009,1.69
200,2,16,474,2010,1.78
200,2,16,474,2011,1.69
200,2,16,474,2012,1.64
200,2,16,474,2013,1.63
200,2,16,474,2014,1.62
200,2,16,474,2015,1.62
200,2,16,474,2016,1.63
200,2,16,474,2017,1.69
200,2,17,474,1990,2.38
200,2,17,474,1991,2.45
200,2,17,474,1992,2.52
200,2,17,474,1993,2.58
200,2,17,474,1994,2.66
200,2,17,474,1995,2.73
200,2,17,474,1996,2.77
200,2,17,474,1997,2.8
200,2,17,474,1998,2.83
200,2,17,474,1999,2.79
200,2,17,474,2000,2.76
200,2,17,474,2001,2.72
200,2,17,474,2002,2.69
200,2,17,474,2003,2.65
200,2,17,474,2004,2.66
200,2,17,474,2005,2.63
200,2,17,474,2006,2.56
200,2,17,474,2007,2.5
200,2,17,474,2008,2.54
200,2,17,474,2009,2.57
200,2,17,474,2010,2.5
200,2,17,474,2011,2.41
200,2,17,474,2012,2.37
200,2,17,474,2013,2.3
200,2,17,474,2014,2.25
200,2,17,474,2015,2.32
200,2,17,474,2016,2.31
200,2,17,474,2017,2.37
200,2,18,474,1990,3.14
200,2,18,474,1991,3.25
200,2,18,474,1992,3.38
200,2,18,474,1993,3.43
200,2,18,474,1994,3.53
200,2,18,474,1995,3.62
200,2,18,474,1996,3.7
200,2,18,474,1997,3.75
200,2,18,474,1998,3.78
200,2,18,474,1999,3.8
200,2,18,474,2000,3.76
200,2,18,474,2001,3.72
200,2,18,474,2002,3.69
200,2,18,474,2003,3.67
200,2,18,474,2004,3.6
200,2,18,474,2005,3.57
200,2,18,474,2006,3.48
200,2,18,474,2007,3.41
200,2,18,474,2008,3.36
200,2,18,474,2009,3.39
200,2,18,474,2010,3.38
200,2,18,474,2011,3.15
200,2,18,474,2012,2.99
200,2,18,474,2013,2.99
200,2,18,474,2014,2.98
200,2,18,474,2015,2.84
200,2,18,474,2016,2.88
200,2,18,474,2017,3.01
200,2,19,474,1990,4.14
200,2,19,474,1991,4.22
200,2,19,474,1992,4.33
200,2,19,474,1993,4.45
200,2,19,474,1994,4.58
200,2,19,474,1995,4.77
200,2,19,474,1996,4.9
200,2,19,474,1997,4.98
200,2,19,474,1998,4.96
200,2,19,474,1999,4.92
200,2,19,474,2000,4.87
200,2,19,474,2001,4.83
200,2,19,474,2002,4.81
200,2,19,474,2003,4.8
200,2,19,474,2004,4.83
200,2,19,474,2005,4.84
200,2,19,474,2006,4.77
200,2,19,474,2007,4.73
200,2,19,474,2008,4.73
200,2,19,474,2009,4.69
200,2,19,474,2010,4.69
200,2,19,474,2011,4.39
200,2,19,474,2012,4.2
200,2,19,474,2013,4.08
200,2,19,474,2014,4.04
200,2,19,474,2015,3.97
200,2,19,474,2016,3.9
200,2,19,474,2017,3.93
200,2,20,474,1990,4.13
200,2,20,474,1991,4.23
200,2,20,474,1992,4.36
200,2,20,474,1993,4.42
200,2,20,474,1994,4.5
200,2,20,474,1995,4.6
200,2,20,474,1996,4.69
200,2,20,474,1997,4.76
200,2,20,474,1998,4.85
200,2,20,474,1999,4.91
200,2,20,474,2000,5.04
200,2,20,474,2001,5.13
200,2,20,474,2002,5.21
200,2,20,474,2003,5.2
200,2,20,474,2004,5.23
200,2,20,474,2005,5.27
200,2,20,474,2006,5.25
200,2,20,474,2007,5.27
200,2,20,474,2008,5.3
200,2,20,474,2009,5.4
200,2,20,474,2010,5.48
200,2,20,474,2011,5.2
200,2,20,474,2012,5.04
200,2,20,474,2013,4.96
200,2,20,474,2014,4.83
200,2,20,474,2015,4.75
200,2,20,474,2016,4.69
200,2,20,474,2017,4.74
200,2,22,474,1990,23.42
200,2,22,474,1991,23.93
200,2,22,474,1992,24.57
200,2,22,474,1993,25.12
200,2,22,474,1994,25.83
200,2,22,474,1995,26.58
200,2,22,474,1996,27.21
200,2,22,474,1997,27.62
200,2,22,474,1998,27.89
200,2,22,474,1999,27.98
200,2,22,474,2000,28.07
200,2,22,474,2001,28.15
200,2,22,474,2002,28.3
200,2,22,474,2003,28.38
200,2,22,474,2004,28.59
200,2,22,474,2005,28.82
200,2,22,474,2006,28.66
200,2,22,474,2007,28.64
200,2,22,474,2008,28.67
200,2,22,474,2009,28.92
200,2,22,474,2010,29.2
200,2,22,474,2011,27.65
200,2,22,474,2012,26.78
200,2,22,474,2013,26.28
200,2,22,474,2014,26
200,2,22,474,2015,25.79
200,2,22,474,2016,25.81
200,2,22,474,2017,26.48
200,2,30,474,1990,3.48
200,2,30,474,1991,3.51
200,2,30,474,1992,3.58
200,2,30,474,1993,3.67
200,2,30,474,1994,3.78
200,2,30,474,1995,3.91
200,2,30,474,1996,4.02
200,2,30,474,1997,4.1
200,2,30,474,1998,4.12
200,2,30,474,1999,4.15
200,2,30,474,2000,4.21
200,2,30,474,2001,4.29
200,2,30,474,2002,4.4
200,2,30,474,2003,4.53
200,2,30,474,2004,4.68
200,2,30,474,2005,4.9
200,2,30,474,2006,4.98
200,2,30,474,2007,5.07
200,2,30,474,2008,5.06
200,2,30,474,2009,5.11
200,2,30,474,2010,5.17
200,2,30,474,2011,4.88
200,2,30,474,2012,4.73
200,2,30,474,2013,4.63
200,2,30,474,2014,4.62
200,2,30,474,2015,4.62
200,2,30,474,2016,4.66
200,2,30,474,2017,4.81
200,2,31,474,1990,1.39
200,2,31,474,1991,1.39
200,2,31,474,1992,1.4
200,2,31,474,1993,1.41
200,2,31,474,1994,1.43
200,2,31,474,1995,1.45
200,2,31,474,1996,1.48
200,2,31,474,1997,1.5
200,2,31,474,1998,1.53
200,2,31,474,1999,1.56
200,2,31,474,2000,1.61
200,2,31,474,2001,1.66
200,2,31,474,2002,1.7
200,2,31,474,2003,1.73
200,2,31,474,2004,1.77
200,2,31,474,2005,1.82
200,2,31,474,2006,1.85
200,2,31,474,2007,1.89
200,2,31,474,2008,1.93
200,2,31,474,2009,1.98
200,2,31,474,2010,2.06
200,2,31,474,2011,1.96
200,2,31,474,2012,1.91
200,2,31,474,2013,1.85
200,2,31,474,2014,1.82
200,2,31,474,2015,1.83
200,2,31,474,2016,1.85
200,2,31,474,2017,1.94
200,2,32,474,1990,0.41
200,2,32,474,1991,0.41
200,2,32,474,1992,0.4
200,2,32,474,1993,0.4
200,2,32,474,1994,0.39
200,2,32,474,1995,0.39
200,2,32,474,1996,0.39
200,2,32,474,1997,0.39
200,2,32,474,1998,0.39
200,2,32,474,1999,0.39
200,2,32,474,2000,0.39
200,2,32,474,2001,0.4
200,2,32,474,2002,0.41
200,2,32,474,2003,0.42
200,2,32,474,2004,0.44
200,2,32,474,2005,0.46
200,2,32,474,2006,0.47
200,2,32,474,2007,0.48
200,2,32,474,2008,0.49
200,2,32,474,2009,0.5
200,2,32,474,2010,0.51
200,2,32,474,2011,0.49
200,2,32,474,2012,0.48
200,2,32,474,2013,0.48
200,2,32,474,2014,0.48
200,2,32,474,2015,0.5
200,2,32,474,2016,0.51
200,2,32,474,2017,0.54
200,2,235,474,1990,0.07
200,2,235,474,1991,0.07
200,2,235,474,1992,0.07
200,2,235,474,1993,0.07
200,2,235,474,1994,0.07
200,2,235,474,1995,0.07
200,2,235,474,1996,0.07
200,2,235,474,1997,0.07
200,2,235,474,1998,0.07
200,2,235,474,1999,0.07
200,2,235,474,2000,0.07
200,2,235,474,2001,0.07
200,2,235,474,2002,0.07
200,2,235,474,2003,0.07
200,2,235,474,2004,0.07
200,2,235,474,2005,0.07
200,2,235,474,2006,0.07
200,2,235,474,2007,0.08
200,2,235,474,2008,0.08
200,2,235,474,2009,0.08
200,2,235,474,2010,0.08
200,2,235,474,2011,0.08
200,2,235,474,2012,0.08
200,2,235,474,2013,0.08
200,2,235,474,2014,0.08
200,2,235,474,2015,0.08
200,2,235,474,2016,0.08
200,2,235,474,2017,0.08
201,2,8,474,1990,0.16
201,2,8,474,1991,0.16
201,2,8,474,1992,0.17
201,2,8,474,1993,0.17
201,2,8,474,1994,0.17
201,2,8,474,1995,0.17
201,2,8,474,1996,0.17
201,2,8,474,1997,0.17
201,2,8,474,1998,0.17
201,2,8,474,1999,0.17
201,2,8,474,2000,0.17
201,2,8,474,2001,0.17
201,2,8,474,2002,0.17
201,2,8,474,2003,0.16
201,2,8,474,2004,0.16
201,2,8,474,2005,0.15
201,2,8,474,2006,0.12
201,2,8,474,2007,0.1
201,2,8,474,2008,0.1
201,2,8,474,2009,0.1
201,2,8,474,2010,0.1
201,2,8,474,2011,0.1
201,2,8,474,2012,0.11
201,2,8,474,2013,0.11
201,2,8,474,2014,0.11
201,2,8,474,2015,0.12
201,2,8,474,2016,0.12
201,2,8,474,2017,0.12
201,2,9,474,1990,0.2
201,2,9,474,1991,0.2
201,2,9,474,1992,0.2
201,2,9,474,1993,0.2
201,2,9,474,1994,0.2
201,2,9,474,1995,0.2
201,2,9,474,1996,0.2
201,2,9,474,1997,0.21
201,2,9,474,1998,0.21
201,2,9,474,1999,0.21
201,2,9,474,2000,0.21
201,2,9,474,2001,0.21
201,2,9,474,2002,0.21
201,2,9,474,2003,0.2
201,2,9,474,2004,0.2
201,2,9,474,2005,0.19
201,2,9,474,2006,0.15
201,2,9,474,2007,0.13
201,2,9,474,2008,0.12
201,2,9,474,2009,0.12
201,2,9,474,2010,0.12
201,2,9,474,2011,0.12
201,2,9,474,2012,0.13
201,2,9,474,2013,0.13
201,2,9,474,2014,0.13
201,2,9,474,2015,0.13
201,2,9,474,2016,0.14
201,2,9,474,2017,0.14
201,2,10,474,1990,0.6
201,2,10,474,1991,0.6
201,2,10,474,1992,0.6
201,2,10,474,1993,0.59
201,2,10,474,1994,0.59
201,2,10,474,1995,0.58
201,2,10,474,1996,0.58
201,2,10,474,1997,0.58
201,2,10,474,1998,0.58
201,2,10,474,1999,0.57
201,2,10,474,2000,0.56
201,2,10,474,2001,0.55
201,2,10,474,2002,0.54
201,2,10,474,2003,0.53
201,2,10,474,2004,0.52
201,2,10,474,2005,0.51
201,2,10,474,2006,0.39
201,2,10,474,2007,0.35
201,2,10,474,2008,0.33
201,2,10,474,2009,0.32
201,2,10,474,2010,0.32
201,2,10,474,2011,0.32
201,2,10,474,2012,0.33
201,2,10,474,2013,0.33
201,2,10,474,2014,0.33
201,2,10,474,2015,0.34
201,2,10,474,2016,0.35
201,2,10,474,2017,0.35
201,2,11,474,1990,0.52
201,2,11,474,1991,0.53
201,2,11,474,1992,0.53
201,2,11,474,1993,0.53
201,2,11,474,1994,0.53
201,2,11,474,1995,0.53
201,2,11,474,1996,0.53
201,2,11,474,1997,0.53
201,2,11,474,1998,0.54
201,2,11,474,1999,0.53
201,2,11,474,2000,0.51
201,2,11,474,2001,0.5
201,2,11,474,2002,0.49
201,2,11,474,2003,0.48
201,2,11,474,2004,0.47
201,2,11,474,2005,0.46
201,2,11,474,2006,0.35
201,2,11,474,2007,0.31
201,2,11,474,2008,0.29
201,2,11,474,2009,0.28
201,2,11,474,2010,0.29
201,2,11,474,2011,0.29
201,2,11,474,2012,0.3
201,2,11,474,2013,0.3
201,2,11,474,2014,0.31
201,2,11,474,2015,0.32
201,2,11,474,2016,0.33
201,2,11,474,2017,0.34
201,2,12,474,1990,0.75
201,2,12,474,1991,0.75
201,2,12,474,1992,0.75
201,2,12,474,1993,0.75
201,2,12,474,1994,0.75
201,2,12,474,1995,0.75
201,2,12,474,1996,0.75
201,2,12,474,1997,0.76
201,2,12,474,1998,0.78
201,2,12,474,1999,0.77
201,2,12,474,2000,0.76
201,2,12,474,2001,0.75
201,2,12,474,2002,0.73
201,2,12,474,2003,0.71
201,2,12,474,2004,0.7
201,2,12,474,2005,0.7
201,2,12,474,2006,0.53
201,2,12,474,2007,0.47
201,2,12,474,2008,0.44
201,2,12,474,2009,0.43
201,2,12,474,2010,0.43
201,2,12,474,2011,0.44
201,2,12,474,2012,0.45
201,2,12,474,2013,0.47
201,2,12,474,2014,0.49
201,2,12,474,2015,0.5
201,2,12,474,2016,0.52
201,2,12,474,2017,0.54
201,2,13,474,1990,1.38
201,2,13,474,1991,1.38
201,2,13,474,1992,1.39
201,2,13,474,1993,1.39
201,2,13,474,1994,1.4
201,2,13,474,1995,1.42
201,2,13,474,1996,1.43
201,2,13,474,1997,1.46
201,2,13,474,1998,1.49
201,2,13,474,1999,1.48
201,2,13,474,2000,1.45
201,2,13,474,2001,1.43
201,2,13,474,2002,1.41
201,2,13,474,2003,1.38
201,2,13,474,2004,1.36
201,2,13,474,2005,1.34
201,2,13,474,2006,1.01
201,2,13,474,2007,0.88
201,2,13,474,2008,0.83
201,2,13,474,2009,0.8
201,2,13,474,2010,0.8
201,2,13,474,2011,0.81
201,2,13,474,2012,0.84
201,2,13,474,2013,0.86
201,2,13,474,2014,0.9
201,2,13,474,2015,0.93
201,2,13,474,2016,0.96
201,2,13,474,2017,0.99
201,2,14,474,1990,1.92
201,2,14,474,1991,1.93
201,2,14,474,1992,1.96
201,2,14,474,1993,1.96
201,2,14,474,1994,1.96
201,2,14,474,1995,1.95
201,2,14,474,1996,1.97
201,2,14,474,1997,1.98
201,2,14,474,1998,2
201,2,14,474,1999,1.96
201,2,14,474,2000,1.91
201,2,14,474,2001,1.89
201,2,14,474,2002,1.87
201,2,14,474,2003,1.83
201,2,14,474,2004,1.81
201,2,14,474,2005,1.79
201,2,14,474,2006,1.36
201,2,14,474,2007,1.2
201,2,14,474,2008,1.14
201,2,14,474,2009,1.11
201,2,14,474,2010,1.12
201,2,14,474,2011,1.13
201,2,14,474,2012,1.18
201,2,14,474,2013,1.22
201,2,14,474,2014,1.26
201,2,14,474,2015,1.3
201,2,14,474,2016,1.35
201,2,14,474,2017,1.39
201,2,15,474,1990,3.12
201,2,15,474,1991,3.17
201,2,15,474,1992,3.2
201,2,15,474,1993,3.23
201,2,15,474,1994,3.26
201,2,15,474,1995,3.3
201,2,15,474,1996,3.31
201,2,15,474,1997,3.34
201,2,15,474,1998,3.35
201,2,15,474,1999,3.23
201,2,15,474,2000,3.08
201,2,15,474,2001,3.02
201,2,15,474,2002,2.94
201,2,15,474,2003,2.83
201,2,15,474,2004,2.78
201,2,15,474,2005,2.74
201,2,15,474,2006,2.08
201,2,15,474,2007,1.85
201,2,15,474,2008,1.76
201,2,15,474,2009,1.72
201,2,15,474,2010,1.75
201,2,15,474,2011,1.77
201,2,15,474,2012,1.84
201,2,15,474,2013,1.92
201,2,15,474,2014,2
201,2,15,474,2015,2.07
201,2,15,474,2016,2.14
201,2,15,474,2017,2.21
201,2,16,474,1990,4.97
201,2,16,474,1991,4.93
201,2,16,474,1992,4.95
201,2,16,474,1993,4.96
201,2,16,474,1994,4.99
201,2,16,474,1995,5.02
201,2,16,474,1996,5.02
201,2,16,474,1997,5.03
201,2,16,474,1998,5.03
201,2,16,474,1999,4.83
201,2,16,474,2000,4.63
201,2,16,474,2001,4.49
201,2,16,474,2002,4.38
201,2,16,474,2003,4.23
201,2,16,474,2004,4.13
201,2,16,474,2005,4.01
201,2,16,474,2006,3.03
201,2,16,474,2007,2.67
201,2,16,474,2008,2.52
201,2,16,474,2009,2.47
201,2,16,474,2010,2.52
201,2,16,474,2011,2.56
201,2,16,474,2012,2.67
201,2,16,474,2013,2.79
201,2,16,474,2014,2.92
201,2,16,474,2015,3.04
201,2,16,474,2016,3.16
201,2,16,474,2017,3.28
201,2,17,474,1990,7.74
201,2,17,474,1991,7.81
201,2,17,474,1992,7.81
201,2,17,474,1993,7.79
201,2,17,474,1994,7.77
201,2,17,474,1995,7.79
201,2,17,474,1996,7.64
201,2,17,474,1997,7.63
201,2,17,474,1998,7.63
201,2,17,474,1999,7.32
201,2,17,474,2000,7
201,2,17,474,2001,6.79
201,2,17,474,2002,6.55
201,2,17,474,2003,6.36
201,2,17,474,2004,6.23
201,2,17,474,2005,6.11
201,2,17,474,2006,4.59
201,2,17,474,2007,4.05
201,2,17,474,2008,3.8
201,2,17,474,2009,3.68
201,2,17,474,2010,3.69
201,2,17,474,2011,3.75
201,2,17,474,2012,3.87
201,2,17,474,2013,4.01
201,2,17,474,2014,4.18
201,2,17,474,2015,4.35
201,2,17,474,2016,4.52
201,2,17,474,2017,4.68
201,2,18,474,1990,10.06
201,2,18,474,1991,9.8
201,2,18,474,1992,9.95
201,2,18,474,1993,9.96
201,2,18,474,1994,9.91
201,2,18,474,1995,9.85
201,2,18,474,1996,9.77
201,2,18,474,1997,9.63
201,2,18,474,1998,9.51
201,2,18,474,1999,9.04
201,2,18,474,2000,8.62
201,2,18,474,2001,8.22
201,2,18,474,2002,7.96
201,2,18,474,2003,7.85
201,2,18,474,2004,7.78
201,2,18,474,2005,7.7
201,2,18,474,2006,5.84
201,2,18,474,2007,5.14
201,2,18,474,2008,4.84
201,2,18,474,2009,4.71
201,2,18,474,2010,4.76
201,2,18,474,2011,4.8
201,2,18,474,2012,4.95
201,2,18,474,2013,5.11
201,2,18,474,2014,5.27
201,2,18,474,2015,5.39
201,2,18,474,2016,5.59
201,2,18,474,2017,5.74
201,2,19,474,1990,12.68
201,2,19,474,1991,12.87
201,2,19,474,1992,12.9
201,2,19,474,1993,12.98
201,2,19,474,1994,13.09
201,2,19,474,1995,13.16
201,2,19,474,1996,12.62
201,2,19,474,1997,12.6
201,2,19,474,1998,12.5
201,2,19,474,1999,11.83
201,2,19,474,2000,11.23
201,2,19,474,2001,10.88
201,2,19,474,2002,10.44
201,2,19,474,2003,10.27
201,2,19,474,2004,10.17
201,2,19,474,2005,10.04
201,2,19,474,2006,7.48
201,2,19,474,2007,6.57
201,2,19,474,2008,6.16
201,2,19,474,2009,5.97
201,2,19,474,2010,6.03
201,2,19,474,2011,6.12
201,2,19,474,2012,6.28
201,2,19,474,2013,6.48
201,2,19,474,2014,6.7
201,2,19,474,2015,6.92
201,2,19,474,2016,7.14
201,2,19,474,2017,7.34
201,2,20,474,1990,11.67
201,2,20,474,1991,11.69
201,2,20,474,1992,11.7
201,2,20,474,1993,11.61
201,2,20,474,1994,11.48
201,2,20,474,1995,11.36
201,2,20,474,1996,11.43
201,2,20,474,1997,11.33
201,2,20,474,1998,11.35
201,2,20,474,1999,11.02
201,2,20,474,2000,10.75
201,2,20,474,2001,10.12
201,2,20,474,2002,9.93
201,2,20,474,2003,9.96
201,2,20,474,2004,9.94
201,2,20,474,2005,9.88
201,2,20,474,2006,7.46
201,2,20,474,2007,6.53
201,2,20,474,2008,6.13
201,2,20,474,2009,5.95
201,2,20,474,2010,6.02
201,2,20,474,2011,6.01
201,2,20,474,2012,6.19
201,2,20,474,2013,6.41
201,2,20,474,2014,6.67
201,2,20,474,2015,6.91
201,2,20,474,2016,7.16
201,2,20,474,2017,7.36
201,2,22,474,1990,65.35
201,2,22,474,1991,66.09
201,2,22,474,1992,67.11
201,2,22,474,1993,67.76
201,2,22,474,1994,68.32
201,2,22,474,1995,68.79
201,2,22,474,1996,68.33
201,2,22,474,1997,68.28
201,2,22,474,1998,68.23
201,2,22,474,1999,65.93
201,2,22,474,2000,63.86
201,2,22,474,2001,62
201,2,22,474,2002,60.44
201,2,22,474,2003,59.88
201,2,22,474,2004,59.61
201,2,22,474,2005,59.2
201,2,22,474,2006,44.32
201,2,22,474,2007,39.04
201,2,22,474,2008,36.8
201,2,22,474,2009,35.84
201,2,22,474,2010,36.24
201,2,22,474,2011,36.61
201,2,22,474,2012,37.77
201,2,22,474,2013,39.13
201,2,22,474,2014,40.63
201,2,22,474,2015,42.05
201,2,22,474,2016,43.43
201,2,22,474,2017,44.77
201,2,30,474,1990,7.4
201,2,30,474,1991,7.94
201,2,30,474,1992,8.47
201,2,30,474,1993,8.89
201,2,30,474,1994,9.25
201,2,30,474,1995,9.51
201,2,30,474,1996,9.47
201,2,30,474,1997,9.4
201,2,30,474,1998,9.28
201,2,30,474,1999,9.02
201,2,30,474,2000,8.88
201,2,30,474,2001,8.87
201,2,30,474,2002,8.73
201,2,30,474,2003,8.92
201,2,30,474,2004,9.14
201,2,30,474,2005,9.31
201,2,30,474,2006,6.71
201,2,30,474,2007,5.96
201,2,30,474,2008,5.64
201,2,30,474,2009,5.49
201,2,30,474,2010,5.56
201,2,30,474,2011,5.65
201,2,30,474,2012,5.81
201,2,30,474,2013,6.01
201,2,30,474,2014,6.25
201,2,30,474,2015,6.48
201,2,30,474,2016,6.6
201,2,30,474,2017,6.82
201,2,31,474,1990,1.77
201,2,31,474,1991,1.91
201,2,31,474,1992,2.09
201,2,31,474,1993,2.28
201,2,31,474,1994,2.48
201,2,31,474,1995,2.69
201,2,31,474,1996,2.88
201,2,31,474,1997,3.04
201,2,31,474,1998,3.17
201,2,31,474,1999,3.25
201,2,31,474,2000,3.33
201,2,31,474,2001,3.29
201,2,31,474,2002,3.24
201,2,31,474,2003,3.24
201,2,31,474,2004,3.24
201,2,31,474,2005,3.25
201,2,31,474,2006,2.46
201,2,31,474,2007,2.15
201,2,31,474,2008,2.06
201,2,31,474,2009,2.04
201,2,31,474,2010,2.09
201,2,31,474,2011,2.06
201,2,31,474,2012,2.16
201,2,31,474,2013,2.26
201,2,31,474,2014,2.36
201,2,31,474,2015,2.45
201,2,31,474,2016,2.54
201,2,31,474,2017,2.62
201,2,32,474,1990,0.36
201,2,32,474,1991,0.37
201,2,32,474,1992,0.39
201,2,32,474,1993,0.41
201,2,32,474,1994,0.43
201,2,32,474,1995,0.46
201,2,32,474,1996,0.49
201,2,32,474,1997,0.54
201,2,32,474,1998,0.58
201,2,32,474,1999,0.63
201,2,32,474,2000,0.69
201,2,32,474,2001,0.73
201,2,32,474,2002,0.78
201,2,32,474,2003,0.83
201,2,32,474,2004,0.87
201,2,32,474,2005,0.91
201,2,32,474,2006,0.68
201,2,32,474,2007,0.59
201,2,32,474,2008,0.56
201,2,32,474,2009,0.54
201,2,32,474,2010,0.55
201,2,32,474,2011,0.57
201,2,32,474,2012,0.59
201,2,32,474,2013,0.62
201,2,32,474,2014,0.65
201,2,32,474,2015,0.68
201,2,32,474,2016,0.69
201,2,32,474,2017,0.73
201,2,235,474,1990,0.05
201,2,235,474,1991,0.05
201,2,235,474,1992,0.05
201,2,235,474,1993,0.05
201,2,235,474,1994,0.06
201,2,235,474,1995,0.06
201,2,235,474,1996,0.06
201,2,235,474,1997,0.06
201,2,235,474,1998,0.06
201,2,235,474,1999,0.07
201,2,235,474,2000,0.07
201,2,235,474,2001,0.08
201,2,235,474,2002,0.09
201,2,235,474,2003,0.09
201,2,235,474,2004,0.1
201,2,235,474,2005,0.11
201,2,235,474,2006,0.09
201,2,235,474,2007,0.09
201,2,235,474,2008,0.08
201,2,235,474,2009,0.09
201,2,235,474,2010,0.09
201,2,235,474,2011,0.09
201,2,235,474,2012,0.09
201,2,235,474,2013,0.1
201,2,235,474,2014,0.1
201,2,235,474,2015,0.1
201,2,235,474,2016,0.11
201,2,235,474,2017,0.11
202,2,8,474,1990,0.12
202,2,8,474,1991,0.13
202,2,8,474,1992,0.14
202,2,8,474,1993,0.14
202,2,8,474,1994,0.15
202,2,8,474,1995,0.15
202,2,8,474,1996,0.16
202,2,8,474,1997,0.16
202,2,8,474,1998,0.17
202,2,8,474,1999,0.17
202,2,8,474,2000,0.17
202,2,8,474,2001,0.17
202,2,8,474,2002,0.17
202,2,8,474,2003,0.17
202,2,8,474,2004,0.16
202,2,8,474,2005,0.16
202,2,8,474,2006,0.16
202,2,8,474,2007,0.16
202,2,8,474,2008,0.16
202,2,8,474,2009,0.17
202,2,8,474,2010,0.17
202,2,8,474,2011,0.17
202,2,8,474,2012,0.17
202,2,8,474,2013,0.17
202,2,8,474,2014,0.17
202,2,8,474,2015,0.18
202,2,8,474,2016,0.19
202,2,8,474,2017,0.19
202,2,9,474,1990,0.16
202,2,9,474,1991,0.16
202,2,9,474,1992,0.17
202,2,9,474,1993,0.18
202,2,9,474,1994,0.19
202,2,9,474,1995,0.2
202,2,9,474,1996,0.2
202,2,9,474,1997,0.21
202,2,9,474,1998,0.22
202,2,9,474,1999,0.22
202,2,9,474,2000,0.23
202,2,9,474,2001,0.22
202,2,9,474,2002,0.22
202,2,9,474,2003,0.22
202,2,9,474,2004,0.22
202,2,9,474,2005,0.22
202,2,9,474,2006,0.22
202,2,9,474,2007,0.22
202,2,9,474,2008,0.22
202,2,9,474,2009,0.22
202,2,9,474,2010,0.22
202,2,9,474,2011,0.22
202,2,9,474,2012,0.21
202,2,9,474,2013,0.21
202,2,9,474,2014,0.21
202,2,9,474,2015,0.22
202,2,9,474,2016,0.22
202,2,9,474,2017,0.22
202,2,10,474,1990,0.46
202,2,10,474,1991,0.48
202,2,10,474,1992,0.5
202,2,10,474,1993,0.52
202,2,10,474,1994,0.54
202,2,10,474,1995,0.55
202,2,10,474,1996,0.57
202,2,10,474,1997,0.58
202,2,10,474,1998,0.59
202,2,10,474,1999,0.59
202,2,10,474,2000,0.59
202,2,10,474,2001,0.58
202,2,10,474,2002,0.57
202,2,10,474,2003,0.56
202,2,10,474,2004,0.56
202,2,10,474,2005,0.56
202,2,10,474,2006,0.56
202,2,10,474,2007,0.55
202,2,10,474,2008,0.56
202,2,10,474,2009,0.57
202,2,10,474,2010,0.58
202,2,10,474,2011,0.57
202,2,10,474,2012,0.56
202,2,10,474,2013,0.56
202,2,10,474,2014,0.56
202,2,10,474,2015,0.56
202,2,10,474,2016,0.57
202,2,10,474,2017,0.57
202,2,11,474,1990,0.36
202,2,11,474,1991,0.38
202,2,11,474,1992,0.4
202,2,11,474,1993,0.42
202,2,11,474,1994,0.43
202,2,11,474,1995,0.45
202,2,11,474,1996,0.46
202,2,11,474,1997,0.48
202,2,11,474,1998,0.49
202,2,11,474,1999,0.49
202,2,11,474,2000,0.49
202,2,11,474,2001,0.49
202,2,11,474,2002,0.48
202,2,11,474,2003,0.47
202,2,11,474,2004,0.47
202,2,11,474,2005,0.47
202,2,11,474,2006,0.47
202,2,11,474,2007,0.47
202,2,11,474,2008,0.47
202,2,11,474,2009,0.48
202,2,11,474,2010,0.49
202,2,11,474,2011,0.49
202,2,11,474,2012,0.49
202,2,11,474,2013,0.49
202,2,11,474,2014,0.5
202,2,11,474,2015,0.51
202,2,11,474,2016,0.52
202,2,11,474,2017,0.53
202,2,12,474,1990,0.53
202,2,12,474,1991,0.56
202,2,12,474,1992,0.59
202,2,12,474,1993,0.62
202,2,12,474,1994,0.66
202,2,12,474,1995,0.69
202,2,12,474,1996,0.72
202,2,12,474,1997,0.75
202,2,12,474,1998,0.77
202,2,12,474,1999,0.78
202,2,12,474,2000,0.78
202,2,12,474,2001,0.76
202,2,12,474,2002,0.74
202,2,12,474,2003,0.73
202,2,12,474,2004,0.72
202,2,12,474,2005,0.71
202,2,12,474,2006,0.71
202,2,12,474,2007,0.71
202,2,12,474,2008,0.71
202,2,12,474,2009,0.72
202,2,12,474,2010,0.73
202,2,12,474,2011,0.73
202,2,12,474,2012,0.73
202,2,12,474,2013,0.73
202,2,12,474,2014,0.75
202,2,12,474,2015,0.76
202,2,12,474,2016,0.78
202,2,12,474,2017,0.8
202,2,13,474,1990,0.95
202,2,13,474,1991,0.97
202,2,13,474,1992,1.01
202,2,13,474,1993,1.06
202,2,13,474,1994,1.11
202,2,13,474,1995,1.17
202,2,13,474,1996,1.22
202,2,13,474,1997,1.28
202,2,13,474,1998,1.33
202,2,13,474,1999,1.36
202,2,13,474,2000,1.38
202,2,13,474,2001,1.37
202,2,13,474,2002,1.36
202,2,13,474,2003,1.34
202,2,13,474,2004,1.33
202,2,13,474,2005,1.33
202,2,13,474,2006,1.33
202,2,13,474,2007,1.33
202,2,13,474,2008,1.33
202,2,13,474,2009,1.34
202,2,13,474,2010,1.36
202,2,13,474,2011,1.34
202,2,13,474,2012,1.33
202,2,13,474,2013,1.34
202,2,13,474,2014,1.35
202,2,13,474,2015,1.38
202,2,13,474,2016,1.41
202,2,13,474,2017,1.44
202,2,14,474,1990,1.37
202,2,14,474,1991,1.42
202,2,14,474,1992,1.45
202,2,14,474,1993,1.5
202,2,14,474,1994,1.55
202,2,14,474,1995,1.59
202,2,14,474,1996,1.63
202,2,14,474,1997,1.72
202,2,14,474,1998,1.78
202,2,14,474,1999,1.83
202,2,14,474,2000,1.87
202,2,14,474,2001,1.87
202,2,14,474,2002,1.87
202,2,14,474,2003,1.87
202,2,14,474,2004,1.88
202,2,14,474,2005,1.9
202,2,14,474,2006,1.91
202,2,14,474,2007,1.93
202,2,14,474,2008,1.94
202,2,14,474,2009,1.96
202,2,14,474,2010,1.99
202,2,14,474,2011,1.94
202,2,14,474,2012,1.92
202,2,14,474,2013,1.92
202,2,14,474,2014,1.93
202,2,14,474,2015,1.95
202,2,14,474,2016,1.99
202,2,14,474,2017,2.02
202,2,15,474,1990,2.39
202,2,15,474,1991,2.43
202,2,15,474,1992,2.48
202,2,15,474,1993,2.54
202,2,15,474,1994,2.6
202,2,15,474,1995,2.66
202,2,15,474,1996,2.75
202,2,15,474,1997,2.81
202,2,15,474,1998,2.87
202,2,15,474,1999,2.87
202,2,15,474,2000,2.85
202,2,15,474,2001,2.81
202,2,15,474,2002,2.82
202,2,15,474,2003,2.82
202,2,15,474,2004,2.85
202,2,15,474,2005,2.91
202,2,15,474,2006,2.96
202,2,15,474,2007,3.01
202,2,15,474,2008,3.06
202,2,15,474,2009,3.14
202,2,15,474,2010,3.2
202,2,15,474,2011,3.17
202,2,15,474,2012,3.16
202,2,15,474,2013,3.17
202,2,15,474,2014,3.2
202,2,15,474,2015,3.24
202,2,15,474,2016,3.29
202,2,15,474,2017,3.33
202,2,16,474,1990,3.39
202,2,16,474,1991,3.5
202,2,16,474,1992,3.65
202,2,16,474,1993,3.79
202,2,16,474,1994,3.95
202,2,16,474,1995,4.08
202,2,16,474,1996,4.14
202,2,16,474,1997,4.22
202,2,16,474,1998,4.25
202,2,16,474,1999,4.21
202,2,16,474,2000,4.17
202,2,16,474,2001,4.13
202,2,16,474,2002,4.03
202,2,16,474,2003,3.98
202,2,16,474,2004,3.93
202,2,16,474,2005,3.88
202,2,16,474,2006,3.9
202,2,16,474,2007,3.97
202,2,16,474,2008,4.04
202,2,16,474,2009,4.15
202,2,16,474,2010,4.29
202,2,16,474,2011,4.25
202,2,16,474,2012,4.26
202,2,16,474,2013,4.31
202,2,16,474,2014,4.37
202,2,16,474,2015,4.45
202,2,16,474,2016,4.54
202,2,16,474,2017,4.63
202,2,17,474,1990,4.99
202,2,17,474,1991,5.14
202,2,17,474,1992,5.32
202,2,17,474,1993,5.56
202,2,17,474,1994,5.81
202,2,17,474,1995,6.03
202,2,17,474,1996,6.21
202,2,17,474,1997,6.41
202,2,17,474,1998,6.53
202,2,17,474,1999,6.53
202,2,17,474,2000,6.46
202,2,17,474,2001,6.26
202,2,17,474,2002,6.09
202,2,17,474,2003,5.92
202,2,17,474,2004,5.79
202,2,17,474,2005,5.72
202,2,17,474,2006,5.78
202,2,17,474,2007,5.73
202,2,17,474,2008,5.76
202,2,17,474,2009,5.81
202,2,17,474,2010,5.81
202,2,17,474,2011,5.68
202,2,17,474,2012,5.7
202,2,17,474,2013,5.75
202,2,17,474,2014,5.88
202,2,17,474,2015,6.07
202,2,17,474,2016,6.23
202,2,17,474,2017,6.41
202,2,18,474,1990,5.82
202,2,18,474,1991,6.11
202,2,18,474,1992,6.45
202,2,18,474,1993,6.83
202,2,18,474,1994,7.25
202,2,18,474,1995,7.64
202,2,18,474,1996,7.88
202,2,18,474,1997,8.09
202,2,18,474,1998,8.27
202,2,18,474,1999,8.32
202,2,18,474,2000,8.3
202,2,18,474,2001,8.21
202,2,18,474,2002,8.14
202,2,18,474,2003,8.06
202,2,18,474,2004,8
202,2,18,474,2005,7.94
202,2,18,474,2006,7.85
202,2,18,474,2007,7.76
202,2,18,474,2008,7.67
202,2,18,474,2009,7.64
202,2,18,474,2010,7.62
202,2,18,474,2011,7.49
202,2,18,474,2012,7.33
202,2,18,474,2013,7.3
202,2,18,474,2014,7.31
202,2,18,474,2015,7.32
202,2,18,474,2016,7.42
202,2,18,474,2017,7.64
202,2,19,474,1990,7.13
202,2,19,474,1991,7.37
202,2,19,474,1992,7.65
202,2,19,474,1993,7.97
202,2,19,474,1994,8.32
202,2,19,474,1995,8.69
202,2,19,474,1996,9.09
202,2,19,474,1997,9.53
202,2,19,474,1998,9.89
202,2,19,474,1999,10.13
202,2,19,474,2000,10.31
202,2,19,474,2001,10.23
202,2,19,474,2002,10.1
202,2,19,474,2003,10.07
202,2,19,474,2004,10.07
202,2,19,474,2005,10.1
202,2,19,474,2006,10.17
202,2,19,474,2007,10.24
202,2,19,474,2008,10.32
202,2,19,474,2009,10.43
202,2,19,474,2010,10.49
202,2,19,474,2011,10.13
202,2,19,474,2012,9.91
202,2,19,474,2013,9.76
202,2,19,474,2014,9.71
202,2,19,474,2015,9.73
202,2,19,474,2016,9.93
202,2,19,474,2017,9.98
202,2,20,474,1990,5.89
202,2,20,474,1991,6.14
202,2,20,474,1992,6.47
202,2,20,474,1993,6.81
202,2,20,474,1994,7.15
202,2,20,474,1995,7.42
202,2,20,474,1996,7.66
202,2,20,474,1997,7.9
202,2,20,474,1998,8.06
202,2,20,474,1999,8.19
202,2,20,474,2000,8.37
202,2,20,474,2001,8.58
202,2,20,474,2002,8.81
202,2,20,474,2003,9.08
202,2,20,474,2004,9.39
202,2,20,474,2005,9.7
202,2,20,474,2006,9.84
202,2,20,474,2007,9.92
202,2,20,474,2008,10.09
202,2,20,474,2009,10.3
202,2,20,474,2010,10.48
202,2,20,474,2011,10.35
202,2,20,474,2012,10.34
202,2,20,474,2013,10.4
202,2,20,474,2014,10.51
202,2,20,474,2015,10.63
202,2,20,474,2016,10.67
202,2,20,474,2017,10.73
202,2,22,474,1990,40.65
202,2,22,474,1991,42.01
202,2,22,474,1992,43.68
202,2,22,474,1993,45.54
202,2,22,474,1994,47.52
202,2,22,474,1995,49.39
202,2,22,474,1996,50.96
202,2,22,474,1997,52.68
202,2,22,474,1998,53.94
202,2,22,474,1999,54.57
202,2,22,474,2000,54.96
202,2,22,474,2001,54.77
202,2,22,474,2002,54.66
202,2,22,474,2003,54.75
202,2,22,474,2004,55.08
202,2,22,474,2005,55.66
202,2,22,474,2006,56.3
202,2,22,474,2007,56.92
202,2,22,474,2008,57.76
202,2,22,474,2009,58.94
202,2,22,474,2010,60.06
202,2,22,474,2011,59.23
202,2,22,474,2012,59.03
202,2,22,474,2013,59.43
202,2,22,474,2014,60.27
202,2,22,474,2015,61.32
202,2,22,474,2016,62.61
202,2,22,474,2017,63.86
202,2,30,474,1990,4.75
202,2,30,474,1991,4.84
202,2,30,474,1992,4.96
202,2,30,474,1993,5.1
202,2,30,474,1994,5.28
202,2,30,474,1995,5.49
202,2,30,474,1996,5.68
202,2,30,474,1997,5.91
202,2,30,474,1998,6.08
202,2,30,474,1999,6.2
202,2,30,474,2000,6.3
202,2,30,474,2001,6.38
202,2,30,474,2002,6.48
202,2,30,474,2003,6.61
202,2,30,474,2004,6.8
202,2,30,474,2005,7.06
202,2,30,474,2006,7.38
202,2,30,474,2007,7.74
202,2,30,474,2008,8.13
202,2,30,474,2009,8.56
202,2,30,474,2010,8.98
202,2,30,474,2011,8.97
202,2,30,474,2012,9.01
202,2,30,474,2013,9.21
202,2,30,474,2014,9.46
202,2,30,474,2015,9.72
202,2,30,474,2016,10
202,2,30,474,2017,10.3
202,2,31,474,1990,1.78
202,2,31,474,1991,1.81
202,2,31,474,1992,1.86
202,2,31,474,1993,1.9
202,2,31,474,1994,1.93
202,2,31,474,1995,1.96
202,2,31,474,1996,1.98
202,2,31,474,1997,2.01
202,2,31,474,1998,2.02
202,2,31,474,1999,2.04
202,2,31,474,2000,2.08
202,2,31,474,2001,2.11
202,2,31,474,2002,2.17
202,2,31,474,2003,2.22
202,2,31,474,2004,2.28
202,2,31,474,2005,2.34
202,2,31,474,2006,2.4
202,2,31,474,2007,2.48
202,2,31,474,2008,2.57
202,2,31,474,2009,2.7
202,2,31,474,2010,2.85
202,2,31,474,2011,2.94
202,2,31,474,2012,3.08
202,2,31,474,2013,3.25
202,2,31,474,2014,3.45
202,2,31,474,2015,3.65
202,2,31,474,2016,3.8
202,2,31,474,2017,3.95
202,2,32,474,1990,0.48
202,2,32,474,1991,0.49
202,2,32,474,1992,0.5
202,2,32,474,1993,0.51
202,2,32,474,1994,0.51
202,2,32,474,1995,0.51
202,2,32,474,1996,0.52
202,2,32,474,1997,0.52
202,2,32,474,1998,0.53
202,2,32,474,1999,0.52
202,2,32,474,2000,0.52
202,2,32,474,2001,0.52
202,2,32,474,2002,0.52
202,2,32,474,2003,0.53
202,2,32,474,2004,0.54
202,2,32,474,2005,0.56
202,2,32,474,2006,0.58
202,2,32,474,2007,0.61
202,2,32,474,2008,0.63
202,2,32,474,2009,0.66
202,2,32,474,2010,0.69
202,2,32,474,2011,0.69
202,2,32,474,2012,0.71
202,2,32,474,2013,0.74
202,2,32,474,2014,0.78
202,2,32,474,2015,0.84
202,2,32,474,2016,0.91
202,2,32,474,2017,0.98
202,2,235,474,1990,0.08
202,2,235,474,1991,0.08
202,2,235,474,1992,0.08
202,2,235,474,1993,0.09
202,2,235,474,1994,0.09
202,2,235,474,1995,0.09
202,2,235,474,1996,0.09
202,2,235,474,1997,0.09
202,2,235,474,1998,0.09
202,2,235,474,1999,0.09
202,2,235,474,2000,0.09
202,2,235,474,2001,0.09
202,2,235,474,2002,0.09
202,2,235,474,2003,0.09
202,2,235,474,2004,0.09
202,2,235,474,2005,0.09
202,2,235,474,2006,0.09
202,2,235,474,2007,0.1
202,2,235,474,2008,0.1
202,2,235,474,2009,0.1
202,2,235,474,2010,0.11
202,2,235,474,2011,0.11
202,2,235,474,2012,0.11
202,2,235,474,2013,0.11
202,2,235,474,2014,0.12
202,2,235,474,2015,0.13
202,2,235,474,2016,0.13
202,2,235,474,2017,0.14
203,2,8,474,1990,0
203,2,8,474,1991,0
203,2,8,474,1992,0
203,2,8,474,1993,0
203,2,8,474,1994,0
203,2,8,474,1995,0
203,2,8,474,1996,0
203,2,8,474,1997,0
203,2,8,474,1998,0
203,2,8,474,1999,0
203,2,8,474,2000,0.01
203,2,8,474,2001,0.01
203,2,8,474,2002,0.01
203,2,8,474,2003,0.01
203,2,8,474,2004,0.01
203,2,8,474,2005,0.01
203,2,8,474,2006,0.01
203,2,8,474,2007,0.01
203,2,8,474,2008,0.01
203,2,8,474,2009,0.01
203,2,8,474,2010,0.01
203,2,8,474,2011,0.01
203,2,8,474,2012,0.01
203,2,8,474,2013,0.01
203,2,8,474,2014,0.01
203,2,8,474,2015,0.01
203,2,8,474,2016,0.01
203,2,8,474,2017,0.01
203,2,9,474,1990,0
203,2,9,474,1991,0
203,2,9,474,1992,0
203,2,9,474,1993,0
203,2,9,474,1994,0
203,2,9,474,1995,0
203,2,9,474,1996,0
203,2,9,474,1997,0
203,2,9,474,1998,0
203,2,9,474,1999,0
203,2,9,474,2000,0
203,2,9,474,2001,0
203,2,9,474,2002,0
203,2,9,474,2003,0
203,2,9,474,2004,0
203,2,9,474,2005,0
203,2,9,474,2006,0.01
203,2,9,474,2007,0.01
203,2,9,474,2008,0.01
203,2,9,474,2009,0.01
203,2,9,474,2010,0.01
203,2,9,474,2011,0.01
203,2,9,474,2012,0.01
203,2,9,474,2013,0.01
203,2,9,474,2014,0.01
203,2,9,474,2015,0.01
203,2,9,474,2016,0.01
203,2,9,474,2017,0.01
203,2,10,474,1990,0.01
203,2,10,474,1991,0.01
203,2,10,474,1992,0.01
203,2,10,474,1993,0.01
203,2,10,474,1994,0.01
203,2,10,474,1995,0.01
203,2,10,474,1996,0.01
203,2,10,474,1997,0.01
203,2,10,474,1998,0.01
203,2,10,474,1999,0.01
203,2,10,474,2000,0.01
203,2,10,474,2001,0.01
203,2,10,474,2002,0.01
203,2,10,474,2003,0.01
203,2,10,474,2004,0.01
203,2,10,474,2005,0.01
203,2,10,474,2006,0.01
203,2,10,474,2007,0.01
203,2,10,474,2008,0.01
203,2,10,474,2009,0.01
203,2,10,474,2010,0.01
203,2,10,474,2011,0.01
203,2,10,474,2012,0.01
203,2,10,474,2013,0.01
203,2,10,474,2014,0.01
203,2,10,474,2015,0.01
203,2,10,474,2016,0.01
203,2,10,474,2017,0.01
203,2,11,474,1990,0.01
203,2,11,474,1991,0.01
203,2,11,474,1992,0.01
203,2,11,474,1993,0.01
203,2,11,474,1994,0.01
203,2,11,474,1995,0.01
203,2,11,474,1996,0.01
203,2,11,474,1997,0.01
203,2,11,474,1998,0.01
203,2,11,474,1999,0.01
203,2,11,474,2000,0.01
203,2,11,474,2001,0.01
203,2,11,474,2002,0.01
203,2,11,474,2003,0.01
203,2,11,474,2004,0.01
203,2,11,474,2005,0.01
203,2,11,474,2006,0.01
203,2,11,474,2007,0.01
203,2,11,474,2008,0.01
203,2,11,474,2009,0.01
203,2,11,474,2010,0.01
203,2,11,474,2011,0.01
203,2,11,474,2012,0.01
203,2,11,474,2013,0.01
203,2,11,474,2014,0.01
203,2,11,474,2015,0.01
203,2,11,474,2016,0.01
203,2,11,474,2017,0.01
203,2,12,474,1990,0.01
203,2,12,474,1991,0.01
203,2,12,474,1992,0.01
203,2,12,474,1993,0.01
203,2,12,474,1994,0.01
203,2,12,474,1995,0.01
203,2,12,474,1996,0.01
203,2,12,474,1997,0.01
203,2,12,474,1998,0.01
203,2,12,474,1999,0.01
203,2,12,474,2000,0.02
203,2,12,474,2001,0.02
203,2,12,474,2002,0.02
203,2,12,474,2003,0.02
203,2,12,474,2004,0.02
203,2,12,474,2005,0.02
203,2,12,474,2006,0.02
203,2,12,474,2007,0.02
203,2,12,474,2008,0.02
203,2,12,474,2009,0.02
203,2,12,474,2010,0.02
203,2,12,474,2011,0.02
203,2,12,474,2012,0.02
203,2,12,474,2013,0.02
203,2,12,474,2014,0.02
203,2,12,474,2015,0.02
203,2,12,474,2016,0.02
203,2,12,474,2017,0.02
203,2,13,474,1990,0.01
203,2,13,474,1991,0.01
203,2,13,474,1992,0.02
203,2,13,474,1993,0.02
203,2,13,474,1994,0.02
203,2,13,474,1995,0.02
203,2,13,474,1996,0.02
203,2,13,474,1997,0.02
203,2,13,474,1998,0.02
203,2,13,474,1999,0.03
203,2,13,474,2000,0.03
203,2,13,474,2001,0.03
203,2,13,474,2002,0.03
203,2,13,474,2003,0.03
203,2,13,474,2004,0.03
203,2,13,474,2005,0.03
203,2,13,474,2006,0.03
203,2,13,474,2007,0.03
203,2,13,474,2008,0.03
203,2,13,474,2009,0.04
203,2,13,474,2010,0.04
203,2,13,474,2011,0.04
203,2,13,474,2012,0.04
203,2,13,474,2013,0.04
203,2,13,474,2014,0.04
203,2,13,474,2015,0.04
203,2,13,474,2016,0.04
203,2,13,474,2017,0.04
203,2,14,474,1990,0.02
203,2,14,474,1991,0.02
203,2,14,474,1992,0.02
203,2,14,474,1993,0.02
203,2,14,474,1994,0.02
203,2,14,474,1995,0.02
203,2,14,474,1996,0.02
203,2,14,474,1997,0.02
203,2,14,474,1998,0.03
203,2,14,474,1999,0.03
203,2,14,474,2000,0.03
203,2,14,474,2001,0.03
203,2,14,474,2002,0.03
203,2,14,474,2003,0.04
203,2,14,474,2004,0.04
203,2,14,474,2005,0.04
203,2,14,474,2006,0.04
203,2,14,474,2007,0.05
203,2,14,474,2008,0.05
203,2,14,474,2009,0.05
203,2,14,474,2010,0.05
203,2,14,474,2011,0.05
203,2,14,474,2012,0.05
203,2,14,474,2013,0.06
203,2,14,474,2014,0.06
203,2,14,474,2015,0.06
203,2,14,474,2016,0.06
203,2,14,474,2017,0.06
203,2,15,474,1990,0.03
203,2,15,474,1991,0.03
203,2,15,474,1992,0.03
203,2,15,474,1993,0.03
203,2,15,474,1994,0.02
203,2,15,474,1995,0.02
203,2,15,474,1996,0.02
203,2,15,474,1997,0.02
203,2,15,474,1998,0.02
203,2,15,474,1999,0.02
203,2,15,474,2000,0.02
203,2,15,474,2001,0.03
203,2,15,474,2002,0.03
203,2,15,474,2003,0.03
203,2,15,474,2004,0.04
203,2,15,474,2005,0.04
203,2,15,474,2006,0.04
203,2,15,474,2007,0.04
203,2,15,474,2008,0.05
203,2,15,474,2009,0.05
203,2,15,474,2010,0.05
203,2,15,474,2011,0.06
203,2,15,474,2012,0.06
203,2,15,474,2013,0.06
203,2,15,474,2014,0.06
203,2,15,474,2015,0.07
203,2,15,474,2016,0.07
203,2,15,474,2017,0.07
203,2,16,474,1990,0.06
203,2,16,474,1991,0.06
203,2,16,474,1992,0.06
203,2,16,474,1993,0.06
203,2,16,474,1994,0.06
203,2,16,474,1995,0.06
203,2,16,474,1996,0.06
203,2,16,474,1997,0.05
203,2,16,474,1998,0.05
203,2,16,474,1999,0.04
203,2,16,474,2000,0.04
203,2,16,474,2001,0.04
203,2,16,474,2002,0.04
203,2,16,474,2003,0.04
203,2,16,474,2004,0.04
203,2,16,474,2005,0.04
203,2,16,474,2006,0.05
203,2,16,474,2007,0.06
203,2,16,474,2008,0.06
203,2,16,474,2009,0.07
203,2,16,474,2010,0.08
203,2,16,474,2011,0.08
203,2,16,474,2012,0.09
203,2,16,474,2013,0.1
203,2,16,474,2014,0.11
203,2,16,474,2015,0.11
203,2,16,474,2016,0.12
203,2,16,474,2017,0.12
203,2,17,474,1990,0.09
203,2,17,474,1991,0.09
203,2,17,474,1992,0.09
203,2,17,474,1993,0.1
203,2,17,474,1994,0.11
203,2,17,474,1995,0.11
203,2,17,474,1996,0.12
203,2,17,474,1997,0.12
203,2,17,474,1998,0.12
203,2,17,474,1999,0.12
203,2,17,474,2000,0.11
203,2,17,474,2001,0.1
203,2,17,474,2002,0.1
203,2,17,474,2003,0.09
203,2,17,474,2004,0.08
203,2,17,474,2005,0.08
203,2,17,474,2006,0.07
203,2,17,474,2007,0.08
203,2,17,474,2008,0.08
203,2,17,474,2009,0.08
203,2,17,474,2010,0.08
203,2,17,474,2011,0.09
203,2,17,474,2012,0.1
203,2,17,474,2013,0.11
203,2,17,474,2014,0.12
203,2,17,474,2015,0.14
203,2,17,474,2016,0.15
203,2,17,474,2017,0.16
203,2,18,474,1990,0.1
203,2,18,474,1991,0.11
203,2,18,474,1992,0.12
203,2,18,474,1993,0.12
203,2,18,474,1994,0.13
203,2,18,474,1995,0.15
203,2,18,474,1996,0.16
203,2,18,474,1997,0.17
203,2,18,474,1998,0.17
203,2,18,474,1999,0.17
203,2,18,474,2000,0.18
203,2,18,474,2001,0.18
203,2,18,474,2002,0.18
203,2,18,474,2003,0.18
203,2,18,474,2004,0.18
203,2,18,474,2005,0.17
203,2,18,474,2006,0.16
203,2,18,474,2007,0.15
203,2,18,474,2008,0.14
203,2,18,474,2009,0.13
203,2,18,474,2010,0.13
203,2,18,474,2011,0.13
203,2,18,474,2012,0.13
203,2,18,474,2013,0.14
203,2,18,474,2014,0.14
203,2,18,474,2015,0.14
203,2,18,474,2016,0.16
203,2,18,474,2017,0.18
203,2,19,474,1990,0.16
203,2,19,474,1991,0.16
203,2,19,474,1992,0.16
203,2,19,474,1993,0.16
203,2,19,474,1994,0.17
203,2,19,474,1995,0.18
203,2,19,474,1996,0.19
203,2,19,474,1997,0.21
203,2,19,474,1998,0.23
203,2,19,474,1999,0.26
203,2,19,474,2000,0.28
203,2,19,474,2001,0.3
203,2,19,474,2002,0.31
203,2,19,474,2003,0.32
203,2,19,474,2004,0.33
203,2,19,474,2005,0.33
203,2,19,474,2006,0.34
203,2,19,474,2007,0.35
203,2,19,474,2008,0.35
203,2,19,474,2009,0.34
203,2,19,474,2010,0.33
203,2,19,474,2011,0.31
203,2,19,474,2012,0.29
203,2,19,474,2013,0.27
203,2,19,474,2014,0.25
203,2,19,474,2015,0.25
203,2,19,474,2016,0.25
203,2,19,474,2017,0.26
203,2,20,474,1990,0.2
203,2,20,474,1991,0.2
203,2,20,474,1992,0.2
203,2,20,474,1993,0.19
203,2,20,474,1994,0.19
203,2,20,474,1995,0.19
203,2,20,474,1996,0.19
203,2,20,474,1997,0.19
203,2,20,474,1998,0.2
203,2,20,474,1999,0.2
203,2,20,474,2000,0.21
203,2,20,474,2001,0.23
203,2,20,474,2002,0.25
203,2,20,474,2003,0.28
203,2,20,474,2004,0.32
203,2,20,474,2005,0.35
203,2,20,474,2006,0.38
203,2,20,474,2007,0.4
203,2,20,474,2008,0.42
203,2,20,474,2009,0.43
203,2,20,474,2010,0.44
203,2,20,474,2011,0.44
203,2,20,474,2012,0.45
203,2,20,474,2013,0.45
203,2,20,474,2014,0.44
203,2,20,474,2015,0.42
203,2,20,474,2016,0.39
203,2,20,474,2017,0.36
203,2,22,474,1990,1.08
203,2,22,474,1991,1.11
203,2,22,474,1992,1.13
203,2,22,474,1993,1.16
203,2,22,474,1994,1.21
203,2,22,474,1995,1.27
203,2,22,474,1996,1.33
203,2,22,474,1997,1.38
203,2,22,474,1998,1.43
203,2,22,474,1999,1.46
203,2,22,474,2000,1.48
203,2,22,474,2001,1.52
203,2,22,474,2002,1.57
203,2,22,474,2003,1.62
203,2,22,474,2004,1.68
203,2,22,474,2005,1.73
203,2,22,474,2006,1.79
203,2,22,474,2007,1.87
203,2,22,474,2008,1.95
203,2,22,474,2009,2.03
203,2,22,474,2010,2.11
203,2,22,474,2011,2.18
203,2,22,474,2012,2.25
203,2,22,474,2013,2.31
203,2,22,474,2014,2.37
203,2,22,474,2015,2.42
203,2,22,474,2016,2.47
203,2,22,474,2017,2.51
203,2,30,474,1990,0.27
203,2,30,474,1991,0.27
203,2,30,474,1992,0.27
203,2,30,474,1993,0.27
203,2,30,474,1994,0.28
203,2,30,474,1995,0.28
203,2,30,474,1996,0.29
203,2,30,474,1997,0.29
203,2,30,474,1998,0.28
203,2,30,474,1999,0.28
203,2,30,474,2000,0.27
203,2,30,474,2001,0.27
203,2,30,474,2002,0.27
203,2,30,474,2003,0.28
203,2,30,474,2004,0.29
203,2,30,474,2005,0.31
203,2,30,474,2006,0.34
203,2,30,474,2007,0.38
203,2,30,474,2008,0.43
203,2,30,474,2009,0.48
203,2,30,474,2010,0.54
203,2,30,474,2011,0.58
203,2,30,474,2012,0.61
203,2,30,474,2013,0.64
203,2,30,474,2014,0.65
203,2,30,474,2015,0.66
203,2,30,474,2016,0.67
203,2,30,474,2017,0.67
203,2,31,474,1990,0.09
203,2,31,474,1991,0.09
203,2,31,474,1992,0.1
203,2,31,474,1993,0.11
203,2,31,474,1994,0.13
203,2,31,474,1995,0.14
203,2,31,474,1996,0.15
203,2,31,474,1997,0.16
203,2,31,474,1998,0.17
203,2,31,474,1999,0.17
203,2,31,474,2000,0.16
203,2,31,474,2001,0.16
203,2,31,474,2002,0.16
203,2,31,474,2003,0.16
203,2,31,474,2004,0.16
203,2,31,474,2005,0.16
203,2,31,474,2006,0.16
203,2,31,474,2007,0.16
203,2,31,474,2008,0.17
203,2,31,474,2009,0.18
203,2,31,474,2010,0.19
203,2,31,474,2011,0.21
203,2,31,474,2012,0.23
203,2,31,474,2013,0.26
203,2,31,474,2014,0.29
203,2,31,474,2015,0.32
203,2,31,474,2016,0.34
203,2,31,474,2017,0.36
203,2,32,474,1990,0.03
203,2,32,474,1991,0.03
203,2,32,474,1992,0.03
203,2,32,474,1993,0.04
203,2,32,474,1994,0.04
203,2,32,474,1995,0.05
203,2,32,474,1996,0.06
203,2,32,474,1997,0.07
203,2,32,474,1998,0.07
203,2,32,474,1999,0.08
203,2,32,474,2000,0.09
203,2,32,474,2001,0.09
203,2,32,474,2002,0.09
203,2,32,474,2003,0.1
203,2,32,474,2004,0.1
203,2,32,474,2005,0.1
203,2,32,474,2006,0.1
203,2,32,474,2007,0.1
203,2,32,474,2008,0.1
203,2,32,474,2009,0.1
203,2,32,474,2010,0.1
203,2,32,474,2011,0.1
203,2,32,474,2012,0.1
203,2,32,474,2013,0.1
203,2,32,474,2014,0.11
203,2,32,474,2015,0.12
203,2,32,474,2016,0.13
203,2,32,474,2017,0.14
203,2,235,474,1990,0.01
203,2,235,474,1991,0.01
203,2,235,474,1992,0.01
203,2,235,474,1993,0.01
203,2,235,474,1994,0.01
203,2,235,474,1995,0.01
203,2,235,474,1996,0.01
203,2,235,474,1997,0.01
203,2,235,474,1998,0.02
203,2,235,474,1999,0.02
203,2,235,474,2000,0.02
203,2,235,474,2001,0.02
203,2,235,474,2002,0.02
203,2,235,474,2003,0.03
203,2,235,474,2004,0.03
203,2,235,474,2005,0.03
203,2,235,474,2006,0.03
203,2,235,474,2007,0.04
203,2,235,474,2008,0.04
203,2,235,474,2009,0.04
203,2,235,474,2010,0.04
203,2,235,474,2011,0.04
203,2,235,474,2012,0.04
203,2,235,474,2013,0.04
203,2,235,474,2014,0.04
203,2,235,474,2015,0.04
203,2,235,474,2016,0.04
203,2,235,474,2017,0.04
204,2,8,474,1990,0.04
204,2,8,474,1991,0.04
204,2,8,474,1992,0.05
204,2,8,474,1993,0.05
204,2,8,474,1994,0.05
204,2,8,474,1995,0.05
204,2,8,474,1996,0.05
204,2,8,474,1997,0.05
204,2,8,474,1998,0.05
204,2,8,474,1999,0.05
204,2,8,474,2000,0.06
204,2,8,474,2001,0.06
204,2,8,474,2002,0.06
204,2,8,474,2003,0.06
204,2,8,474,2004,0.06
204,2,8,474,2005,0.06
204,2,8,474,2006,0.06
204,2,8,474,2007,0.06
204,2,8,474,2008,0.06
204,2,8,474,2009,0.06
204,2,8,474,2010,0.07
204,2,8,474,2011,0.07
204,2,8,474,2012,0.07
204,2,8,474,2013,0.07
204,2,8,474,2014,0.07
204,2,8,474,2015,0.07
204,2,8,474,2016,0.08
204,2,8,474,2017,0.08
204,2,9,474,1990,0.06
204,2,9,474,1991,0.06
204,2,9,474,1992,0.06
204,2,9,474,1993,0.06
204,2,9,474,1994,0.06
204,2,9,474,1995,0.06
204,2,9,474,1996,0.07
204,2,9,474,1997,0.07
204,2,9,474,1998,0.07
204,2,9,474,1999,0.07
204,2,9,474,2000,0.08
204,2,9,474,2001,0.08
204,2,9,474,2002,0.08
204,2,9,474,2003,0.08
204,2,9,474,2004,0.08
204,2,9,474,2005,0.08
204,2,9,474,2006,0.08
204,2,9,474,2007,0.08
204,2,9,474,2008,0.08
204,2,9,474,2009,0.08
204,2,9,474,2010,0.08
204,2,9,474,2011,0.09
204,2,9,474,2012,0.09
204,2,9,474,2013,0.09
204,2,9,474,2014,0.09
204,2,9,474,2015,0.09
204,2,9,474,2016,0.09
204,2,9,474,2017,0.09
204,2,10,474,1990,0.15
204,2,10,474,1991,0.15
204,2,10,474,1992,0.16
204,2,10,474,1993,0.16
204,2,10,474,1994,0.16
204,2,10,474,1995,0.16
204,2,10,474,1996,0.17
204,2,10,474,1997,0.17
204,2,10,474,1998,0.18
204,2,10,474,1999,0.18
204,2,10,474,2000,0.19
204,2,10,474,2001,0.19
204,2,10,474,2002,0.19
204,2,10,474,2003,0.19
204,2,10,474,2004,0.19
204,2,10,474,2005,0.19
204,2,10,474,2006,0.19
204,2,10,474,2007,0.19
204,2,10,474,2008,0.19
204,2,10,474,2009,0.2
204,2,10,474,2010,0.2
204,2,10,474,2011,0.2
204,2,10,474,2012,0.21
204,2,10,474,2013,0.21
204,2,10,474,2014,0.21
204,2,10,474,2015,0.21
204,2,10,474,2016,0.22
204,2,10,474,2017,0.22
204,2,11,474,1990,0.13
204,2,11,474,1991,0.13
204,2,11,474,1992,0.14
204,2,11,474,1993,0.15
204,2,11,474,1994,0.15
204,2,11,474,1995,0.15
204,2,11,474,1996,0.15
204,2,11,474,1997,0.16
204,2,11,474,1998,0.16
204,2,11,474,1999,0.17
204,2,11,474,2000,0.17
204,2,11,474,2001,0.17
204,2,11,474,2002,0.17
204,2,11,474,2003,0.17
204,2,11,474,2004,0.17
204,2,11,474,2005,0.17
204,2,11,474,2006,0.17
204,2,11,474,2007,0.18
204,2,11,474,2008,0.18
204,2,11,474,2009,0.18
204,2,11,474,2010,0.18
204,2,11,474,2011,0.19
204,2,11,474,2012,0.19
204,2,11,474,2013,0.19
204,2,11,474,2014,0.19
204,2,11,474,2015,0.2
204,2,11,474,2016,0.2
204,2,11,474,2017,0.21
204,2,12,474,1990,0.21
204,2,12,474,1991,0.21
204,2,12,474,1992,0.22
204,2,12,474,1993,0.22
204,2,12,474,1994,0.22
204,2,12,474,1995,0.23
204,2,12,474,1996,0.24
204,2,12,474,1997,0.24
204,2,12,474,1998,0.25
204,2,12,474,1999,0.26
204,2,12,474,2000,0.26
204,2,12,474,2001,0.26
204,2,12,474,2002,0.26
204,2,12,474,2003,0.26
204,2,12,474,2004,0.26
204,2,12,474,2005,0.26
204,2,12,474,2006,0.26
204,2,12,474,2007,0.27
204,2,12,474,2008,0.28
204,2,12,474,2009,0.28
204,2,12,474,2010,0.29
204,2,12,474,2011,0.3
204,2,12,474,2012,0.3
204,2,12,474,2013,0.31
204,2,12,474,2014,0.32
204,2,12,474,2015,0.32
204,2,12,474,2016,0.33
204,2,12,474,2017,0.34
204,2,13,474,1990,0.35
204,2,13,474,1991,0.34
204,2,13,474,1992,0.36
204,2,13,474,1993,0.39
204,2,13,474,1994,0.4
204,2,13,474,1995,0.41
204,2,13,474,1996,0.42
204,2,13,474,1997,0.43
204,2,13,474,1998,0.43
204,2,13,474,1999,0.44
204,2,13,474,2000,0.44
204,2,13,474,2001,0.44
204,2,13,474,2002,0.44
204,2,13,474,2003,0.45
204,2,13,474,2004,0.45
204,2,13,474,2005,0.45
204,2,13,474,2006,0.45
204,2,13,474,2007,0.46
204,2,13,474,2008,0.47
204,2,13,474,2009,0.48
204,2,13,474,2010,0.5
204,2,13,474,2011,0.51
204,2,13,474,2012,0.53
204,2,13,474,2013,0.54
204,2,13,474,2014,0.56
204,2,13,474,2015,0.58
204,2,13,474,2016,0.61
204,2,13,474,2017,0.62
204,2,14,474,1990,0.54
204,2,14,474,1991,0.56
204,2,14,474,1992,0.59
204,2,14,474,1993,0.59
204,2,14,474,1994,0.6
204,2,14,474,1995,0.57
204,2,14,474,1996,0.6
204,2,14,474,1997,0.62
204,2,14,474,1998,0.67
204,2,14,474,1999,0.68
204,2,14,474,2000,0.7
204,2,14,474,2001,0.7
204,2,14,474,2002,0.68
204,2,14,474,2003,0.69
204,2,14,474,2004,0.68
204,2,14,474,2005,0.68
204,2,14,474,2006,0.68
204,2,14,474,2007,0.7
204,2,14,474,2008,0.71
204,2,14,474,2009,0.73
204,2,14,474,2010,0.76
204,2,14,474,2011,0.78
204,2,14,474,2012,0.8
204,2,14,474,2013,0.82
204,2,14,474,2014,0.85
204,2,14,474,2015,0.88
204,2,14,474,2016,0.92
204,2,14,474,2017,0.96
204,2,15,474,1990,0.93
204,2,15,474,1991,0.91
204,2,15,474,1992,0.94
204,2,15,474,1993,0.98
204,2,15,474,1994,0.98
204,2,15,474,1995,1
204,2,15,474,1996,1.08
204,2,15,474,1997,1.12
204,2,15,474,1998,1.1
204,2,15,474,1999,1.11
204,2,15,474,2000,1.05
204,2,15,474,2001,1.05
204,2,15,474,2002,1.04
204,2,15,474,2003,1.1
204,2,15,474,2004,1.09
204,2,15,474,2005,1.13
204,2,15,474,2006,1.11
204,2,15,474,2007,1.12
204,2,15,474,2008,1.13
204,2,15,474,2009,1.14
204,2,15,474,2010,1.18
204,2,15,474,2011,1.21
204,2,15,474,2012,1.25
204,2,15,474,2013,1.3
204,2,15,474,2014,1.35
204,2,15,474,2015,1.4
204,2,15,474,2016,1.45
204,2,15,474,2017,1.5
204,2,16,474,1990,1.4
204,2,16,474,1991,1.37
204,2,16,474,1992,1.4
204,2,16,474,1993,1.43
204,2,16,474,1994,1.44
204,2,16,474,1995,1.47
204,2,16,474,1996,1.51
204,2,16,474,1997,1.55
204,2,16,474,1998,1.59
204,2,16,474,1999,1.59
204,2,16,474,2000,1.59
204,2,16,474,2001,1.63
204,2,16,474,2002,1.65
204,2,16,474,2003,1.58
204,2,16,474,2004,1.57
204,2,16,474,2005,1.48
204,2,16,474,2006,1.47
204,2,16,474,2007,1.5
204,2,16,474,2008,1.59
204,2,16,474,2009,1.62
204,2,16,474,2010,1.73
204,2,16,474,2011,1.74
204,2,16,474,2012,1.77
204,2,16,474,2013,1.8
204,2,16,474,2014,1.85
204,2,16,474,2015,1.9
204,2,16,474,2016,1.97
204,2,16,474,2017,2.03
204,2,17,474,1990,2.03
204,2,17,474,1991,2.02
204,2,17,474,1992,2.08
204,2,17,474,1993,2.17
204,2,17,474,1994,2.18
204,2,17,474,1995,2.22
204,2,17,474,1996,2.26
204,2,17,474,1997,2.29
204,2,17,474,1998,2.29
204,2,17,474,1999,2.32
204,2,17,474,2000,2.3
204,2,17,474,2001,2.27
204,2,17,474,2002,2.24
204,2,17,474,2003,2.26
204,2,17,474,2004,2.22
204,2,17,474,2005,2.21
204,2,17,474,2006,2.28
204,2,17,474,2007,2.34
204,2,17,474,2008,2.26
204,2,17,474,2009,2.28
204,2,17,474,2010,2.22
204,2,17,474,2011,2.24
204,2,17,474,2012,2.29
204,2,17,474,2013,2.44
204,2,17,474,2014,2.51
204,2,17,474,2015,2.66
204,2,17,474,2016,2.69
204,2,17,474,2017,2.74
204,2,18,474,1990,3.11
204,2,18,474,1991,3.02
204,2,18,474,1992,2.97
204,2,18,474,1993,2.94
204,2,18,474,1994,2.99
204,2,18,474,1995,3.02
204,2,18,474,1996,3.11
204,2,18,474,1997,3.19
204,2,18,474,1998,3.28
204,2,18,474,1999,3.25
204,2,18,474,2000,3.21
204,2,18,474,2001,3.16
204,2,18,474,2002,3.1
204,2,18,474,2003,3.04
204,2,18,474,2004,3.01
204,2,18,474,2005,2.98
204,2,18,474,2006,2.92
204,2,18,474,2007,2.92
204,2,18,474,2008,2.96
204,2,18,474,2009,2.96
204,2,18,474,2010,3.02
204,2,18,474,2011,3.17
204,2,18,474,2012,3.28
204,2,18,474,2013,3.18
204,2,18,474,2014,3.24
204,2,18,474,2015,3.13
204,2,18,474,2016,3.2
204,2,18,474,2017,3.27
204,2,19,474,1990,4.14
204,2,19,474,1991,4.25
204,2,19,474,1992,4.39
204,2,19,474,1993,4.56
204,2,19,474,1994,4.51
204,2,19,474,1995,4.48
204,2,19,474,1996,4.45
204,2,19,474,1997,4.37
204,2,19,474,1998,4.25
204,2,19,474,1999,4.3
204,2,19,474,2000,4.25
204,2,19,474,2001,4.23
204,2,19,474,2002,4.23
204,2,19,474,2003,4.28
204,2,19,474,2004,4.19
204,2,19,474,2005,4.11
204,2,19,474,2006,4.03
204,2,19,474,2007,3.98
204,2,19,474,2008,3.91
204,2,19,474,2009,3.93
204,2,19,474,2010,3.98
204,2,19,474,2011,3.97
204,2,19,474,2012,4.01
204,2,19,474,2013,4.1
204,2,19,474,2014,4.13
204,2,19,474,2015,4.23
204,2,19,474,2016,4.48
204,2,19,474,2017,4.64
204,2,20,474,1990,3.77
204,2,20,474,1991,3.76
204,2,20,474,1992,3.82
204,2,20,474,1993,3.9
204,2,20,474,1994,4.01
204,2,20,474,1995,4.15
204,2,20,474,1996,4.33
204,2,20,474,1997,4.47
204,2,20,474,1998,4.6
204,2,20,474,1999,4.5
204,2,20,474,2000,4.39
204,2,20,474,2001,4.27
204,2,20,474,2002,4.15
204,2,20,474,2003,4.03
204,2,20,474,2004,4.08
204,2,20,474,2005,4.07
204,2,20,474,2006,4.11
204,2,20,474,2007,4.21
204,2,20,474,2008,4.34
204,2,20,474,2009,4.36
204,2,20,474,2010,4.41
204,2,20,474,2011,4.42
204,2,20,474,2012,4.43
204,2,20,474,2013,4.38
204,2,20,474,2014,4.46
204,2,20,474,2015,4.54
204,2,20,474,2016,4.55
204,2,20,474,2017,4.6
204,2,22,474,1990,21.51
204,2,22,474,1991,21.49
204,2,22,474,1992,21.9
204,2,22,474,1993,22.4
204,2,22,474,1994,22.56
204,2,22,474,1995,22.85
204,2,22,474,1996,23.36
204,2,22,474,1997,23.72
204,2,22,474,1998,23.98
204,2,22,474,1999,24.04
204,2,22,474,2000,23.85
204,2,22,474,2001,23.76
204,2,22,474,2002,23.66
204,2,22,474,2003,23.69
204,2,22,474,2004,23.49
204,2,22,474,2005,23.31
204,2,22,474,2006,23.28
204,2,22,474,2007,23.49
204,2,22,474,2008,23.69
204,2,22,474,2009,23.96
204,2,22,474,2010,24.4
204,2,22,474,2011,24.8
204,2,22,474,2012,25.28
204,2,22,474,2013,25.68
204,2,22,474,2014,26.23
204,2,22,474,2015,26.75
204,2,22,474,2016,27.44
204,2,22,474,2017,28.04
204,2,30,474,1990,3.14
204,2,30,474,1991,3.15
204,2,30,474,1992,3.18
204,2,30,474,1993,3.21
204,2,30,474,1994,3.23
204,2,30,474,1995,3.26
204,2,30,474,1996,3.3
204,2,30,474,1997,3.34
204,2,30,474,1998,3.38
204,2,30,474,1999,3.46
204,2,30,474,2000,3.54
204,2,30,474,2001,3.63
204,2,30,474,2002,3.73
204,2,30,474,2003,3.83
204,2,30,474,2004,3.75
204,2,30,474,2005,3.7
204,2,30,474,2006,3.65
204,2,30,474,2007,3.62
204,2,30,474,2008,3.58
204,2,30,474,2009,3.72
204,2,30,474,2010,3.82
204,2,30,474,2011,3.93
204,2,30,474,2012,4.07
204,2,30,474,2013,4.23
204,2,30,474,2014,4.29
204,2,30,474,2015,4.36
204,2,30,474,2016,4.4
204,2,30,474,2017,4.42
204,2,31,474,1990,1.15
204,2,31,474,1991,1.17
204,2,31,474,1992,1.19
204,2,31,474,1993,1.22
204,2,31,474,1994,1.23
204,2,31,474,1995,1.25
204,2,31,474,1996,1.26
204,2,31,474,1997,1.27
204,2,31,474,1998,1.27
204,2,31,474,1999,1.27
204,2,31,474,2000,1.26
204,2,31,474,2001,1.25
204,2,31,474,2002,1.26
204,2,31,474,2003,1.27
204,2,31,474,2004,1.31
204,2,31,474,2005,1.35
204,2,31,474,2006,1.4
204,2,31,474,2007,1.45
204,2,31,474,2008,1.51
204,2,31,474,2009,1.5
204,2,31,474,2010,1.5
204,2,31,474,2011,1.5
204,2,31,474,2012,1.5
204,2,31,474,2013,1.5
204,2,31,474,2014,1.58
204,2,31,474,2015,1.63
204,2,31,474,2016,1.69
204,2,31,474,2017,1.76
204,2,32,474,1990,0.3
204,2,32,474,1991,0.3
204,2,32,474,1992,0.3
204,2,32,474,1993,0.31
204,2,32,474,1994,0.31
204,2,32,474,1995,0.31
204,2,32,474,1996,0.32
204,2,32,474,1997,0.33
204,2,32,474,1998,0.33
204,2,32,474,1999,0.33
204,2,32,474,2000,0.33
204,2,32,474,2001,0.33
204,2,32,474,2002,0.33
204,2,32,474,2003,0.33
204,2,32,474,2004,0.33
204,2,32,474,2005,0.34
204,2,32,474,2006,0.34
204,2,32,474,2007,0.35
204,2,32,474,2008,0.36
204,2,32,474,2009,0.38
204,2,32,474,2010,0.4
204,2,32,474,2011,0.42
204,2,32,474,2012,0.44
204,2,32,474,2013,0.46
204,2,32,474,2014,0.46
204,2,32,474,2015,0.46
204,2,32,474,2016,0.47
204,2,32,474,2017,0.47
204,2,235,474,1990,0.05
204,2,235,474,1991,0.05
204,2,235,474,1992,0.05
204,2,235,474,1993,0.05
204,2,235,474,1994,0.05
204,2,235,474,1995,0.05
204,2,235,474,1996,0.05
204,2,235,474,1997,0.05
204,2,235,474,1998,0.05
204,2,235,474,1999,0.05
204,2,235,474,2000,0.05
204,2,235,474,2001,0.05
204,2,235,474,2002,0.06
204,2,235,474,2003,0.06
204,2,235,474,2004,0.06
204,2,235,474,2005,0.06
204,2,235,474,2006,0.06
204,2,235,474,2007,0.06
204,2,235,474,2008,0.06
204,2,235,474,2009,0.06
204,2,235,474,2010,0.06
204,2,235,474,2011,0.06
204,2,235,474,2012,0.06
204,2,235,474,2013,0.07
204,2,235,474,2014,0.07
204,2,235,474,2015,0.08
204,2,235,474,2016,0.08
204,2,235,474,2017,0.08
205,2,8,474,1990,0.11
205,2,8,474,1991,0.12
205,2,8,474,1992,0.12
205,2,8,474,1993,0.13
205,2,8,474,1994,0.13
205,2,8,474,1995,0.14
205,2,8,474,1996,0.15
205,2,8,474,1997,0.16
205,2,8,474,1998,0.17
205,2,8,474,1999,0.17
205,2,8,474,2000,0.18
205,2,8,474,2001,0.18
205,2,8,474,2002,0.18
205,2,8,474,2003,0.18
205,2,8,474,2004,0.18
205,2,8,474,2005,0.18
205,2,8,474,2006,0.18
205,2,8,474,2007,0.18
205,2,8,474,2008,0.18
205,2,8,474,2009,0.18
205,2,8,474,2010,0.17
205,2,8,474,2011,0.17
205,2,8,474,2012,0.17
205,2,8,474,2013,0.17
205,2,8,474,2014,0.17
205,2,8,474,2015,0.18
205,2,8,474,2016,0.18
205,2,8,474,2017,0.18
205,2,9,474,1990,0.17
205,2,9,474,1991,0.18
205,2,9,474,1992,0.18
205,2,9,474,1993,0.19
205,2,9,474,1994,0.2
205,2,9,474,1995,0.21
205,2,9,474,1996,0.23
205,2,9,474,1997,0.24
205,2,9,474,1998,0.25
205,2,9,474,1999,0.26
205,2,9,474,2000,0.27
205,2,9,474,2001,0.28
205,2,9,474,2002,0.28
205,2,9,474,2003,0.28
205,2,9,474,2004,0.28
205,2,9,474,2005,0.29
205,2,9,474,2006,0.29
205,2,9,474,2007,0.29
205,2,9,474,2008,0.29
205,2,9,474,2009,0.28
205,2,9,474,2010,0.28
205,2,9,474,2011,0.27
205,2,9,474,2012,0.26
205,2,9,474,2013,0.26
205,2,9,474,2014,0.25
205,2,9,474,2015,0.25
205,2,9,474,2016,0.24
205,2,9,474,2017,0.24
205,2,10,474,1990,0.41
205,2,10,474,1991,0.42
205,2,10,474,1992,0.43
205,2,10,474,1993,0.46
205,2,10,474,1994,0.49
205,2,10,474,1995,0.51
205,2,10,474,1996,0.54
205,2,10,474,1997,0.56
205,2,10,474,1998,0.59
205,2,10,474,1999,0.61
205,2,10,474,2000,0.63
205,2,10,474,2001,0.64
205,2,10,474,2002,0.65
205,2,10,474,2003,0.66
205,2,10,474,2004,0.66
205,2,10,474,2005,0.68
205,2,10,474,2006,0.7
205,2,10,474,2007,0.7
205,2,10,474,2008,0.71
205,2,10,474,2009,0.72
205,2,10,474,2010,0.73
205,2,10,474,2011,0.7
205,2,10,474,2012,0.7
205,2,10,474,2013,0.69
205,2,10,474,2014,0.69
205,2,10,474,2015,0.68
205,2,10,474,2016,0.67
205,2,10,474,2017,0.66
205,2,11,474,1990,0.36
205,2,11,474,1991,0.37
205,2,11,474,1992,0.39
205,2,11,474,1993,0.41
205,2,11,474,1994,0.44
205,2,11,474,1995,0.46
205,2,11,474,1996,0.48
205,2,11,474,1997,0.5
205,2,11,474,1998,0.52
205,2,11,474,1999,0.54
205,2,11,474,2000,0.55
205,2,11,474,2001,0.56
205,2,11,474,2002,0.57
205,2,11,474,2003,0.57
205,2,11,474,2004,0.58
205,2,11,474,2005,0.58
205,2,11,474,2006,0.6
205,2,11,474,2007,0.6
205,2,11,474,2008,0.61
205,2,11,474,2009,0.62
205,2,11,474,2010,0.64
205,2,11,474,2011,0.63
205,2,11,474,2012,0.64
205,2,11,474,2013,0.65
205,2,11,474,2014,0.66
205,2,11,474,2015,0.67
205,2,11,474,2016,0.67
205,2,11,474,2017,0.68
205,2,12,474,1990,0.48
205,2,12,474,1991,0.51
205,2,12,474,1992,0.53
205,2,12,474,1993,0.57
205,2,12,474,1994,0.61
205,2,12,474,1995,0.66
205,2,12,474,1996,0.7
205,2,12,474,1997,0.74
205,2,12,474,1998,0.78
205,2,12,474,1999,0.82
205,2,12,474,2000,0.83
205,2,12,474,2001,0.84
205,2,12,474,2002,0.85
205,2,12,474,2003,0.85
205,2,12,474,2004,0.85
205,2,12,474,2005,0.86
205,2,12,474,2006,0.87
205,2,12,474,2007,0.88
205,2,12,474,2008,0.88
205,2,12,474,2009,0.89
205,2,12,474,2010,0.91
205,2,12,474,2011,0.89
205,2,12,474,2012,0.9
205,2,12,474,2013,0.92
205,2,12,474,2014,0.95
205,2,12,474,2015,0.97
205,2,12,474,2016,0.99
205,2,12,474,2017,1.02
205,2,13,474,1990,0.84
205,2,13,474,1991,0.86
205,2,13,474,1992,0.88
205,2,13,474,1993,0.95
205,2,13,474,1994,1
205,2,13,474,1995,1.05
205,2,13,474,1996,1.13
205,2,13,474,1997,1.19
205,2,13,474,1998,1.27
205,2,13,474,1999,1.34
205,2,13,474,2000,1.41
205,2,13,474,2001,1.46
205,2,13,474,2002,1.5
205,2,13,474,2003,1.53
205,2,13,474,2004,1.54
205,2,13,474,2005,1.56
205,2,13,474,2006,1.59
205,2,13,474,2007,1.59
205,2,13,474,2008,1.6
205,2,13,474,2009,1.61
205,2,13,474,2010,1.63
205,2,13,474,2011,1.58
205,2,13,474,2012,1.58
205,2,13,474,2013,1.59
205,2,13,474,2014,1.61
205,2,13,474,2015,1.64
205,2,13,474,2016,1.66
205,2,13,474,2017,1.72
205,2,14,474,1990,1.15
205,2,14,474,1991,1.18
205,2,14,474,1992,1.2
205,2,14,474,1993,1.25
205,2,14,474,1994,1.32
205,2,14,474,1995,1.4
205,2,14,474,1996,1.44
205,2,14,474,1997,1.5
205,2,14,474,1998,1.6
205,2,14,474,1999,1.68
205,2,14,474,2000,1.74
205,2,14,474,2001,1.82
205,2,14,474,2002,1.87
205,2,14,474,2003,1.93
205,2,14,474,2004,1.97
205,2,14,474,2005,2.05
205,2,14,474,2006,2.13
205,2,14,474,2007,2.18
205,2,14,474,2008,2.22
205,2,14,474,2009,2.24
205,2,14,474,2010,2.27
205,2,14,474,2011,2.18
205,2,14,474,2012,2.17
205,2,14,474,2013,2.18
205,2,14,474,2014,2.2
205,2,14,474,2015,2.23
205,2,14,474,2016,2.24
205,2,14,474,2017,2.3
205,2,15,474,1990,1.86
205,2,15,474,1991,1.89
205,2,15,474,1992,1.93
205,2,15,474,1993,2.03
205,2,15,474,1994,2.14
205,2,15,474,1995,2.27
205,2,15,474,1996,2.35
205,2,15,474,1997,2.42
205,2,15,474,1998,2.51
205,2,15,474,1999,2.64
205,2,15,474,2000,2.75
205,2,15,474,2001,2.8
205,2,15,474,2002,2.85
205,2,15,474,2003,2.94
205,2,15,474,2004,2.98
205,2,15,474,2005,3.05
205,2,15,474,2006,3.19
205,2,15,474,2007,3.27
205,2,15,474,2008,3.33
205,2,15,474,2009,3.41
205,2,15,474,2010,3.52
205,2,15,474,2011,3.46
205,2,15,474,2012,3.5
205,2,15,474,2013,3.55
205,2,15,474,2014,3.6
205,2,15,474,2015,3.63
205,2,15,474,2016,3.64
205,2,15,474,2017,3.71
205,2,16,474,1990,2.58
205,2,16,474,1991,2.67
205,2,16,474,1992,2.76
205,2,16,474,1993,2.91
205,2,16,474,1994,3.04
205,2,16,474,1995,3.21
205,2,16,474,1996,3.32
205,2,16,474,1997,3.4
205,2,16,474,1998,3.54
205,2,16,474,1999,3.72
205,2,16,474,2000,3.87
205,2,16,474,2001,3.95
205,2,16,474,2002,3.97
205,2,16,474,2003,3.99
205,2,16,474,2004,4.06
205,2,16,474,2005,4.18
205,2,16,474,2006,4.24
205,2,16,474,2007,4.31
205,2,16,474,2008,4.4
205,2,16,474,2009,4.44
205,2,16,474,2010,4.53
205,2,16,474,2011,4.49
205,2,16,474,2012,4.57
205,2,16,474,2013,4.69
205,2,16,474,2014,4.83
205,2,16,474,2015,4.97
205,2,16,474,2016,5.08
205,2,16,474,2017,5.26
205,2,17,474,1990,3.6
205,2,17,474,1991,3.76
205,2,17,474,1992,3.93
205,2,17,474,1993,4.18
205,2,17,474,1994,4.41
205,2,17,474,1995,4.63
205,2,17,474,1996,4.81
205,2,17,474,1997,4.98
205,2,17,474,1998,5.18
205,2,17,474,1999,5.34
205,2,17,474,2000,5.51
205,2,17,474,2001,5.57
205,2,17,474,2002,5.58
205,2,17,474,2003,5.63
205,2,17,474,2004,5.72
205,2,17,474,2005,5.85
205,2,17,474,2006,5.96
205,2,17,474,2007,5.99
205,2,17,474,2008,5.94
205,2,17,474,2009,6.01
205,2,17,474,2010,6.14
205,2,17,474,2011,5.88
205,2,17,474,2012,5.91
205,2,17,474,2013,6.07
205,2,17,474,2014,6.19
205,2,17,474,2015,6.3
205,2,17,474,2016,6.49
205,2,17,474,2017,6.76
205,2,18,474,1990,3.92
205,2,18,474,1991,4.07
205,2,18,474,1992,4.24
205,2,18,474,1993,4.51
205,2,18,474,1994,4.86
205,2,18,474,1995,5.27
205,2,18,474,1996,5.58
205,2,18,474,1997,5.88
205,2,18,474,1998,6.22
205,2,18,474,1999,6.5
205,2,18,474,2000,6.67
205,2,18,474,2001,6.83
205,2,18,474,2002,6.89
205,2,18,474,2003,6.98
205,2,18,474,2004,7
205,2,18,474,2005,7.17
205,2,18,474,2006,7.25
205,2,18,474,2007,7.3
205,2,18,474,2008,7.32
205,2,18,474,2009,7.45
205,2,18,474,2010,7.62
205,2,18,474,2011,7.37
205,2,18,474,2012,7.33
205,2,18,474,2013,7.3
205,2,18,474,2014,7.45
205,2,18,474,2015,7.59
205,2,18,474,2016,7.58
205,2,18,474,2017,7.78
205,2,19,474,1990,4.12
205,2,19,474,1991,4.34
205,2,19,474,1992,4.59
205,2,19,474,1993,4.91
205,2,19,474,1994,5.18
205,2,19,474,1995,5.47
205,2,19,474,1996,5.72
205,2,19,474,1997,5.97
205,2,19,474,1998,6.3
205,2,19,474,1999,6.74
205,2,19,474,2000,7.18
205,2,19,474,2001,7.5
205,2,19,474,2002,7.74
205,2,19,474,2003,7.98
205,2,19,474,2004,8.14
205,2,19,474,2005,8.3
205,2,19,474,2006,8.48
205,2,19,474,2007,8.58
205,2,19,474,2008,8.6
205,2,19,474,2009,8.6
205,2,19,474,2010,8.75
205,2,19,474,2011,8.42
205,2,19,474,2012,8.37
205,2,19,474,2013,8.42
205,2,19,474,2014,8.62
205,2,19,474,2015,8.78
205,2,19,474,2016,8.85
205,2,19,474,2017,9.02
205,2,20,474,1990,3.21
205,2,20,474,1991,3.37
205,2,20,474,1992,3.56
205,2,20,474,1993,3.84
205,2,20,474,1994,4.15
205,2,20,474,1995,4.52
205,2,20,474,1996,4.85
205,2,20,474,1997,5.18
205,2,20,474,1998,5.54
205,2,20,474,1999,5.81
205,2,20,474,2000,6.02
205,2,20,474,2001,6.24
205,2,20,474,2002,6.41
205,2,20,474,2003,6.63
205,2,20,474,2004,6.94
205,2,20,474,2005,7.32
205,2,20,474,2006,7.63
205,2,20,474,2007,7.91
205,2,20,474,2008,8.13
205,2,20,474,2009,8.3
205,2,20,474,2010,8.42
205,2,20,474,2011,8.19
205,2,20,474,2012,8.12
205,2,20,474,2013,8.1
205,2,20,474,2014,8.1
205,2,20,474,2015,8.19
205,2,20,474,2016,8.21
205,2,20,474,2017,8.37
205,2,22,474,1990,26.24
205,2,22,474,1991,27.25
205,2,22,474,1992,28.37
205,2,22,474,1993,30.15
205,2,22,474,1994,31.99
205,2,22,474,1995,34.06
205,2,22,474,1996,35.79
205,2,22,474,1997,37.45
205,2,22,474,1998,39.54
205,2,22,474,1999,41.62
205,2,22,474,2000,43.46
205,2,22,474,2001,44.9
205,2,22,474,2002,45.95
205,2,22,474,2003,47.15
205,2,22,474,2004,48.16
205,2,22,474,2005,49.64
205,2,22,474,2006,50.98
205,2,22,474,2007,52.02
205,2,22,474,2008,52.77
205,2,22,474,2009,53.77
205,2,22,474,2010,55.13
205,2,22,474,2011,53.7
205,2,22,474,2012,53.79
205,2,22,474,2013,54.35
205,2,22,474,2014,55.3
205,2,22,474,2015,56.24
205,2,22,474,2016,56.89
205,2,22,474,2017,58.5
205,2,30,474,1990,2.42
205,2,30,474,1991,2.48
205,2,30,474,1992,2.54
205,2,30,474,1993,2.66
205,2,30,474,1994,2.82
205,2,30,474,1995,3.02
205,2,30,474,1996,3.21
205,2,30,474,1997,3.42
205,2,30,474,1998,3.67
205,2,30,474,1999,3.96
205,2,30,474,2000,4.27
205,2,30,474,2001,4.58
205,2,30,474,2002,4.86
205,2,30,474,2003,5.12
205,2,30,474,2004,5.28
205,2,30,474,2005,5.44
205,2,30,474,2006,5.63
205,2,30,474,2007,5.83
205,2,30,474,2008,6.06
205,2,30,474,2009,6.38
205,2,30,474,2010,6.77
205,2,30,474,2011,6.73
205,2,30,474,2012,6.8
205,2,30,474,2013,6.9
205,2,30,474,2014,6.99
205,2,30,474,2015,7.02
205,2,30,474,2016,7.13
205,2,30,474,2017,7.33
205,2,31,474,1990,0.8
205,2,31,474,1991,0.84
205,2,31,474,1992,0.88
205,2,31,474,1993,0.92
205,2,31,474,1994,0.96
205,2,31,474,1995,1
205,2,31,474,1996,1.03
205,2,31,474,1997,1.07
205,2,31,474,1998,1.12
205,2,31,474,1999,1.18
205,2,31,474,2000,1.26
205,2,31,474,2001,1.34
205,2,31,474,2002,1.43
205,2,31,474,2003,1.52
205,2,31,474,2004,1.62
205,2,31,474,2005,1.74
205,2,31,474,2006,1.86
205,2,31,474,2007,1.98
205,2,31,474,2008,2.08
205,2,31,474,2009,2.16
205,2,31,474,2010,2.24
205,2,31,474,2011,2.22
205,2,31,474,2012,2.24
205,2,31,474,2013,2.3
205,2,31,474,2014,2.4
205,2,31,474,2015,2.53
205,2,31,474,2016,2.65
205,2,31,474,2017,2.8
205,2,32,474,1990,0.16
205,2,32,474,1991,0.17
205,2,32,474,1992,0.18
205,2,32,474,1993,0.19
205,2,32,474,1994,0.2
205,2,32,474,1995,0.21
205,2,32,474,1996,0.22
205,2,32,474,1997,0.23
205,2,32,474,1998,0.24
205,2,32,474,1999,0.25
205,2,32,474,2000,0.26
205,2,32,474,2001,0.27
205,2,32,474,2002,0.28
205,2,32,474,2003,0.29
205,2,32,474,2004,0.31
205,2,32,474,2005,0.32
205,2,32,474,2006,0.34
205,2,32,474,2007,0.36
205,2,32,474,2008,0.39
205,2,32,474,2009,0.42
205,2,32,474,2010,0.45
205,2,32,474,2011,0.46
205,2,32,474,2012,0.48
205,2,32,474,2013,0.5
205,2,32,474,2014,0.51
205,2,32,474,2015,0.53
205,2,32,474,2016,0.55
205,2,32,474,2017,0.59
205,2,235,474,1990,0.03
205,2,235,474,1991,0.03
205,2,235,474,1992,0.03
205,2,235,474,1993,0.03
205,2,235,474,1994,0.03
205,2,235,474,1995,0.03
205,2,235,474,1996,0.03
205,2,235,474,1997,0.03
205,2,235,474,1998,0.04
205,2,235,474,1999,0.04
205,2,235,474,2000,0.04
205,2,235,474,2001,0.04
205,2,235,474,2002,0.05
205,2,235,474,2003,0.05
205,2,235,474,2004,0.05
205,2,235,474,2005,0.05
205,2,235,474,2006,0.05
205,2,235,474,2007,0.05
205,2,235,474,2008,0.06
205,2,235,474,2009,0.06
205,2,235,474,2010,0.06
205,2,235,474,2011,0.06
205,2,235,474,2012,0.07
205,2,235,474,2013,0.07
205,2,235,474,2014,0.07
205,2,235,474,2015,0.08
205,2,235,474,2016,0.08
205,2,235,474,2017,0.09
206,2,8,474,1990,0
206,2,8,474,1991,0
206,2,8,474,1992,0
206,2,8,474,1993,0.01
206,2,8,474,1994,0.01
206,2,8,474,1995,0.01
206,2,8,474,1996,0.01
206,2,8,474,1997,0.01
206,2,8,474,1998,0.01
206,2,8,474,1999,0.01
206,2,8,474,2000,0.01
206,2,8,474,2001,0.01
206,2,8,474,2002,0.01
206,2,8,474,2003,0.01
206,2,8,474,2004,0.01
206,2,8,474,2005,0.01
206,2,8,474,2006,0.01
206,2,8,474,2007,0.01
206,2,8,474,2008,0.01
206,2,8,474,2009,0.01
206,2,8,474,2010,0.01
206,2,8,474,2011,0.01
206,2,8,474,2012,0.01
206,2,8,474,2013,0.01
206,2,8,474,2014,0.01
206,2,8,474,2015,0.01
206,2,8,474,2016,0.01
206,2,8,474,2017,0.01
206,2,9,474,1990,0.01
206,2,9,474,1991,0.01
206,2,9,474,1992,0.01
206,2,9,474,1993,0.01
206,2,9,474,1994,0.01
206,2,9,474,1995,0.01
206,2,9,474,1996,0.01
206,2,9,474,1997,0.01
206,2,9,474,1998,0.01
206,2,9,474,1999,0.01
206,2,9,474,2000,0.01
206,2,9,474,2001,0.01
206,2,9,474,2002,0.01
206,2,9,474,2003,0.01
206,2,9,474,2004,0.01
206,2,9,474,2005,0.01
206,2,9,474,2006,0.01
206,2,9,474,2007,0.01
206,2,9,474,2008,0.01
206,2,9,474,2009,0.01
206,2,9,474,2010,0.01
206,2,9,474,2011,0.01
206,2,9,474,2012,0.01
206,2,9,474,2013,0.01
206,2,9,474,2014,0.01
206,2,9,474,2015,0.01
206,2,9,474,2016,0.01
206,2,9,474,2017,0.01
206,2,10,474,1990,0.01
206,2,10,474,1991,0.01
206,2,10,474,1992,0.01
206,2,10,474,1993,0.01
206,2,10,474,1994,0.02
206,2,10,474,1995,0.02
206,2,10,474,1996,0.02
206,2,10,474,1997,0.02
206,2,10,474,1998,0.02
206,2,10,474,1999,0.02
206,2,10,474,2000,0.02
206,2,10,474,2001,0.02
206,2,10,474,2002,0.02
206,2,10,474,2003,0.02
206,2,10,474,2004,0.02
206,2,10,474,2005,0.02
206,2,10,474,2006,0.02
206,2,10,474,2007,0.02
206,2,10,474,2008,0.02
206,2,10,474,2009,0.02
206,2,10,474,2010,0.02
206,2,10,474,2011,0.02
206,2,10,474,2012,0.03
206,2,10,474,2013,0.03
206,2,10,474,2014,0.03
206,2,10,474,2015,0.03
206,2,10,474,2016,0.03
206,2,10,474,2017,0.03
206,2,11,474,1990,0.01
206,2,11,474,1991,0.01
206,2,11,474,1992,0.01
206,2,11,474,1993,0.01
206,2,11,474,1994,0.01
206,2,11,474,1995,0.01
206,2,11,474,1996,0.01
206,2,11,474,1997,0.02
206,2,11,474,1998,0.02
206,2,11,474,1999,0.02
206,2,11,474,2000,0.02
206,2,11,474,2001,0.02
206,2,11,474,2002,0.02
206,2,11,474,2003,0.02
206,2,11,474,2004,0.02
206,2,11,474,2005,0.02
206,2,11,474,2006,0.02
206,2,11,474,2007,0.02
206,2,11,474,2008,0.02
206,2,11,474,2009,0.02
206,2,11,474,2010,0.02
206,2,11,474,2011,0.02
206,2,11,474,2012,0.03
206,2,11,474,2013,0.03
206,2,11,474,2014,0.03
206,2,11,474,2015,0.03
206,2,11,474,2016,0.03
206,2,11,474,2017,0.03
206,2,12,474,1990,0.02
206,2,12,474,1991,0.02
206,2,12,474,1992,0.02
206,2,12,474,1993,0.02
206,2,12,474,1994,0.02
206,2,12,474,1995,0.02
206,2,12,474,1996,0.02
206,2,12,474,1997,0.02
206,2,12,474,1998,0.02
206,2,12,474,1999,0.03
206,2,12,474,2000,0.03
206,2,12,474,2001,0.03
206,2,12,474,2002,0.03
206,2,12,474,2003,0.03
206,2,12,474,2004,0.03
206,2,12,474,2005,0.03
206,2,12,474,2006,0.03
206,2,12,474,2007,0.03
206,2,12,474,2008,0.04
206,2,12,474,2009,0.04
206,2,12,474,2010,0.04
206,2,12,474,2011,0.04
206,2,12,474,2012,0.04
206,2,12,474,2013,0.04
206,2,12,474,2014,0.05
206,2,12,474,2015,0.05
206,2,12,474,2016,0.05
206,2,12,474,2017,0.05
206,2,13,474,1990,0.03
206,2,13,474,1991,0.03
206,2,13,474,1992,0.03
206,2,13,474,1993,0.03
206,2,13,474,1994,0.04
206,2,13,474,1995,0.04
206,2,13,474,1996,0.04
206,2,13,474,1997,0.04
206,2,13,474,1998,0.04
206,2,13,474,1999,0.05
206,2,13,474,2000,0.05
206,2,13,474,2001,0.05
206,2,13,474,2002,0.05
206,2,13,474,2003,0.06
206,2,13,474,2004,0.06
206,2,13,474,2005,0.06
206,2,13,474,2006,0.07
206,2,13,474,2007,0.07
206,2,13,474,2008,0.07
206,2,13,474,2009,0.07
206,2,13,474,2010,0.07
206,2,13,474,2011,0.08
206,2,13,474,2012,0.08
206,2,13,474,2013,0.08
206,2,13,474,2014,0.09
206,2,13,474,2015,0.09
206,2,13,474,2016,0.09
206,2,13,474,2017,0.1
206,2,14,474,1990,0.04
206,2,14,474,1991,0.04
206,2,14,474,1992,0.04
206,2,14,474,1993,0.04
206,2,14,474,1994,0.05
206,2,14,474,1995,0.05
206,2,14,474,1996,0.05
206,2,14,474,1997,0.06
206,2,14,474,1998,0.06
206,2,14,474,1999,0.06
206,2,14,474,2000,0.07
206,2,14,474,2001,0.07
206,2,14,474,2002,0.07
206,2,14,474,2003,0.08
206,2,14,474,2004,0.08
206,2,14,474,2005,0.09
206,2,14,474,2006,0.09
206,2,14,474,2007,0.09
206,2,14,474,2008,0.1
206,2,14,474,2009,0.1
206,2,14,474,2010,0.1
206,2,14,474,2011,0.11
206,2,14,474,2012,0.11
206,2,14,474,2013,0.12
206,2,14,474,2014,0.12
206,2,14,474,2015,0.13
206,2,14,474,2016,0.13
206,2,14,474,2017,0.13
206,2,15,474,1990,0.07
206,2,15,474,1991,0.07
206,2,15,474,1992,0.07
206,2,15,474,1993,0.07
206,2,15,474,1994,0.08
206,2,15,474,1995,0.08
206,2,15,474,1996,0.08
206,2,15,474,1997,0.08
206,2,15,474,1998,0.09
206,2,15,474,1999,0.09
206,2,15,474,2000,0.1
206,2,15,474,2001,0.11
206,2,15,474,2002,0.12
206,2,15,474,2003,0.13
206,2,15,474,2004,0.13
206,2,15,474,2005,0.14
206,2,15,474,2006,0.15
206,2,15,474,2007,0.15
206,2,15,474,2008,0.16
206,2,15,474,2009,0.16
206,2,15,474,2010,0.17
206,2,15,474,2011,0.17
206,2,15,474,2012,0.18
206,2,15,474,2013,0.19
206,2,15,474,2014,0.19
206,2,15,474,2015,0.2
206,2,15,474,2016,0.21
206,2,15,474,2017,0.21
206,2,16,474,1990,0.09
206,2,16,474,1991,0.09
206,2,16,474,1992,0.1
206,2,16,474,1993,0.1
206,2,16,474,1994,0.11
206,2,16,474,1995,0.12
206,2,16,474,1996,0.12
206,2,16,474,1997,0.13
206,2,16,474,1998,0.13
206,2,16,474,1999,0.13
206,2,16,474,2000,0.13
206,2,16,474,2001,0.14
206,2,16,474,2002,0.14
206,2,16,474,2003,0.14
206,2,16,474,2004,0.15
206,2,16,474,2005,0.17
206,2,16,474,2006,0.18
206,2,16,474,2007,0.19
206,2,16,474,2008,0.2
206,2,16,474,2009,0.21
206,2,16,474,2010,0.22
206,2,16,474,2011,0.23
206,2,16,474,2012,0.24
206,2,16,474,2013,0.26
206,2,16,474,2014,0.27
206,2,16,474,2015,0.28
206,2,16,474,2016,0.29
206,2,16,474,2017,0.29
206,2,17,474,1990,0.13
206,2,17,474,1991,0.14
206,2,17,474,1992,0.15
206,2,17,474,1993,0.16
206,2,17,474,1994,0.17
206,2,17,474,1995,0.18
206,2,17,474,1996,0.2
206,2,17,474,1997,0.21
206,2,17,474,1998,0.22
206,2,17,474,1999,0.24
206,2,17,474,2000,0.25
206,2,17,474,2001,0.26
206,2,17,474,2002,0.27
206,2,17,474,2003,0.28
206,2,17,474,2004,0.28
206,2,17,474,2005,0.28
206,2,17,474,2006,0.27
206,2,17,474,2007,0.27
206,2,17,474,2008,0.27
206,2,17,474,2009,0.28
206,2,17,474,2010,0.29
206,2,17,474,2011,0.31
206,2,17,474,2012,0.33
206,2,17,474,2013,0.35
206,2,17,474,2014,0.37
206,2,17,474,2015,0.39
206,2,17,474,2016,0.41
206,2,17,474,2017,0.42
206,2,18,474,1990,0.18
206,2,18,474,1991,0.18
206,2,18,474,1992,0.19
206,2,18,474,1993,0.2
206,2,18,474,1994,0.22
206,2,18,474,1995,0.24
206,2,18,474,1996,0.26
206,2,18,474,1997,0.28
206,2,18,474,1998,0.3
206,2,18,474,1999,0.32
206,2,18,474,2000,0.34
206,2,18,474,2001,0.37
206,2,18,474,2002,0.39
206,2,18,474,2003,0.42
206,2,18,474,2004,0.45
206,2,18,474,2005,0.47
206,2,18,474,2006,0.48
206,2,18,474,2007,0.49
206,2,18,474,2008,0.49
206,2,18,474,2009,0.48
206,2,18,474,2010,0.47
206,2,18,474,2011,0.46
206,2,18,474,2012,0.45
206,2,18,474,2013,0.46
206,2,18,474,2014,0.48
206,2,18,474,2015,0.5
206,2,18,474,2016,0.52
206,2,18,474,2017,0.55
206,2,19,474,1990,0.24
206,2,19,474,1991,0.25
206,2,19,474,1992,0.26
206,2,19,474,1993,0.28
206,2,19,474,1994,0.29
206,2,19,474,1995,0.31
206,2,19,474,1996,0.33
206,2,19,474,1997,0.35
206,2,19,474,1998,0.38
206,2,19,474,1999,0.4
206,2,19,474,2000,0.43
206,2,19,474,2001,0.47
206,2,19,474,2002,0.5
206,2,19,474,2003,0.54
206,2,19,474,2004,0.58
206,2,19,474,2005,0.62
206,2,19,474,2006,0.66
206,2,19,474,2007,0.69
206,2,19,474,2008,0.72
206,2,19,474,2009,0.75
206,2,19,474,2010,0.77
206,2,19,474,2011,0.8
206,2,19,474,2012,0.81
206,2,19,474,2013,0.82
206,2,19,474,2014,0.8
206,2,19,474,2015,0.78
206,2,19,474,2016,0.76
206,2,19,474,2017,0.74
206,2,20,474,1990,0.24
206,2,20,474,1991,0.24
206,2,20,474,1992,0.25
206,2,20,474,1993,0.26
206,2,20,474,1994,0.28
206,2,20,474,1995,0.29
206,2,20,474,1996,0.31
206,2,20,474,1997,0.33
206,2,20,474,1998,0.36
206,2,20,474,1999,0.37
206,2,20,474,2000,0.39
206,2,20,474,2001,0.42
206,2,20,474,2002,0.44
206,2,20,474,2003,0.47
206,2,20,474,2004,0.51
206,2,20,474,2005,0.54
206,2,20,474,2006,0.58
206,2,20,474,2007,0.62
206,2,20,474,2008,0.66
206,2,20,474,2009,0.7
206,2,20,474,2010,0.74
206,2,20,474,2011,0.78
206,2,20,474,2012,0.82
206,2,20,474,2013,0.86
206,2,20,474,2014,0.9
206,2,20,474,2015,0.93
206,2,20,474,2016,0.95
206,2,20,474,2017,0.96
206,2,22,474,1990,1.34
206,2,22,474,1991,1.41
206,2,22,474,1992,1.47
206,2,22,474,1993,1.55
206,2,22,474,1994,1.65
206,2,22,474,1995,1.75
206,2,22,474,1996,1.85
206,2,22,474,1997,1.97
206,2,22,474,1998,2.09
206,2,22,474,1999,2.2
206,2,22,474,2000,2.32
206,2,22,474,2001,2.48
206,2,22,474,2002,2.63
206,2,22,474,2003,2.79
206,2,22,474,2004,2.96
206,2,22,474,2005,3.12
206,2,22,474,2006,3.27
206,2,22,474,2007,3.42
206,2,22,474,2008,3.57
206,2,22,474,2009,3.71
206,2,22,474,2010,3.85
206,2,22,474,2011,4
206,2,22,474,2012,4.18
206,2,22,474,2013,4.35
206,2,22,474,2014,4.52
206,2,22,474,2015,4.68
206,2,22,474,2016,4.82
206,2,22,474,2017,4.95
206,2,30,474,1990,0.2
206,2,30,474,1991,0.21
206,2,30,474,1992,0.22
206,2,30,474,1993,0.23
206,2,30,474,1994,0.24
206,2,30,474,1995,0.25
206,2,30,474,1996,0.26
206,2,30,474,1997,0.27
206,2,30,474,1998,0.28
206,2,30,474,1999,0.3
206,2,30,474,2000,0.32
206,2,30,474,2001,0.34
206,2,30,474,2002,0.37
206,2,30,474,2003,0.39
206,2,30,474,2004,0.41
206,2,30,474,2005,0.44
206,2,30,474,2006,0.47
206,2,30,474,2007,0.49
206,2,30,474,2008,0.52
206,2,30,474,2009,0.56
206,2,30,474,2010,0.6
206,2,30,474,2011,0.64
206,2,30,474,2012,0.69
206,2,30,474,2013,0.74
206,2,30,474,2014,0.79
206,2,30,474,2015,0.83
206,2,30,474,2016,0.88
206,2,30,474,2017,0.91
206,2,31,474,1990,0.07
206,2,31,474,1991,0.07
206,2,31,474,1992,0.08
206,2,31,474,1993,0.09
206,2,31,474,1994,0.09
206,2,31,474,1995,0.1
206,2,31,474,1996,0.11
206,2,31,474,1997,0.11
206,2,31,474,1998,0.12
206,2,31,474,1999,0.12
206,2,31,474,2000,0.13
206,2,31,474,2001,0.13
206,2,31,474,2002,0.14
206,2,31,474,2003,0.15
206,2,31,474,2004,0.16
206,2,31,474,2005,0.17
206,2,31,474,2006,0.18
206,2,31,474,2007,0.19
206,2,31,474,2008,0.21
206,2,31,474,2009,0.22
206,2,31,474,2010,0.23
206,2,31,474,2011,0.24
206,2,31,474,2012,0.26
206,2,31,474,2013,0.28
206,2,31,474,2014,0.3
206,2,31,474,2015,0.32
206,2,31,474,2016,0.35
206,2,31,474,2017,0.37
206,2,32,474,1990,0.01
206,2,32,474,1991,0.02
206,2,32,474,1992,0.02
206,2,32,474,1993,0.02
206,2,32,474,1994,0.02
206,2,32,474,1995,0.02
206,2,32,474,1996,0.03
206,2,32,474,1997,0.03
206,2,32,474,1998,0.03
206,2,32,474,1999,0.03
206,2,32,474,2000,0.04
206,2,32,474,2001,0.04
206,2,32,474,2002,0.04
206,2,32,474,2003,0.04
206,2,32,474,2004,0.05
206,2,32,474,2005,0.05
206,2,32,474,2006,0.05
206,2,32,474,2007,0.05
206,2,32,474,2008,0.06
206,2,32,474,2009,0.06
206,2,32,474,2010,0.06
206,2,32,474,2011,0.07
206,2,32,474,2012,0.07
206,2,32,474,2013,0.08
206,2,32,474,2014,0.08
206,2,32,474,2015,0.09
206,2,32,474,2016,0.1
206,2,32,474,2017,0.1
206,2,235,474,1990,0
206,2,235,474,1991,0
206,2,235,474,1992,0
206,2,235,474,1993,0
206,2,235,474,1994,0
206,2,235,474,1995,0
206,2,235,474,1996,0
206,2,235,474,1997,0
206,2,235,474,1998,0
206,2,235,474,1999,0
206,2,235,474,2000,0.01
206,2,235,474,2001,0.01
206,2,235,474,2002,0.01
206,2,235,474,2003,0.01
206,2,235,474,2004,0.01
206,2,235,474,2005,0.01
206,2,235,474,2006,0.01
206,2,235,474,2007,0.01
206,2,235,474,2008,0.01
206,2,235,474,2009,0.01
206,2,235,474,2010,0.01
206,2,235,474,2011,0.01
206,2,235,474,2012,0.01
206,2,235,474,2013,0.01
206,2,235,474,2014,0.01
206,2,235,474,2015,0.02
206,2,235,474,2016,0.02
206,2,235,474,2017,0.02
207,2,8,474,1990,0.3
207,2,8,474,1991,0.3
207,2,8,474,1992,0.3
207,2,8,474,1993,0.3
207,2,8,474,1994,0.3
207,2,8,474,1995,0.31
207,2,8,474,1996,0.31
207,2,8,474,1997,0.31
207,2,8,474,1998,0.31
207,2,8,474,1999,0.3
207,2,8,474,2000,0.3
207,2,8,474,2001,0.29
207,2,8,474,2002,0.29
207,2,8,474,2003,0.28
207,2,8,474,2004,0.28
207,2,8,474,2005,0.28
207,2,8,474,2006,0.27
207,2,8,474,2007,0.26
207,2,8,474,2008,0.24
207,2,8,474,2009,0.24
207,2,8,474,2010,0.23
207,2,8,474,2011,0.22
207,2,8,474,2012,0.21
207,2,8,474,2013,0.21
207,2,8,474,2014,0.21
207,2,8,474,2015,0.21
207,2,8,474,2016,0.22
207,2,8,474,2017,0.21
207,2,9,474,1990,0.42
207,2,9,474,1991,0.43
207,2,9,474,1992,0.43
207,2,9,474,1993,0.44
207,2,9,474,1994,0.44
207,2,9,474,1995,0.45
207,2,9,474,1996,0.45
207,2,9,474,1997,0.46
207,2,9,474,1998,0.46
207,2,9,474,1999,0.45
207,2,9,474,2000,0.44
207,2,9,474,2001,0.44
207,2,9,474,2002,0.43
207,2,9,474,2003,0.43
207,2,9,474,2004,0.43
207,2,9,474,2005,0.43
207,2,9,474,2006,0.41
207,2,9,474,2007,0.39
207,2,9,474,2008,0.37
207,2,9,474,2009,0.36
207,2,9,474,2010,0.35
207,2,9,474,2011,0.33
207,2,9,474,2012,0.31
207,2,9,474,2013,0.3
207,2,9,474,2014,0.3
207,2,9,474,2015,0.3
207,2,9,474,2016,0.3
207,2,9,474,2017,0.29
207,2,10,474,1990,1.3
207,2,10,474,1991,1.3
207,2,10,474,1992,1.31
207,2,10,474,1993,1.3
207,2,10,474,1994,1.31
207,2,10,474,1995,1.32
207,2,10,474,1996,1.33
207,2,10,474,1997,1.33
207,2,10,474,1998,1.31
207,2,10,474,1999,1.28
207,2,10,474,2000,1.25
207,2,10,474,2001,1.25
207,2,10,474,2002,1.23
207,2,10,474,2003,1.21
207,2,10,474,2004,1.2
207,2,10,474,2005,1.2
207,2,10,474,2006,1.16
207,2,10,474,2007,1.11
207,2,10,474,2008,1.06
207,2,10,474,2009,1.04
207,2,10,474,2010,1.01
207,2,10,474,2011,0.94
207,2,10,474,2012,0.89
207,2,10,474,2013,0.87
207,2,10,474,2014,0.86
207,2,10,474,2015,0.87
207,2,10,474,2016,0.87
207,2,10,474,2017,0.86
207,2,11,474,1990,1.03
207,2,11,474,1991,1.05
207,2,11,474,1992,1.08
207,2,11,474,1993,1.1
207,2,11,474,1994,1.12
207,2,11,474,1995,1.14
207,2,11,474,1996,1.16
207,2,11,474,1997,1.19
207,2,11,474,1998,1.18
207,2,11,474,1999,1.17
207,2,11,474,2000,1.15
207,2,11,474,2001,1.14
207,2,11,474,2002,1.12
207,2,11,474,2003,1.1
207,2,11,474,2004,1.09
207,2,11,474,2005,1.1
207,2,11,474,2006,1.06
207,2,11,474,2007,1.02
207,2,11,474,2008,0.98
207,2,11,474,2009,0.96
207,2,11,474,2010,0.93
207,2,11,474,2011,0.88
207,2,11,474,2012,0.84
207,2,11,474,2013,0.83
207,2,11,474,2014,0.84
207,2,11,474,2015,0.85
207,2,11,474,2016,0.86
207,2,11,474,2017,0.85
207,2,12,474,1990,1.45
207,2,12,474,1991,1.52
207,2,12,474,1992,1.59
207,2,12,474,1993,1.63
207,2,12,474,1994,1.66
207,2,12,474,1995,1.71
207,2,12,474,1996,1.75
207,2,12,474,1997,1.81
207,2,12,474,1998,1.82
207,2,12,474,1999,1.8
207,2,12,474,2000,1.78
207,2,12,474,2001,1.77
207,2,12,474,2002,1.73
207,2,12,474,2003,1.71
207,2,12,474,2004,1.7
207,2,12,474,2005,1.71
207,2,12,474,2006,1.63
207,2,12,474,2007,1.57
207,2,12,474,2008,1.5
207,2,12,474,2009,1.47
207,2,12,474,2010,1.44
207,2,12,474,2011,1.36
207,2,12,474,2012,1.31
207,2,12,474,2013,1.3
207,2,12,474,2014,1.31
207,2,12,474,2015,1.33
207,2,12,474,2016,1.35
207,2,12,474,2017,1.36
207,2,13,474,1990,2.42
207,2,13,474,1991,2.51
207,2,13,474,1992,2.62
207,2,13,474,1993,2.7
207,2,13,474,1994,2.81
207,2,13,474,1995,2.93
207,2,13,474,1996,3.07
207,2,13,474,1997,3.2
207,2,13,474,1998,3.22
207,2,13,474,1999,3.19
207,2,13,474,2000,3.15
207,2,13,474,2001,3.16
207,2,13,474,2002,3.15
207,2,13,474,2003,3.14
207,2,13,474,2004,3.13
207,2,13,474,2005,3.14
207,2,13,474,2006,3.01
207,2,13,474,2007,2.91
207,2,13,474,2008,2.82
207,2,13,474,2009,2.78
207,2,13,474,2010,2.75
207,2,13,474,2011,2.58
207,2,13,474,2012,2.47
207,2,13,474,2013,2.44
207,2,13,474,2014,2.44
207,2,13,474,2015,2.45
207,2,13,474,2016,2.48
207,2,13,474,2017,2.52
207,2,14,474,1990,3.03
207,2,14,474,1991,3.09
207,2,14,474,1992,3.17
207,2,14,474,1993,3.21
207,2,14,474,1994,3.32
207,2,14,474,1995,3.48
207,2,14,474,1996,3.62
207,2,14,474,1997,3.78
207,2,14,474,1998,3.87
207,2,14,474,1999,3.95
207,2,14,474,2000,4
207,2,14,474,2001,4.12
207,2,14,474,2002,4.15
207,2,14,474,2003,4.16
207,2,14,474,2004,4.15
207,2,14,474,2005,4.15
207,2,14,474,2006,4.01
207,2,14,474,2007,3.9
207,2,14,474,2008,3.78
207,2,14,474,2009,3.71
207,2,14,474,2010,3.64
207,2,14,474,2011,3.39
207,2,14,474,2012,3.24
207,2,14,474,2013,3.21
207,2,14,474,2014,3.23
207,2,14,474,2015,3.27
207,2,14,474,2016,3.3
207,2,14,474,2017,3.36
207,2,15,474,1990,4.36
207,2,15,474,1991,4.47
207,2,15,474,1992,4.61
207,2,15,474,1993,4.66
207,2,15,474,1994,4.76
207,2,15,474,1995,4.94
207,2,15,474,1996,5.01
207,2,15,474,1997,5.13
207,2,15,474,1998,5.15
207,2,15,474,1999,5.21
207,2,15,474,2000,5.3
207,2,15,474,2001,5.42
207,2,15,474,2002,5.5
207,2,15,474,2003,5.59
207,2,15,474,2004,5.7
207,2,15,474,2005,5.81
207,2,15,474,2006,5.72
207,2,15,474,2007,5.64
207,2,15,474,2008,5.5
207,2,15,474,2009,5.41
207,2,15,474,2010,5.31
207,2,15,474,2011,4.96
207,2,15,474,2012,4.77
207,2,15,474,2013,4.72
207,2,15,474,2014,4.72
207,2,15,474,2015,4.72
207,2,15,474,2016,4.73
207,2,15,474,2017,4.8
207,2,16,474,1990,6.57
207,2,16,474,1991,6.81
207,2,16,474,1992,7.03
207,2,16,474,1993,7.09
207,2,16,474,1994,7.21
207,2,16,474,1995,7.4
207,2,16,474,1996,7.51
207,2,16,474,1997,7.62
207,2,16,474,1998,7.56
207,2,16,474,1999,7.51
207,2,16,474,2000,7.49
207,2,16,474,2001,7.41
207,2,16,474,2002,7.32
207,2,16,474,2003,7.27
207,2,16,474,2004,7.3
207,2,16,474,2005,7.42
207,2,16,474,2006,7.23
207,2,16,474,2007,7.14
207,2,16,474,2008,7.05
207,2,16,474,2009,7.08
207,2,16,474,2010,7.08
207,2,16,474,2011,6.79
207,2,16,474,2012,6.64
207,2,16,474,2013,6.64
207,2,16,474,2014,6.68
207,2,16,474,2015,6.71
207,2,16,474,2016,6.77
207,2,16,474,2017,6.9
207,2,17,474,1990,9.67
207,2,17,474,1991,10.13
207,2,17,474,1992,10.64
207,2,17,474,1993,10.95
207,2,17,474,1994,11.31
207,2,17,474,1995,11.7
207,2,17,474,1996,12.03
207,2,17,474,1997,12.28
207,2,17,474,1998,12.19
207,2,17,474,1999,12.05
207,2,17,474,2000,11.94
207,2,17,474,2001,11.86
207,2,17,474,2002,11.71
207,2,17,474,2003,11.56
207,2,17,474,2004,11.46
207,2,17,474,2005,11.46
207,2,17,474,2006,10.84
207,2,17,474,2007,10.38
207,2,17,474,2008,9.98
207,2,17,474,2009,9.81
207,2,17,474,2010,9.73
207,2,17,474,2011,9.18
207,2,17,474,2012,8.91
207,2,17,474,2013,8.99
207,2,17,474,2014,9.17
207,2,17,474,2015,9.36
207,2,17,474,2016,9.64
207,2,17,474,2017,9.95
207,2,18,474,1990,12.47
207,2,18,474,1991,12.91
207,2,18,474,1992,13.44
207,2,18,474,1993,13.79
207,2,18,474,1994,14.25
207,2,18,474,1995,14.83
207,2,18,474,1996,15.4
207,2,18,474,1997,15.95
207,2,18,474,1998,16.15
207,2,18,474,1999,16.25
207,2,18,474,2000,16.3
207,2,18,474,2001,16.47
207,2,18,474,2002,16.41
207,2,18,474,2003,16.28
207,2,18,474,2004,16.13
207,2,18,474,2005,16.09
207,2,18,474,2006,15.36
207,2,18,474,2007,14.8
207,2,18,474,2008,14.25
207,2,18,474,2009,13.93
207,2,18,474,2010,13.65
207,2,18,474,2011,12.51
207,2,18,474,2012,11.8
207,2,18,474,2013,11.58
207,2,18,474,2014,11.58
207,2,18,474,2015,11.73
207,2,18,474,2016,11.88
207,2,18,474,2017,12.28
207,2,19,474,1990,15.08
207,2,19,474,1991,15.59
207,2,19,474,1992,16.13
207,2,19,474,1993,16.42
207,2,19,474,1994,16.86
207,2,19,474,1995,17.46
207,2,19,474,1996,17.96
207,2,19,474,1997,18.51
207,2,19,474,1998,18.73
207,2,19,474,1999,18.96
207,2,19,474,2000,19.27
207,2,19,474,2001,19.78
207,2,19,474,2002,20.13
207,2,19,474,2003,20.46
207,2,19,474,2004,20.72
207,2,19,474,2005,20.92
207,2,19,474,2006,20.28
207,2,19,474,2007,19.66
207,2,19,474,2008,18.97
207,2,19,474,2009,18.55
207,2,19,474,2010,18.12
207,2,19,474,2011,16.84
207,2,19,474,2012,16.03
207,2,19,474,2013,15.78
207,2,19,474,2014,15.75
207,2,19,474,2015,15.83
207,2,19,474,2016,15.7
207,2,19,474,2017,15.85
207,2,20,474,1990,12.98
207,2,20,474,1991,13.5
207,2,20,474,1992,14.08
207,2,20,474,1993,14.48
207,2,20,474,1994,14.95
207,2,20,474,1995,15.55
207,2,20,474,1996,16.05
207,2,20,474,1997,16.5
207,2,20,474,1998,16.65
207,2,20,474,1999,16.84
207,2,20,474,2000,17.18
207,2,20,474,2001,17.59
207,2,20,474,2002,17.99
207,2,20,474,2003,18.45
207,2,20,474,2004,18.99
207,2,20,474,2005,19.57
207,2,20,474,2006,19.32
207,2,20,474,2007,19.23
207,2,20,474,2008,19.12
207,2,20,474,2009,19.08
207,2,20,474,2010,18.86
207,2,20,474,2011,17.74
207,2,20,474,2012,17.02
207,2,20,474,2013,16.81
207,2,20,474,2014,16.77
207,2,20,474,2015,16.74
207,2,20,474,2016,16.8
207,2,20,474,2017,17.23
207,2,22,474,1990,85.9
207,2,22,474,1991,89.05
207,2,22,474,1992,92.51
207,2,22,474,1993,94.62
207,2,22,474,1994,97.43
207,2,22,474,1995,101.05
207,2,22,474,1996,104.17
207,2,22,474,1997,107.29
207,2,22,474,1998,108.31
207,2,22,474,1999,109.22
207,2,22,474,2000,110.58
207,2,22,474,2001,112.56
207,2,22,474,2002,113.79
207,2,22,474,2003,115.05
207,2,22,474,2004,116.47
207,2,22,474,2005,118.36
207,2,22,474,2006,114.92
207,2,22,474,2007,112.48
207,2,22,474,2008,110.07
207,2,22,474,2009,108.98
207,2,22,474,2010,107.75
207,2,22,474,2011,101.15
207,2,22,474,2012,97.41
207,2,22,474,2013,96.91
207,2,22,474,2014,97.6
207,2,22,474,2015,98.5
207,2,22,474,2016,99.73
207,2,22,474,2017,102.56
207,2,30,474,1990,10.22
207,2,30,474,1991,10.6
207,2,30,474,1992,11.03
207,2,30,474,1993,11.33
207,2,30,474,1994,11.73
207,2,30,474,1995,12.24
207,2,30,474,1996,12.69
207,2,30,474,1997,13.19
207,2,30,474,1998,13.5
207,2,30,474,1999,13.87
207,2,30,474,2000,14.39
207,2,30,474,2001,14.94
207,2,30,474,2002,15.4
207,2,30,474,2003,15.87
207,2,30,474,2004,16.35
207,2,30,474,2005,16.9
207,2,30,474,2006,16.54
207,2,30,474,2007,16.44
207,2,30,474,2008,16.43
207,2,30,474,2009,16.52
207,2,30,474,2010,16.59
207,2,30,474,2011,15.82
207,2,30,474,2012,15.53
207,2,30,474,2013,15.71
207,2,30,474,2014,16.01
207,2,30,474,2015,16.18
207,2,30,474,2016,16.55
207,2,30,474,2017,17.27
207,2,31,474,1990,3.67
207,2,31,474,1991,3.83
207,2,31,474,1992,3.99
207,2,31,474,1993,4.1
207,2,31,474,1994,4.23
207,2,31,474,1995,4.39
207,2,31,474,1996,4.55
207,2,31,474,1997,4.71
207,2,31,474,1998,4.83
207,2,31,474,1999,4.98
207,2,31,474,2000,5.19
207,2,31,474,2001,5.42
207,2,31,474,2002,5.65
207,2,31,474,2003,5.89
207,2,31,474,2004,6.13
207,2,31,474,2005,6.38
207,2,31,474,2006,6.28
207,2,31,474,2007,6.23
207,2,31,474,2008,6.2
207,2,31,474,2009,6.2
207,2,31,474,2010,6.2
207,2,31,474,2011,5.85
207,2,31,474,2012,5.71
207,2,31,474,2013,5.78
207,2,31,474,2014,5.94
207,2,31,474,2015,6.11
207,2,31,474,2016,6.34
207,2,31,474,2017,6.77
207,2,32,474,1990,0.82
207,2,32,474,1991,0.87
207,2,32,474,1992,0.93
207,2,32,474,1993,0.97
207,2,32,474,1994,1.02
207,2,32,474,1995,1.06
207,2,32,474,1996,1.11
207,2,32,474,1997,1.15
207,2,32,474,1998,1.17
207,2,32,474,1999,1.2
207,2,32,474,2000,1.25
207,2,32,474,2001,1.3
207,2,32,474,2002,1.36
207,2,32,474,2003,1.42
207,2,32,474,2004,1.49
207,2,32,474,2005,1.56
207,2,32,474,2006,1.55
207,2,32,474,2007,1.56
207,2,32,474,2008,1.57
207,2,32,474,2009,1.59
207,2,32,474,2010,1.6
207,2,32,474,2011,1.52
207,2,32,474,2012,1.49
207,2,32,474,2013,1.5
207,2,32,474,2014,1.54
207,2,32,474,2015,1.59
207,2,32,474,2016,1.64
207,2,32,474,2017,1.75
207,2,235,474,1990,0.12
207,2,235,474,1991,0.12
207,2,235,474,1992,0.13
207,2,235,474,1993,0.14
207,2,235,474,1994,0.15
207,2,235,474,1995,0.15
207,2,235,474,1996,0.16
207,2,235,474,1997,0.17
207,2,235,474,1998,0.18
207,2,235,474,1999,0.19
207,2,235,474,2000,0.2
207,2,235,474,2001,0.21
207,2,235,474,2002,0.22
207,2,235,474,2003,0.23
207,2,235,474,2004,0.24
207,2,235,474,2005,0.25
207,2,235,474,2006,0.25
207,2,235,474,2007,0.25
207,2,235,474,2008,0.25
207,2,235,474,2009,0.26
207,2,235,474,2010,0.26
207,2,235,474,2011,0.25
207,2,235,474,2012,0.25
207,2,235,474,2013,0.25
207,2,235,474,2014,0.26
207,2,235,474,2015,0.27
207,2,235,474,2016,0.28
207,2,235,474,2017,0.3
208,2,8,474,1990,0.05
208,2,8,474,1991,0.05
208,2,8,474,1992,0.05
208,2,8,474,1993,0.05
208,2,8,474,1994,0.05
208,2,8,474,1995,0.06
208,2,8,474,1996,0.06
208,2,8,474,1997,0.06
208,2,8,474,1998,0.06
208,2,8,474,1999,0.06
208,2,8,474,2000,0.06
208,2,8,474,2001,0.07
208,2,8,474,2002,0.07
208,2,8,474,2003,0.07
208,2,8,474,2004,0.07
208,2,8,474,2005,0.08
208,2,8,474,2006,0.08
208,2,8,474,2007,0.08
208,2,8,474,2008,0.08
208,2,8,474,2009,0.09
208,2,8,474,2010,0.09
208,2,8,474,2011,0.09
208,2,8,474,2012,0.09
208,2,8,474,2013,0.09
208,2,8,474,2014,0.09
208,2,8,474,2015,0.09
208,2,8,474,2016,0.09
208,2,8,474,2017,0.09
208,2,9,474,1990,0.07
208,2,9,474,1991,0.07
208,2,9,474,1992,0.07
208,2,9,474,1993,0.07
208,2,9,474,1994,0.08
208,2,9,474,1995,0.08
208,2,9,474,1996,0.08
208,2,9,474,1997,0.08
208,2,9,474,1998,0.09
208,2,9,474,1999,0.09
208,2,9,474,2000,0.08
208,2,9,474,2001,0.09
208,2,9,474,2002,0.09
208,2,9,474,2003,0.09
208,2,9,474,2004,0.1
208,2,9,474,2005,0.1
208,2,9,474,2006,0.1
208,2,9,474,2007,0.11
208,2,9,474,2008,0.11
208,2,9,474,2009,0.12
208,2,9,474,2010,0.12
208,2,9,474,2011,0.12
208,2,9,474,2012,0.12
208,2,9,474,2013,0.12
208,2,9,474,2014,0.12
208,2,9,474,2015,0.12
208,2,9,474,2016,0.12
208,2,9,474,2017,0.12
208,2,10,474,1990,0.17
208,2,10,474,1991,0.18
208,2,10,474,1992,0.18
208,2,10,474,1993,0.18
208,2,10,474,1994,0.19
208,2,10,474,1995,0.2
208,2,10,474,1996,0.19
208,2,10,474,1997,0.2
208,2,10,474,1998,0.21
208,2,10,474,1999,0.21
208,2,10,474,2000,0.2
208,2,10,474,2001,0.2
208,2,10,474,2002,0.21
208,2,10,474,2003,0.21
208,2,10,474,2004,0.21
208,2,10,474,2005,0.22
208,2,10,474,2006,0.23
208,2,10,474,2007,0.24
208,2,10,474,2008,0.25
208,2,10,474,2009,0.26
208,2,10,474,2010,0.27
208,2,10,474,2011,0.28
208,2,10,474,2012,0.28
208,2,10,474,2013,0.28
208,2,10,474,2014,0.29
208,2,10,474,2015,0.29
208,2,10,474,2016,0.29
208,2,10,474,2017,0.3
208,2,11,474,1990,0.17
208,2,11,474,1991,0.18
208,2,11,474,1992,0.18
208,2,11,474,1993,0.18
208,2,11,474,1994,0.18
208,2,11,474,1995,0.19
208,2,11,474,1996,0.19
208,2,11,474,1997,0.19
208,2,11,474,1998,0.2
208,2,11,474,1999,0.2
208,2,11,474,2000,0.2
208,2,11,474,2001,0.2
208,2,11,474,2002,0.2
208,2,11,474,2003,0.2
208,2,11,474,2004,0.21
208,2,11,474,2005,0.21
208,2,11,474,2006,0.21
208,2,11,474,2007,0.22
208,2,11,474,2008,0.23
208,2,11,474,2009,0.23
208,2,11,474,2010,0.24
208,2,11,474,2011,0.24
208,2,11,474,2012,0.25
208,2,11,474,2013,0.25
208,2,11,474,2014,0.26
208,2,11,474,2015,0.27
208,2,11,474,2016,0.27
208,2,11,474,2017,0.28
208,2,12,474,1990,0.23
208,2,12,474,1991,0.25
208,2,12,474,1992,0.26
208,2,12,474,1993,0.26
208,2,12,474,1994,0.27
208,2,12,474,1995,0.27
208,2,12,474,1996,0.27
208,2,12,474,1997,0.27
208,2,12,474,1998,0.29
208,2,12,474,1999,0.29
208,2,12,474,2000,0.29
208,2,12,474,2001,0.3
208,2,12,474,2002,0.3
208,2,12,474,2003,0.3
208,2,12,474,2004,0.31
208,2,12,474,2005,0.31
208,2,12,474,2006,0.33
208,2,12,474,2007,0.33
208,2,12,474,2008,0.34
208,2,12,474,2009,0.35
208,2,12,474,2010,0.36
208,2,12,474,2011,0.36
208,2,12,474,2012,0.37
208,2,12,474,2013,0.37
208,2,12,474,2014,0.38
208,2,12,474,2015,0.39
208,2,12,474,2016,0.4
208,2,12,474,2017,0.41
208,2,13,474,1990,0.43
208,2,13,474,1991,0.43
208,2,13,474,1992,0.44
208,2,13,474,1993,0.45
208,2,13,474,1994,0.46
208,2,13,474,1995,0.46
208,2,13,474,1996,0.48
208,2,13,474,1997,0.49
208,2,13,474,1998,0.51
208,2,13,474,1999,0.52
208,2,13,474,2000,0.52
208,2,13,474,2001,0.53
208,2,13,474,2002,0.53
208,2,13,474,2003,0.54
208,2,13,474,2004,0.55
208,2,13,474,2005,0.56
208,2,13,474,2006,0.58
208,2,13,474,2007,0.59
208,2,13,474,2008,0.61
208,2,13,474,2009,0.63
208,2,13,474,2010,0.65
208,2,13,474,2011,0.66
208,2,13,474,2012,0.67
208,2,13,474,2013,0.69
208,2,13,474,2014,0.72
208,2,13,474,2015,0.74
208,2,13,474,2016,0.75
208,2,13,474,2017,0.78
208,2,14,474,1990,0.58
208,2,14,474,1991,0.6
208,2,14,474,1992,0.61
208,2,14,474,1993,0.62
208,2,14,474,1994,0.65
208,2,14,474,1995,0.69
208,2,14,474,1996,0.69
208,2,14,474,1997,0.69
208,2,14,474,1998,0.72
208,2,14,474,1999,0.73
208,2,14,474,2000,0.71
208,2,14,474,2001,0.74
208,2,14,474,2002,0.77
208,2,14,474,2003,0.78
208,2,14,474,2004,0.79
208,2,14,474,2005,0.8
208,2,14,474,2006,0.82
208,2,14,474,2007,0.84
208,2,14,474,2008,0.87
208,2,14,474,2009,0.89
208,2,14,474,2010,0.92
208,2,14,474,2011,0.93
208,2,14,474,2012,0.95
208,2,14,474,2013,0.97
208,2,14,474,2014,1.01
208,2,14,474,2015,1.04
208,2,14,474,2016,1.07
208,2,14,474,2017,1.11
208,2,15,474,1990,1.01
208,2,15,474,1991,1.05
208,2,15,474,1992,1.08
208,2,15,474,1993,1.1
208,2,15,474,1994,1.13
208,2,15,474,1995,1.15
208,2,15,474,1996,1.14
208,2,15,474,1997,1.15
208,2,15,474,1998,1.19
208,2,15,474,1999,1.23
208,2,15,474,2000,1.28
208,2,15,474,2001,1.28
208,2,15,474,2002,1.3
208,2,15,474,2003,1.31
208,2,15,474,2004,1.33
208,2,15,474,2005,1.31
208,2,15,474,2006,1.38
208,2,15,474,2007,1.44
208,2,15,474,2008,1.48
208,2,15,474,2009,1.52
208,2,15,474,2010,1.57
208,2,15,474,2011,1.57
208,2,15,474,2012,1.59
208,2,15,474,2013,1.63
208,2,15,474,2014,1.69
208,2,15,474,2015,1.72
208,2,15,474,2016,1.75
208,2,15,474,2017,1.8
208,2,16,474,1990,1.6
208,2,16,474,1991,1.63
208,2,16,474,1992,1.66
208,2,16,474,1993,1.69
208,2,16,474,1994,1.73
208,2,16,474,1995,1.78
208,2,16,474,1996,1.82
208,2,16,474,1997,1.84
208,2,16,474,1998,1.89
208,2,16,474,1999,1.92
208,2,16,474,2000,1.91
208,2,16,474,2001,1.91
208,2,16,474,2002,1.92
208,2,16,474,2003,1.94
208,2,16,474,2004,1.98
208,2,16,474,2005,2.08
208,2,16,474,2006,2.1
208,2,16,474,2007,2.14
208,2,16,474,2008,2.2
208,2,16,474,2009,2.24
208,2,16,474,2010,2.24
208,2,16,474,2011,2.3
208,2,16,474,2012,2.38
208,2,16,474,2013,2.42
208,2,16,474,2014,2.46
208,2,16,474,2015,2.49
208,2,16,474,2016,2.5
208,2,16,474,2017,2.54
208,2,17,474,1990,2.66
208,2,17,474,1991,2.73
208,2,17,474,1992,2.81
208,2,17,474,1993,2.9
208,2,17,474,1994,2.99
208,2,17,474,1995,3.03
208,2,17,474,1996,3.02
208,2,17,474,1997,3.03
208,2,17,474,1998,3.05
208,2,17,474,1999,3.05
208,2,17,474,2000,3.06
208,2,17,474,2001,3.1
208,2,17,474,2002,3.12
208,2,17,474,2003,3.11
208,2,17,474,2004,3.11
208,2,17,474,2005,3.09
208,2,17,474,2006,3.12
208,2,17,474,2007,3.15
208,2,17,474,2008,3.21
208,2,17,474,2009,3.31
208,2,17,474,2010,3.51
208,2,17,474,2011,3.45
208,2,17,474,2012,3.46
208,2,17,474,2013,3.51
208,2,17,474,2014,3.55
208,2,17,474,2015,3.49
208,2,17,474,2016,3.6
208,2,17,474,2017,3.74
208,2,18,474,1990,4.09
208,2,18,474,1991,4.27
208,2,18,474,1992,4.39
208,2,18,474,1993,4.49
208,2,18,474,1994,4.63
208,2,18,474,1995,4.74
208,2,18,474,1996,4.79
208,2,18,474,1997,4.87
208,2,18,474,1998,4.97
208,2,18,474,1999,5
208,2,18,474,2000,4.92
208,2,18,474,2001,4.83
208,2,18,474,2002,4.74
208,2,18,474,2003,4.63
208,2,18,474,2004,4.52
208,2,18,474,2005,4.52
208,2,18,474,2006,4.59
208,2,18,474,2007,4.62
208,2,18,474,2008,4.65
208,2,18,474,2009,4.68
208,2,18,474,2010,4.68
208,2,18,474,2011,4.58
208,2,18,474,2012,4.55
208,2,18,474,2013,4.57
208,2,18,474,2014,4.66
208,2,18,474,2015,4.86
208,2,18,474,2016,4.8
208,2,18,474,2017,4.86
208,2,19,474,1990,4.73
208,2,19,474,1991,5.05
208,2,19,474,1992,5.4
208,2,19,474,1993,5.8
208,2,19,474,1994,6.25
208,2,19,474,1995,6.64
208,2,19,474,1996,6.91
208,2,19,474,1997,7.07
208,2,19,474,1998,7.19
208,2,19,474,1999,7.28
208,2,19,474,2000,7.27
208,2,19,474,2001,7.25
208,2,19,474,2002,7.23
208,2,19,474,2003,7.13
208,2,19,474,2004,7
208,2,19,474,2005,6.78
208,2,19,474,2006,6.6
208,2,19,474,2007,6.41
208,2,19,474,2008,6.25
208,2,19,474,2009,6.09
208,2,19,474,2010,6.09
208,2,19,474,2011,5.97
208,2,19,474,2012,5.89
208,2,19,474,2013,5.83
208,2,19,474,2014,5.79
208,2,19,474,2015,5.7
208,2,19,474,2016,5.63
208,2,19,474,2017,5.66
208,2,20,474,1990,3.49
208,2,20,474,1991,3.71
208,2,20,474,1992,3.98
208,2,20,474,1993,4.31
208,2,20,474,1994,4.66
208,2,20,474,1995,5.01
208,2,20,474,1996,5.37
208,2,20,474,1997,5.76
208,2,20,474,1998,6.2
208,2,20,474,1999,6.61
208,2,20,474,2000,6.91
208,2,20,474,2001,7.16
208,2,20,474,2002,7.24
208,2,20,474,2003,7.21
208,2,20,474,2004,7.22
208,2,20,474,2005,7.19
208,2,20,474,2006,7.17
208,2,20,474,2007,7.13
208,2,20,474,2008,7.04
208,2,20,474,2009,6.92
208,2,20,474,2010,6.69
208,2,20,474,2011,6.3
208,2,20,474,2012,5.98
208,2,20,474,2013,5.71
208,2,20,474,2014,5.49
208,2,20,474,2015,5.4
208,2,20,474,2016,5.35
208,2,20,474,2017,5.35
208,2,22,474,1990,23.58
208,2,22,474,1991,24.51
208,2,22,474,1992,25.43
208,2,22,474,1993,26.5
208,2,22,474,1994,27.81
208,2,22,474,1995,29.04
208,2,22,474,1996,29.96
208,2,22,474,1997,30.95
208,2,22,474,1998,32.19
208,2,22,474,1999,33.19
208,2,22,474,2000,33.83
208,2,22,474,2001,34.52
208,2,22,474,2002,35.07
208,2,22,474,2003,35.36
208,2,22,474,2004,35.73
208,2,22,474,2005,36.05
208,2,22,474,2006,36.58
208,2,22,474,2007,36.87
208,2,22,474,2008,37.14
208,2,22,474,2009,37.45
208,2,22,474,2010,37.78
208,2,22,474,2011,37.12
208,2,22,474,2012,36.72
208,2,22,474,2013,36.42
208,2,22,474,2014,36.33
208,2,22,474,2015,36.15
208,2,22,474,2016,35.87
208,2,22,474,2017,36.11
208,2,30,474,1990,2.82
208,2,30,474,1991,2.82
208,2,30,474,1992,2.84
208,2,30,474,1993,2.91
208,2,30,474,1994,3.06
208,2,30,474,1995,3.25
208,2,30,474,1996,3.47
208,2,30,474,1997,3.75
208,2,30,474,1998,4.08
208,2,30,474,1999,4.39
208,2,30,474,2000,4.7
208,2,30,474,2001,5.05
208,2,30,474,2002,5.41
208,2,30,474,2003,5.76
208,2,30,474,2004,6.11
208,2,30,474,2005,6.41
208,2,30,474,2006,6.66
208,2,30,474,2007,6.74
208,2,30,474,2008,6.77
208,2,30,474,2009,6.84
208,2,30,474,2010,6.87
208,2,30,474,2011,6.7
208,2,30,474,2012,6.54
208,2,30,474,2013,6.36
208,2,30,474,2014,6.16
208,2,30,474,2015,5.87
208,2,30,474,2016,5.59
208,2,30,474,2017,5.4
208,2,31,474,1990,1.12
208,2,31,474,1991,1.11
208,2,31,474,1992,1.11
208,2,31,474,1993,1.11
208,2,31,474,1994,1.11
208,2,31,474,1995,1.12
208,2,31,474,1996,1.12
208,2,31,474,1997,1.14
208,2,31,474,1998,1.18
208,2,31,474,1999,1.25
208,2,31,474,2000,1.32
208,2,31,474,2001,1.42
208,2,31,474,2002,1.54
208,2,31,474,2003,1.68
208,2,31,474,2004,1.81
208,2,31,474,2005,1.95
208,2,31,474,2006,2.12
208,2,31,474,2007,2.29
208,2,31,474,2008,2.47
208,2,31,474,2009,2.65
208,2,31,474,2010,2.8
208,2,31,474,2011,2.85
208,2,31,474,2012,2.83
208,2,31,474,2013,2.79
208,2,31,474,2014,2.78
208,2,31,474,2015,2.76
208,2,31,474,2016,2.72
208,2,31,474,2017,2.7
208,2,32,474,1990,0.31
208,2,32,474,1991,0.31
208,2,32,474,1992,0.31
208,2,32,474,1993,0.31
208,2,32,474,1994,0.31
208,2,32,474,1995,0.31
208,2,32,474,1996,0.31
208,2,32,474,1997,0.31
208,2,32,474,1998,0.31
208,2,32,474,1999,0.31
208,2,32,474,2000,0.32
208,2,32,474,2001,0.32
208,2,32,474,2002,0.33
208,2,32,474,2003,0.34
208,2,32,474,2004,0.36
208,2,32,474,2005,0.39
208,2,32,474,2006,0.42
208,2,32,474,2007,0.46
208,2,32,474,2008,0.51
208,2,32,474,2009,0.55
208,2,32,474,2010,0.6
208,2,32,474,2011,0.64
208,2,32,474,2012,0.68
208,2,32,474,2013,0.73
208,2,32,474,2014,0.77
208,2,32,474,2015,0.8
208,2,32,474,2016,0.82
208,2,32,474,2017,0.83
208,2,235,474,1990,0.05
208,2,235,474,1991,0.06
208,2,235,474,1992,0.06
208,2,235,474,1993,0.06
208,2,235,474,1994,0.06
208,2,235,474,1995,0.06
208,2,235,474,1996,0.06
208,2,235,474,1997,0.06
208,2,235,474,1998,0.06
208,2,235,474,1999,0.06
208,2,235,474,2000,0.06
208,2,235,474,2001,0.06
208,2,235,474,2002,0.06
208,2,235,474,2003,0.06
208,2,235,474,2004,0.06
208,2,235,474,2005,0.06
208,2,235,474,2006,0.07
208,2,235,474,2007,0.07
208,2,235,474,2008,0.07
208,2,235,474,2009,0.08
208,2,235,474,2010,0.08
208,2,235,474,2011,0.09
208,2,235,474,2012,0.09
208,2,235,474,2013,0.1
208,2,235,474,2014,0.11
208,2,235,474,2015,0.12
208,2,235,474,2016,0.13
208,2,235,474,2017,0.14
209,2,8,474,1990,0.01
209,2,8,474,1991,0.01
209,2,8,474,1992,0.01
209,2,8,474,1993,0.01
209,2,8,474,1994,0.01
209,2,8,474,1995,0.01
209,2,8,474,1996,0.01
209,2,8,474,1997,0.01
209,2,8,474,1998,0.01
209,2,8,474,1999,0.01
209,2,8,474,2000,0.01
209,2,8,474,2001,0.01
209,2,8,474,2002,0.01
209,2,8,474,2003,0.01
209,2,8,474,2004,0.01
209,2,8,474,2005,0.01
209,2,8,474,2006,0.01
209,2,8,474,2007,0.01
209,2,8,474,2008,0.01
209,2,8,474,2009,0.01
209,2,8,474,2010,0.01
209,2,8,474,2011,0.01
209,2,8,474,2012,0.01
209,2,8,474,2013,0.01
209,2,8,474,2014,0.01
209,2,8,474,2015,0.01
209,2,8,474,2016,0.01
209,2,8,474,2017,0.01
209,2,9,474,1990,0.02
209,2,9,474,1991,0.02
209,2,9,474,1992,0.02
209,2,9,474,1993,0.02
209,2,9,474,1994,0.02
209,2,9,474,1995,0.02
209,2,9,474,1996,0.02
209,2,9,474,1997,0.02
209,2,9,474,1998,0.02
209,2,9,474,1999,0.02
209,2,9,474,2000,0.02
209,2,9,474,2001,0.02
209,2,9,474,2002,0.02
209,2,9,474,2003,0.02
209,2,9,474,2004,0.02
209,2,9,474,2005,0.02
209,2,9,474,2006,0.02
209,2,9,474,2007,0.02
209,2,9,474,2008,0.02
209,2,9,474,2009,0.02
209,2,9,474,2010,0.02
209,2,9,474,2011,0.02
209,2,9,474,2012,0.02
209,2,9,474,2013,0.02
209,2,9,474,2014,0.02
209,2,9,474,2015,0.02
209,2,9,474,2016,0.02
209,2,9,474,2017,0.02
209,2,10,474,1990,0.05
209,2,10,474,1991,0.05
209,2,10,474,1992,0.05
209,2,10,474,1993,0.05
209,2,10,474,1994,0.05
209,2,10,474,1995,0.05
209,2,10,474,1996,0.05
209,2,10,474,1997,0.05
209,2,10,474,1998,0.05
209,2,10,474,1999,0.05
209,2,10,474,2000,0.05
209,2,10,474,2001,0.05
209,2,10,474,2002,0.05
209,2,10,474,2003,0.05
209,2,10,474,2004,0.05
209,2,10,474,2005,0.05
209,2,10,474,2006,0.05
209,2,10,474,2007,0.05
209,2,10,474,2008,0.05
209,2,10,474,2009,0.05
209,2,10,474,2010,0.05
209,2,10,474,2011,0.05
209,2,10,474,2012,0.05
209,2,10,474,2013,0.05
209,2,10,474,2014,0.05
209,2,10,474,2015,0.05
209,2,10,474,2016,0.05
209,2,10,474,2017,0.05
209,2,11,474,1990,0.04
209,2,11,474,1991,0.04
209,2,11,474,1992,0.04
209,2,11,474,1993,0.04
209,2,11,474,1994,0.04
209,2,11,474,1995,0.04
209,2,11,474,1996,0.04
209,2,11,474,1997,0.04
209,2,11,474,1998,0.04
209,2,11,474,1999,0.04
209,2,11,474,2000,0.04
209,2,11,474,2001,0.04
209,2,11,474,2002,0.04
209,2,11,474,2003,0.04
209,2,11,474,2004,0.04
209,2,11,474,2005,0.04
209,2,11,474,2006,0.04
209,2,11,474,2007,0.04
209,2,11,474,2008,0.04
209,2,11,474,2009,0.04
209,2,11,474,2010,0.04
209,2,11,474,2011,0.04
209,2,11,474,2012,0.04
209,2,11,474,2013,0.05
209,2,11,474,2014,0.05
209,2,11,474,2015,0.05
209,2,11,474,2016,0.05
209,2,11,474,2017,0.05
209,2,12,474,1990,0.07
209,2,12,474,1991,0.07
209,2,12,474,1992,0.07
209,2,12,474,1993,0.07
209,2,12,474,1994,0.07
209,2,12,474,1995,0.07
209,2,12,474,1996,0.07
209,2,12,474,1997,0.07
209,2,12,474,1998,0.07
209,2,12,474,1999,0.07
209,2,12,474,2000,0.07
209,2,12,474,2001,0.07
209,2,12,474,2002,0.06
209,2,12,474,2003,0.06
209,2,12,474,2004,0.06
209,2,12,474,2005,0.06
209,2,12,474,2006,0.06
209,2,12,474,2007,0.06
209,2,12,474,2008,0.06
209,2,12,474,2009,0.06
209,2,12,474,2010,0.06
209,2,12,474,2011,0.06
209,2,12,474,2012,0.07
209,2,12,474,2013,0.07
209,2,12,474,2014,0.07
209,2,12,474,2015,0.07
209,2,12,474,2016,0.07
209,2,12,474,2017,0.08
209,2,13,474,1990,0.12
209,2,13,474,1991,0.12
209,2,13,474,1992,0.12
209,2,13,474,1993,0.12
209,2,13,474,1994,0.13
209,2,13,474,1995,0.13
209,2,13,474,1996,0.13
209,2,13,474,1997,0.13
209,2,13,474,1998,0.13
209,2,13,474,1999,0.13
209,2,13,474,2000,0.13
209,2,13,474,2001,0.13
209,2,13,474,2002,0.13
209,2,13,474,2003,0.12
209,2,13,474,2004,0.12
209,2,13,474,2005,0.12
209,2,13,474,2006,0.12
209,2,13,474,2007,0.12
209,2,13,474,2008,0.12
209,2,13,474,2009,0.13
209,2,13,474,2010,0.13
209,2,13,474,2011,0.13
209,2,13,474,2012,0.13
209,2,13,474,2013,0.13
209,2,13,474,2014,0.13
209,2,13,474,2015,0.14
209,2,13,474,2016,0.14
209,2,13,474,2017,0.14
209,2,14,474,1990,0.15
209,2,14,474,1991,0.16
209,2,14,474,1992,0.16
209,2,14,474,1993,0.16
209,2,14,474,1994,0.16
209,2,14,474,1995,0.16
209,2,14,474,1996,0.16
209,2,14,474,1997,0.16
209,2,14,474,1998,0.16
209,2,14,474,1999,0.16
209,2,14,474,2000,0.17
209,2,14,474,2001,0.16
209,2,14,474,2002,0.16
209,2,14,474,2003,0.16
209,2,14,474,2004,0.16
209,2,14,474,2005,0.16
209,2,14,474,2006,0.16
209,2,14,474,2007,0.16
209,2,14,474,2008,0.16
209,2,14,474,2009,0.17
209,2,14,474,2010,0.17
209,2,14,474,2011,0.17
209,2,14,474,2012,0.17
209,2,14,474,2013,0.17
209,2,14,474,2014,0.18
209,2,14,474,2015,0.18
209,2,14,474,2016,0.18
209,2,14,474,2017,0.19
209,2,15,474,1990,0.23
209,2,15,474,1991,0.23
209,2,15,474,1992,0.23
209,2,15,474,1993,0.24
209,2,15,474,1994,0.24
209,2,15,474,1995,0.24
209,2,15,474,1996,0.25
209,2,15,474,1997,0.25
209,2,15,474,1998,0.25
209,2,15,474,1999,0.24
209,2,15,474,2000,0.23
209,2,15,474,2001,0.23
209,2,15,474,2002,0.23
209,2,15,474,2003,0.23
209,2,15,474,2004,0.23
209,2,15,474,2005,0.24
209,2,15,474,2006,0.24
209,2,15,474,2007,0.24
209,2,15,474,2008,0.25
209,2,15,474,2009,0.25
209,2,15,474,2010,0.25
209,2,15,474,2011,0.25
209,2,15,474,2012,0.26
209,2,15,474,2013,0.26
209,2,15,474,2014,0.27
209,2,15,474,2015,0.27
209,2,15,474,2016,0.28
209,2,15,474,2017,0.28
209,2,16,474,1990,0.31
209,2,16,474,1991,0.31
209,2,16,474,1992,0.31
209,2,16,474,1993,0.32
209,2,16,474,1994,0.33
209,2,16,474,1995,0.34
209,2,16,474,1996,0.34
209,2,16,474,1997,0.34
209,2,16,474,1998,0.34
209,2,16,474,1999,0.34
209,2,16,474,2000,0.33
209,2,16,474,2001,0.33
209,2,16,474,2002,0.33
209,2,16,474,2003,0.33
209,2,16,474,2004,0.33
209,2,16,474,2005,0.31
209,2,16,474,2006,0.32
209,2,16,474,2007,0.32
209,2,16,474,2008,0.32
209,2,16,474,2009,0.33
209,2,16,474,2010,0.34
209,2,16,474,2011,0.34
209,2,16,474,2012,0.35
209,2,16,474,2013,0.36
209,2,16,474,2014,0.37
209,2,16,474,2015,0.38
209,2,16,474,2016,0.38
209,2,16,474,2017,0.39
209,2,17,474,1990,0.44
209,2,17,474,1991,0.45
209,2,17,474,1992,0.46
209,2,17,474,1993,0.47
209,2,17,474,1994,0.48
209,2,17,474,1995,0.48
209,2,17,474,1996,0.49
209,2,17,474,1997,0.49
209,2,17,474,1998,0.49
209,2,17,474,1999,0.49
209,2,17,474,2000,0.49
209,2,17,474,2001,0.48
209,2,17,474,2002,0.47
209,2,17,474,2003,0.47
209,2,17,474,2004,0.47
209,2,17,474,2005,0.46
209,2,17,474,2006,0.47
209,2,17,474,2007,0.48
209,2,17,474,2008,0.48
209,2,17,474,2009,0.47
209,2,17,474,2010,0.45
209,2,17,474,2011,0.45
209,2,17,474,2012,0.46
209,2,17,474,2013,0.47
209,2,17,474,2014,0.48
209,2,17,474,2015,0.51
209,2,17,474,2016,0.51
209,2,17,474,2017,0.52
209,2,18,474,1990,0.57
209,2,18,474,1991,0.57
209,2,18,474,1992,0.58
209,2,18,474,1993,0.59
209,2,18,474,1994,0.6
209,2,18,474,1995,0.61
209,2,18,474,1996,0.62
209,2,18,474,1997,0.63
209,2,18,474,1998,0.63
209,2,18,474,1999,0.62
209,2,18,474,2000,0.6
209,2,18,474,2001,0.59
209,2,18,474,2002,0.59
209,2,18,474,2003,0.58
209,2,18,474,2004,0.59
209,2,18,474,2005,0.59
209,2,18,474,2006,0.59
209,2,18,474,2007,0.6
209,2,18,474,2008,0.6
209,2,18,474,2009,0.6
209,2,18,474,2010,0.59
209,2,18,474,2011,0.61
209,2,18,474,2012,0.62
209,2,18,474,2013,0.63
209,2,18,474,2014,0.63
209,2,18,474,2015,0.61
209,2,18,474,2016,0.62
209,2,18,474,2017,0.63
209,2,19,474,1990,0.68
209,2,19,474,1991,0.69
209,2,19,474,1992,0.7
209,2,19,474,1993,0.71
209,2,19,474,1994,0.72
209,2,19,474,1995,0.73
209,2,19,474,1996,0.74
209,2,19,474,1997,0.74
209,2,19,474,1998,0.73
209,2,19,474,1999,0.72
209,2,19,474,2000,0.72
209,2,19,474,2001,0.71
209,2,19,474,2002,0.7
209,2,19,474,2003,0.7
209,2,19,474,2004,0.7
209,2,19,474,2005,0.69
209,2,19,474,2006,0.69
209,2,19,474,2007,0.7
209,2,19,474,2008,0.7
209,2,19,474,2009,0.71
209,2,19,474,2010,0.73
209,2,19,474,2011,0.73
209,2,19,474,2012,0.75
209,2,19,474,2013,0.76
209,2,19,474,2014,0.77
209,2,19,474,2015,0.77
209,2,19,474,2016,0.8
209,2,19,474,2017,0.82
209,2,20,474,1990,0.56
209,2,20,474,1991,0.56
209,2,20,474,1992,0.57
209,2,20,474,1993,0.57
209,2,20,474,1994,0.58
209,2,20,474,1995,0.58
209,2,20,474,1996,0.59
209,2,20,474,1997,0.6
209,2,20,474,1998,0.6
209,2,20,474,1999,0.6
209,2,20,474,2000,0.59
209,2,20,474,2001,0.59
209,2,20,474,2002,0.59
209,2,20,474,2003,0.59
209,2,20,474,2004,0.59
209,2,20,474,2005,0.59
209,2,20,474,2006,0.6
209,2,20,474,2007,0.61
209,2,20,474,2008,0.62
209,2,20,474,2009,0.63
209,2,20,474,2010,0.63
209,2,20,474,2011,0.63
209,2,20,474,2012,0.65
209,2,20,474,2013,0.66
209,2,20,474,2014,0.68
209,2,20,474,2015,0.7
209,2,20,474,2016,0.72
209,2,20,474,2017,0.74
209,2,22,474,1990,3.74
209,2,22,474,1991,3.81
209,2,22,474,1992,3.88
209,2,22,474,1993,3.95
209,2,22,474,1994,4.01
209,2,22,474,1995,4.07
209,2,22,474,1996,4.11
209,2,22,474,1997,4.14
209,2,22,474,1998,4.15
209,2,22,474,1999,4.12
209,2,22,474,2000,4.07
209,2,22,474,2001,4.02
209,2,22,474,2002,4.01
209,2,22,474,2003,4
209,2,22,474,2004,4.03
209,2,22,474,2005,4.01
209,2,22,474,2006,4.06
209,2,22,474,2007,4.12
209,2,22,474,2008,4.15
209,2,22,474,2009,4.2
209,2,22,474,2010,4.23
209,2,22,474,2011,4.28
209,2,22,474,2012,4.37
209,2,22,474,2013,4.46
209,2,22,474,2014,4.54
209,2,22,474,2015,4.63
209,2,22,474,2016,4.74
209,2,22,474,2017,4.84
209,2,30,474,1990,0.37
209,2,30,474,1991,0.38
209,2,30,474,1992,0.4
209,2,30,474,1993,0.41
209,2,30,474,1994,0.42
209,2,30,474,1995,0.43
209,2,30,474,1996,0.43
209,2,30,474,1997,0.43
209,2,30,474,1998,0.43
209,2,30,474,1999,0.43
209,2,30,474,2000,0.43
209,2,30,474,2001,0.43
209,2,30,474,2002,0.44
209,2,30,474,2003,0.45
209,2,30,474,2004,0.46
209,2,30,474,2005,0.47
209,2,30,474,2006,0.48
209,2,30,474,2007,0.49
209,2,30,474,2008,0.5
209,2,30,474,2009,0.51
209,2,30,474,2010,0.53
209,2,30,474,2011,0.54
209,2,30,474,2012,0.56
209,2,30,474,2013,0.57
209,2,30,474,2014,0.59
209,2,30,474,2015,0.6
209,2,30,474,2016,0.61
209,2,30,474,2017,0.63
209,2,31,474,1990,0.11
209,2,31,474,1991,0.11
209,2,31,474,1992,0.12
209,2,31,474,1993,0.12
209,2,31,474,1994,0.13
209,2,31,474,1995,0.13
209,2,31,474,1996,0.14
209,2,31,474,1997,0.14
209,2,31,474,1998,0.15
209,2,31,474,1999,0.15
209,2,31,474,2000,0.15
209,2,31,474,2001,0.15
209,2,31,474,2002,0.15
209,2,31,474,2003,0.15
209,2,31,474,2004,0.15
209,2,31,474,2005,0.15
209,2,31,474,2006,0.16
209,2,31,474,2007,0.16
209,2,31,474,2008,0.17
209,2,31,474,2009,0.18
209,2,31,474,2010,0.18
209,2,31,474,2011,0.19
209,2,31,474,2012,0.19
209,2,31,474,2013,0.2
209,2,31,474,2014,0.21
209,2,31,474,2015,0.21
209,2,31,474,2016,0.22
209,2,31,474,2017,0.23
209,2,32,474,1990,0.02
209,2,32,474,1991,0.02
209,2,32,474,1992,0.03
209,2,32,474,1993,0.03
209,2,32,474,1994,0.03
209,2,32,474,1995,0.03
209,2,32,474,1996,0.03
209,2,32,474,1997,0.03
209,2,32,474,1998,0.03
209,2,32,474,1999,0.03
209,2,32,474,2000,0.03
209,2,32,474,2001,0.03
209,2,32,474,2002,0.03
209,2,32,474,2003,0.04
209,2,32,474,2004,0.04
209,2,32,474,2005,0.04
209,2,32,474,2006,0.04
209,2,32,474,2007,0.04
209,2,32,474,2008,0.04
209,2,32,474,2009,0.04
209,2,32,474,2010,0.04
209,2,32,474,2011,0.04
209,2,32,474,2012,0.05
209,2,32,474,2013,0.05
209,2,32,474,2014,0.05
209,2,32,474,2015,0.05
209,2,32,474,2016,0.06
209,2,32,474,2017,0.06
209,2,235,474,1990,0
209,2,235,474,1991,0
209,2,235,474,1992,0
209,2,235,474,1993,0
209,2,235,474,1994,0
209,2,235,474,1995,0
209,2,235,474,1996,0
209,2,235,474,1997,0
209,2,235,474,1998,0
209,2,235,474,1999,0
209,2,235,474,2000,0
209,2,235,474,2001,0
209,2,235,474,2002,0
209,2,235,474,2003,0.01
209,2,235,474,2004,0.01
209,2,235,474,2005,0.01
209,2,235,474,2006,0.01
209,2,235,474,2007,0.01
209,2,235,474,2008,0.01
209,2,235,474,2009,0.01
209,2,235,474,2010,0.01
209,2,235,474,2011,0.01
209,2,235,474,2012,0.01
209,2,235,474,2013,0.01
209,2,235,474,2014,0.01
209,2,235,474,2015,0.01
209,2,235,474,2016,0.01
209,2,235,474,2017,0.01
210,2,8,474,1990,0.03
210,2,8,474,1991,0.04
210,2,8,474,1992,0.04
210,2,8,474,1993,0.03
210,2,8,474,1994,0.04
210,2,8,474,1995,0.04
210,2,8,474,1996,0.04
210,2,8,474,1997,0.04
210,2,8,474,1998,0.04
210,2,8,474,1999,0.04
210,2,8,474,2000,0.04
210,2,8,474,2001,0.04
210,2,8,474,2002,0.04
210,2,8,474,2003,0.03
210,2,8,474,2004,0.03
210,2,8,474,2005,0.03
210,2,8,474,2006,0.03
210,2,8,474,2007,0.03
210,2,8,474,2008,0.03
210,2,8,474,2009,0.03
210,2,8,474,2010,0.03
210,2,8,474,2011,0.03
210,2,8,474,2012,0.03
210,2,8,474,2013,0.03
210,2,8,474,2014,0.03
210,2,8,474,2015,0.03
210,2,8,474,2016,0.03
210,2,8,474,2017,0.03
210,2,9,474,1990,0.03
210,2,9,474,1991,0.04
210,2,9,474,1992,0.04
210,2,9,474,1993,0.04
210,2,9,474,1994,0.04
210,2,9,474,1995,0.04
210,2,9,474,1996,0.05
210,2,9,474,1997,0.06
210,2,9,474,1998,0.06
210,2,9,474,1999,0.06
210,2,9,474,2000,0.06
210,2,9,474,2001,0.05
210,2,9,474,2002,0.05
210,2,9,474,2003,0.04
210,2,9,474,2004,0.04
210,2,9,474,2005,0.05
210,2,9,474,2006,0.05
210,2,9,474,2007,0.05
210,2,9,474,2008,0.05
210,2,9,474,2009,0.05
210,2,9,474,2010,0.05
210,2,9,474,2011,0.05
210,2,9,474,2012,0.04
210,2,9,474,2013,0.04
210,2,9,474,2014,0.04
210,2,9,474,2015,0.03
210,2,9,474,2016,0.03
210,2,9,474,2017,0.03
210,2,10,474,1990,0.11
210,2,10,474,1991,0.11
210,2,10,474,1992,0.11
210,2,10,474,1993,0.1
210,2,10,474,1994,0.1
210,2,10,474,1995,0.1
210,2,10,474,1996,0.11
210,2,10,474,1997,0.13
210,2,10,474,1998,0.13
210,2,10,474,1999,0.14
210,2,10,474,2000,0.15
210,2,10,474,2001,0.15
210,2,10,474,2002,0.13
210,2,10,474,2003,0.12
210,2,10,474,2004,0.11
210,2,10,474,2005,0.11
210,2,10,474,2006,0.11
210,2,10,474,2007,0.12
210,2,10,474,2008,0.12
210,2,10,474,2009,0.12
210,2,10,474,2010,0.13
210,2,10,474,2011,0.13
210,2,10,474,2012,0.12
210,2,10,474,2013,0.11
210,2,10,474,2014,0.1
210,2,10,474,2015,0.09
210,2,10,474,2016,0.09
210,2,10,474,2017,0.09
210,2,11,474,1990,0.1
210,2,11,474,1991,0.1
210,2,11,474,1992,0.11
210,2,11,474,1993,0.1
210,2,11,474,1994,0.1
210,2,11,474,1995,0.09
210,2,11,474,1996,0.1
210,2,11,474,1997,0.1
210,2,11,474,1998,0.1
210,2,11,474,1999,0.1
210,2,11,474,2000,0.1
210,2,11,474,2001,0.1
210,2,11,474,2002,0.1
210,2,11,474,2003,0.1
210,2,11,474,2004,0.1
210,2,11,474,2005,0.11
210,2,11,474,2006,0.11
210,2,11,474,2007,0.1
210,2,11,474,2008,0.1
210,2,11,474,2009,0.1
210,2,11,474,2010,0.11
210,2,11,474,2011,0.1
210,2,11,474,2012,0.09
210,2,11,474,2013,0.09
210,2,11,474,2014,0.09
210,2,11,474,2015,0.09
210,2,11,474,2016,0.09
210,2,11,474,2017,0.09
210,2,12,474,1990,0.16
210,2,12,474,1991,0.17
210,2,12,474,1992,0.17
210,2,12,474,1993,0.16
210,2,12,474,1994,0.16
210,2,12,474,1995,0.16
210,2,12,474,1996,0.17
210,2,12,474,1997,0.17
210,2,12,474,1998,0.17
210,2,12,474,1999,0.16
210,2,12,474,2000,0.16
210,2,12,474,2001,0.15
210,2,12,474,2002,0.15
210,2,12,474,2003,0.14
210,2,12,474,2004,0.14
210,2,12,474,2005,0.14
210,2,12,474,2006,0.15
210,2,12,474,2007,0.16
210,2,12,474,2008,0.16
210,2,12,474,2009,0.17
210,2,12,474,2010,0.19
210,2,12,474,2011,0.17
210,2,12,474,2012,0.16
210,2,12,474,2013,0.15
210,2,12,474,2014,0.14
210,2,12,474,2015,0.14
210,2,12,474,2016,0.13
210,2,12,474,2017,0.14
210,2,13,474,1990,0.24
210,2,13,474,1991,0.25
210,2,13,474,1992,0.27
210,2,13,474,1993,0.26
210,2,13,474,1994,0.27
210,2,13,474,1995,0.28
210,2,13,474,1996,0.3
210,2,13,474,1997,0.29
210,2,13,474,1998,0.29
210,2,13,474,1999,0.28
210,2,13,474,2000,0.28
210,2,13,474,2001,0.28
210,2,13,474,2002,0.27
210,2,13,474,2003,0.26
210,2,13,474,2004,0.26
210,2,13,474,2005,0.27
210,2,13,474,2006,0.28
210,2,13,474,2007,0.28
210,2,13,474,2008,0.29
210,2,13,474,2009,0.29
210,2,13,474,2010,0.3
210,2,13,474,2011,0.29
210,2,13,474,2012,0.3
210,2,13,474,2013,0.3
210,2,13,474,2014,0.3
210,2,13,474,2015,0.3
210,2,13,474,2016,0.29
210,2,13,474,2017,0.29
210,2,14,474,1990,0.34
210,2,14,474,1991,0.36
210,2,14,474,1992,0.36
210,2,14,474,1993,0.35
210,2,14,474,1994,0.34
210,2,14,474,1995,0.32
210,2,14,474,1996,0.34
210,2,14,474,1997,0.34
210,2,14,474,1998,0.35
210,2,14,474,1999,0.35
210,2,14,474,2000,0.36
210,2,14,474,2001,0.35
210,2,14,474,2002,0.35
210,2,14,474,2003,0.34
210,2,14,474,2004,0.34
210,2,14,474,2005,0.35
210,2,14,474,2006,0.36
210,2,14,474,2007,0.37
210,2,14,474,2008,0.38
210,2,14,474,2009,0.4
210,2,14,474,2010,0.42
210,2,14,474,2011,0.39
210,2,14,474,2012,0.38
210,2,14,474,2013,0.37
210,2,14,474,2014,0.35
210,2,14,474,2015,0.35
210,2,14,474,2016,0.36
210,2,14,474,2017,0.38
210,2,15,474,1990,0.58
210,2,15,474,1991,0.59
210,2,15,474,1992,0.6
210,2,15,474,1993,0.59
210,2,15,474,1994,0.6
210,2,15,474,1995,0.6
210,2,15,474,1996,0.62
210,2,15,474,1997,0.61
210,2,15,474,1998,0.6
210,2,15,474,1999,0.58
210,2,15,474,2000,0.54
210,2,15,474,2001,0.54
210,2,15,474,2002,0.54
210,2,15,474,2003,0.54
210,2,15,474,2004,0.54
210,2,15,474,2005,0.56
210,2,15,474,2006,0.57
210,2,15,474,2007,0.57
210,2,15,474,2008,0.59
210,2,15,474,2009,0.61
210,2,15,474,2010,0.63
210,2,15,474,2011,0.59
210,2,15,474,2012,0.57
210,2,15,474,2013,0.56
210,2,15,474,2014,0.55
210,2,15,474,2015,0.54
210,2,15,474,2016,0.54
210,2,15,474,2017,0.57
210,2,16,474,1990,0.91
210,2,16,474,1991,0.91
210,2,16,474,1992,0.9
210,2,16,474,1993,0.88
210,2,16,474,1994,0.88
210,2,16,474,1995,0.84
210,2,16,474,1996,0.85
210,2,16,474,1997,0.85
210,2,16,474,1998,0.85
210,2,16,474,1999,0.84
210,2,16,474,2000,0.86
210,2,16,474,2001,0.85
210,2,16,474,2002,0.83
210,2,16,474,2003,0.81
210,2,16,474,2004,0.78
210,2,16,474,2005,0.73
210,2,16,474,2006,0.75
210,2,16,474,2007,0.77
210,2,16,474,2008,0.8
210,2,16,474,2009,0.83
210,2,16,474,2010,0.89
210,2,16,474,2011,0.81
210,2,16,474,2012,0.77
210,2,16,474,2013,0.74
210,2,16,474,2014,0.71
210,2,16,474,2015,0.7
210,2,16,474,2016,0.69
210,2,16,474,2017,0.71
210,2,17,474,1990,1.49
210,2,17,474,1991,1.51
210,2,17,474,1992,1.52
210,2,17,474,1993,1.49
210,2,17,474,1994,1.46
210,2,17,474,1995,1.43
210,2,17,474,1996,1.42
210,2,17,474,1997,1.38
210,2,17,474,1998,1.34
210,2,17,474,1999,1.31
210,2,17,474,2000,1.25
210,2,17,474,2001,1.22
210,2,17,474,2002,1.23
210,2,17,474,2003,1.21
210,2,17,474,2004,1.2
210,2,17,474,2005,1.23
210,2,17,474,2006,1.25
210,2,17,474,2007,1.24
210,2,17,474,2008,1.25
210,2,17,474,2009,1.24
210,2,17,474,2010,1.19
210,2,17,474,2011,1.1
210,2,17,474,2012,1.07
210,2,17,474,2013,1.04
210,2,17,474,2014,1.02
210,2,17,474,2015,1.02
210,2,17,474,2016,0.99
210,2,17,474,2017,1
210,2,18,474,1990,2.25
210,2,18,474,1991,2.26
210,2,18,474,1992,2.25
210,2,18,474,1993,2.25
210,2,18,474,1994,2.27
210,2,18,474,1995,2.25
210,2,18,474,1996,2.24
210,2,18,474,1997,2.18
210,2,18,474,1998,2.11
210,2,18,474,1999,2.03
210,2,18,474,2000,1.97
210,2,18,474,2001,1.9
210,2,18,474,2002,1.84
210,2,18,474,2003,1.77
210,2,18,474,2004,1.73
210,2,18,474,2005,1.66
210,2,18,474,2006,1.65
210,2,18,474,2007,1.69
210,2,18,474,2008,1.71
210,2,18,474,2009,1.75
210,2,18,474,2010,1.82
210,2,18,474,2011,1.68
210,2,18,474,2012,1.57
210,2,18,474,2013,1.48
210,2,18,474,2014,1.37
210,2,18,474,2015,1.24
210,2,18,474,2016,1.23
210,2,18,474,2017,1.27
210,2,19,474,1990,3.09
210,2,19,474,1991,3.08
210,2,19,474,1992,3.03
210,2,19,474,1993,2.98
210,2,19,474,1994,2.93
210,2,19,474,1995,2.87
210,2,19,474,1996,2.82
210,2,19,474,1997,2.73
210,2,19,474,1998,2.7
210,2,19,474,1999,2.66
210,2,19,474,2000,2.62
210,2,19,474,2001,2.56
210,2,19,474,2002,2.52
210,2,19,474,2003,2.45
210,2,19,474,2004,2.38
210,2,19,474,2005,2.34
210,2,19,474,2006,2.31
210,2,19,474,2007,2.28
210,2,19,474,2008,2.27
210,2,19,474,2009,2.3
210,2,19,474,2010,2.26
210,2,19,474,2011,2.06
210,2,19,474,2012,1.98
210,2,19,474,2013,1.9
210,2,19,474,2014,1.81
210,2,19,474,2015,1.81
210,2,19,474,2016,1.78
210,2,19,474,2017,1.77
210,2,20,474,1990,2.43
210,2,20,474,1991,2.54
210,2,20,474,1992,2.67
210,2,20,474,1993,2.71
210,2,20,474,1994,2.72
210,2,20,474,1995,2.7
210,2,20,474,1996,2.64
210,2,20,474,1997,2.55
210,2,20,474,1998,2.48
210,2,20,474,1999,2.41
210,2,20,474,2000,2.39
210,2,20,474,2001,2.37
210,2,20,474,2002,2.36
210,2,20,474,2003,2.38
210,2,20,474,2004,2.41
210,2,20,474,2005,2.42
210,2,20,474,2006,2.44
210,2,20,474,2007,2.46
210,2,20,474,2008,2.47
210,2,20,474,2009,2.47
210,2,20,474,2010,2.49
210,2,20,474,2011,2.24
210,2,20,474,2012,2.07
210,2,20,474,2013,1.94
210,2,20,474,2014,1.84
210,2,20,474,2015,1.73
210,2,20,474,2016,1.68
210,2,20,474,2017,1.74
210,2,22,474,1990,14.26
210,2,22,474,1991,14.49
210,2,22,474,1992,14.62
210,2,22,474,1993,14.54
210,2,22,474,1994,14.55
210,2,22,474,1995,14.38
210,2,22,474,1996,14.4
210,2,22,474,1997,14.2
210,2,22,474,1998,13.99
210,2,22,474,1999,13.75
210,2,22,474,2000,13.61
210,2,22,474,2001,13.45
210,2,22,474,2002,13.36
210,2,22,474,2003,13.16
210,2,22,474,2004,13.11
210,2,22,474,2005,13.09
210,2,22,474,2006,13.24
210,2,22,474,2007,13.4
210,2,22,474,2008,13.64
210,2,22,474,2009,13.94
210,2,22,474,2010,14.22
210,2,22,474,2011,13.03
210,2,22,474,2012,12.32
210,2,22,474,2013,11.78
210,2,22,474,2014,11.24
210,2,22,474,2015,10.86
210,2,22,474,2016,10.65
210,2,22,474,2017,10.87
210,2,30,474,1990,1.78
210,2,30,474,1991,1.79
210,2,30,474,1992,1.79
210,2,30,474,1993,1.82
210,2,30,474,1994,1.87
210,2,30,474,1995,1.9
210,2,30,474,1996,1.95
210,2,30,474,1997,2
210,2,30,474,1998,2.01
210,2,30,474,1999,2
210,2,30,474,2000,2.02
210,2,30,474,2001,2.02
210,2,30,474,2002,2.03
210,2,30,474,2003,2.03
210,2,30,474,2004,2.04
210,2,30,474,2005,2.08
210,2,30,474,2006,2.13
210,2,30,474,2007,2.18
210,2,30,474,2008,2.28
210,2,30,474,2009,2.38
210,2,30,474,2010,2.47
210,2,30,474,2011,2.26
210,2,30,474,2012,2.11
210,2,30,474,2013,1.99
210,2,30,474,2014,1.88
210,2,30,474,2015,1.81
210,2,30,474,2016,1.75
210,2,30,474,2017,1.76
210,2,31,474,1990,0.57
210,2,31,474,1991,0.59
210,2,31,474,1992,0.61
210,2,31,474,1993,0.61
210,2,31,474,1994,0.61
210,2,31,474,1995,0.61
210,2,31,474,1996,0.6
210,2,31,474,1997,0.59
210,2,31,474,1998,0.6
210,2,31,474,1999,0.62
210,2,31,474,2000,0.65
210,2,31,474,2001,0.69
210,2,31,474,2002,0.74
210,2,31,474,2003,0.76
210,2,31,474,2004,0.78
210,2,31,474,2005,0.8
210,2,31,474,2006,0.83
210,2,31,474,2007,0.85
210,2,31,474,2008,0.87
210,2,31,474,2009,0.9
210,2,31,474,2010,0.93
210,2,31,474,2011,0.86
210,2,31,474,2012,0.81
210,2,31,474,2013,0.79
210,2,31,474,2014,0.77
210,2,31,474,2015,0.76
210,2,31,474,2016,0.75
210,2,31,474,2017,0.77
210,2,32,474,1990,0.13
210,2,32,474,1991,0.13
210,2,32,474,1992,0.13
210,2,32,474,1993,0.13
210,2,32,474,1994,0.13
210,2,32,474,1995,0.14
210,2,32,474,1996,0.14
210,2,32,474,1997,0.14
210,2,32,474,1998,0.14
210,2,32,474,1999,0.14
210,2,32,474,2000,0.15
210,2,32,474,2001,0.15
210,2,32,474,2002,0.16
210,2,32,474,2003,0.16
210,2,32,474,2004,0.17
210,2,32,474,2005,0.19
210,2,32,474,2006,0.2
210,2,32,474,2007,0.22
210,2,32,474,2008,0.24
210,2,32,474,2009,0.25
210,2,32,474,2010,0.26
210,2,32,474,2011,0.24
210,2,32,474,2012,0.22
210,2,32,474,2013,0.21
210,2,32,474,2014,0.2
210,2,32,474,2015,0.2
210,2,32,474,2016,0.19
210,2,32,474,2017,0.2
210,2,235,474,1990,0.02
210,2,235,474,1991,0.02
210,2,235,474,1992,0.02
210,2,235,474,1993,0.02
210,2,235,474,1994,0.02
210,2,235,474,1995,0.02
210,2,235,474,1996,0.02
210,2,235,474,1997,0.02
210,2,235,474,1998,0.02
210,2,235,474,1999,0.02
210,2,235,474,2000,0.02
210,2,235,474,2001,0.02
210,2,235,474,2002,0.03
210,2,235,474,2003,0.03
210,2,235,474,2004,0.03
210,2,235,474,2005,0.03
210,2,235,474,2006,0.03
210,2,235,474,2007,0.03
210,2,235,474,2008,0.03
210,2,235,474,2009,0.04
210,2,235,474,2010,0.04
210,2,235,474,2011,0.04
210,2,235,474,2012,0.04
210,2,235,474,2013,0.04
210,2,235,474,2014,0.03
210,2,235,474,2015,0.03
210,2,235,474,2016,0.03
210,2,235,474,2017,0.03
211,2,8,474,1990,0.26
211,2,8,474,1991,0.26
211,2,8,474,1992,0.27
211,2,8,474,1993,0.27
211,2,8,474,1994,0.28
211,2,8,474,1995,0.29
211,2,8,474,1996,0.3
211,2,8,474,1997,0.31
211,2,8,474,1998,0.31
211,2,8,474,1999,0.32
211,2,8,474,2000,0.33
211,2,8,474,2001,0.33
211,2,8,474,2002,0.34
211,2,8,474,2003,0.34
211,2,8,474,2004,0.33
211,2,8,474,2005,0.34
211,2,8,474,2006,0.3
211,2,8,474,2007,0.29
211,2,8,474,2008,0.28
211,2,8,474,2009,0.28
211,2,8,474,2010,0.29
211,2,8,474,2011,0.29
211,2,8,474,2012,0.29
211,2,8,474,2013,0.3
211,2,8,474,2014,0.31
211,2,8,474,2015,0.33
211,2,8,474,2016,0.35
211,2,8,474,2017,0.37
211,2,9,474,1990,0.38
211,2,9,474,1991,0.38
211,2,9,474,1992,0.38
211,2,9,474,1993,0.37
211,2,9,474,1994,0.37
211,2,9,474,1995,0.38
211,2,9,474,1996,0.4
211,2,9,474,1997,0.4
211,2,9,474,1998,0.41
211,2,9,474,1999,0.41
211,2,9,474,2000,0.42
211,2,9,474,2001,0.43
211,2,9,474,2002,0.43
211,2,9,474,2003,0.43
211,2,9,474,2004,0.43
211,2,9,474,2005,0.43
211,2,9,474,2006,0.39
211,2,9,474,2007,0.37
211,2,9,474,2008,0.36
211,2,9,474,2009,0.36
211,2,9,474,2010,0.36
211,2,9,474,2011,0.36
211,2,9,474,2012,0.35
211,2,9,474,2013,0.36
211,2,9,474,2014,0.38
211,2,9,474,2015,0.4
211,2,9,474,2016,0.42
211,2,9,474,2017,0.44
211,2,10,474,1990,0.92
211,2,10,474,1991,0.91
211,2,10,474,1992,0.91
211,2,10,474,1993,0.9
211,2,10,474,1994,0.9
211,2,10,474,1995,0.93
211,2,10,474,1996,0.95
211,2,10,474,1997,0.95
211,2,10,474,1998,0.95
211,2,10,474,1999,0.95
211,2,10,474,2000,0.97
211,2,10,474,2001,0.97
211,2,10,474,2002,0.99
211,2,10,474,2003,1
211,2,10,474,2004,1.01
211,2,10,474,2005,1.02
211,2,10,474,2006,0.92
211,2,10,474,2007,0.87
211,2,10,474,2008,0.84
211,2,10,474,2009,0.83
211,2,10,474,2010,0.84
211,2,10,474,2011,0.83
211,2,10,474,2012,0.82
211,2,10,474,2013,0.84
211,2,10,474,2014,0.86
211,2,10,474,2015,0.89
211,2,10,474,2016,0.93
211,2,10,474,2017,0.96
211,2,11,474,1990,0.82
211,2,11,474,1991,0.82
211,2,11,474,1992,0.83
211,2,11,474,1993,0.82
211,2,11,474,1994,0.82
211,2,11,474,1995,0.83
211,2,11,474,1996,0.84
211,2,11,474,1997,0.84
211,2,11,474,1998,0.83
211,2,11,474,1999,0.83
211,2,11,474,2000,0.84
211,2,11,474,2001,0.84
211,2,11,474,2002,0.85
211,2,11,474,2003,0.85
211,2,11,474,2004,0.85
211,2,11,474,2005,0.86
211,2,11,474,2006,0.77
211,2,11,474,2007,0.74
211,2,11,474,2008,0.72
211,2,11,474,2009,0.72
211,2,11,474,2010,0.74
211,2,11,474,2011,0.74
211,2,11,474,2012,0.74
211,2,11,474,2013,0.76
211,2,11,474,2014,0.78
211,2,11,474,2015,0.81
211,2,11,474,2016,0.84
211,2,11,474,2017,0.87
211,2,12,474,1990,1.31
211,2,12,474,1991,1.31
211,2,12,474,1992,1.33
211,2,12,474,1993,1.33
211,2,12,474,1994,1.34
211,2,12,474,1995,1.38
211,2,12,474,1996,1.4
211,2,12,474,1997,1.4
211,2,12,474,1998,1.38
211,2,12,474,1999,1.37
211,2,12,474,2000,1.37
211,2,12,474,2001,1.36
211,2,12,474,2002,1.36
211,2,12,474,2003,1.36
211,2,12,474,2004,1.36
211,2,12,474,2005,1.36
211,2,12,474,2006,1.23
211,2,12,474,2007,1.17
211,2,12,474,2008,1.14
211,2,12,474,2009,1.13
211,2,12,474,2010,1.14
211,2,12,474,2011,1.15
211,2,12,474,2012,1.16
211,2,12,474,2013,1.21
211,2,12,474,2014,1.26
211,2,12,474,2015,1.32
211,2,12,474,2016,1.39
211,2,12,474,2017,1.44
211,2,13,474,1990,2.27
211,2,13,474,1991,2.25
211,2,13,474,1992,2.27
211,2,13,474,1993,2.28
211,2,13,474,1994,2.29
211,2,13,474,1995,2.35
211,2,13,474,1996,2.38
211,2,13,474,1997,2.39
211,2,13,474,1998,2.37
211,2,13,474,1999,2.37
211,2,13,474,2000,2.4
211,2,13,474,2001,2.41
211,2,13,474,2002,2.44
211,2,13,474,2003,2.45
211,2,13,474,2004,2.45
211,2,13,474,2005,2.46
211,2,13,474,2006,2.23
211,2,13,474,2007,2.15
211,2,13,474,2008,2.12
211,2,13,474,2009,2.13
211,2,13,474,2010,2.16
211,2,13,474,2011,2.16
211,2,13,474,2012,2.18
211,2,13,474,2013,2.24
211,2,13,474,2014,2.31
211,2,13,474,2015,2.39
211,2,13,474,2016,2.51
211,2,13,474,2017,2.61
211,2,14,474,1990,3.09
211,2,14,474,1991,3.13
211,2,14,474,1992,3.18
211,2,14,474,1993,3.17
211,2,14,474,1994,3.25
211,2,14,474,1995,3.33
211,2,14,474,1996,3.34
211,2,14,474,1997,3.35
211,2,14,474,1998,3.36
211,2,14,474,1999,3.35
211,2,14,474,2000,3.39
211,2,14,474,2001,3.41
211,2,14,474,2002,3.45
211,2,14,474,2003,3.47
211,2,14,474,2004,3.5
211,2,14,474,2005,3.53
211,2,14,474,2006,3.22
211,2,14,474,2007,3.1
211,2,14,474,2008,3.06
211,2,14,474,2009,3.05
211,2,14,474,2010,3.08
211,2,14,474,2011,3.09
211,2,14,474,2012,3.12
211,2,14,474,2013,3.21
211,2,14,474,2014,3.32
211,2,14,474,2015,3.46
211,2,14,474,2016,3.61
211,2,14,474,2017,3.73
211,2,15,474,1990,5.31
211,2,15,474,1991,5.27
211,2,15,474,1992,5.24
211,2,15,474,1993,5.21
211,2,15,474,1994,5.16
211,2,15,474,1995,5.31
211,2,15,474,1996,5.43
211,2,15,474,1997,5.48
211,2,15,474,1998,5.46
211,2,15,474,1999,5.56
211,2,15,474,2000,5.63
211,2,15,474,2001,5.63
211,2,15,474,2002,5.67
211,2,15,474,2003,5.7
211,2,15,474,2004,5.69
211,2,15,474,2005,5.72
211,2,15,474,2006,5.2
211,2,15,474,2007,5
211,2,15,474,2008,4.93
211,2,15,474,2009,4.94
211,2,15,474,2010,5.01
211,2,15,474,2011,5.06
211,2,15,474,2012,5.14
211,2,15,474,2013,5.26
211,2,15,474,2014,5.41
211,2,15,474,2015,5.58
211,2,15,474,2016,5.82
211,2,15,474,2017,6.02
211,2,16,474,1990,8.05
211,2,16,474,1991,7.95
211,2,16,474,1992,7.98
211,2,16,474,1993,7.92
211,2,16,474,1994,8.21
211,2,16,474,1995,8.39
211,2,16,474,1996,8.39
211,2,16,474,1997,8.25
211,2,16,474,1998,8.18
211,2,16,474,1999,7.98
211,2,16,474,2000,8.05
211,2,16,474,2001,8.18
211,2,16,474,2002,8.28
211,2,16,474,2003,8.22
211,2,16,474,2004,8.34
211,2,16,474,2005,8.4
211,2,16,474,2006,7.58
211,2,16,474,2007,7.3
211,2,16,474,2008,7.26
211,2,16,474,2009,7.23
211,2,16,474,2010,7.33
211,2,16,474,2011,7.42
211,2,16,474,2012,7.59
211,2,16,474,2013,7.83
211,2,16,474,2014,8.12
211,2,16,474,2015,8.46
211,2,16,474,2016,8.85
211,2,16,474,2017,9.16
211,2,17,474,1990,11.24
211,2,17,474,1991,11.43
211,2,17,474,1992,11.63
211,2,17,474,1993,12.02
211,2,17,474,1994,12.03
211,2,17,474,1995,12.07
211,2,17,474,1996,11.87
211,2,17,474,1997,11.72
211,2,17,474,1998,11.51
211,2,17,474,1999,11.74
211,2,17,474,2000,11.76
211,2,17,474,2001,11.68
211,2,17,474,2002,11.51
211,2,17,474,2003,11.37
211,2,17,474,2004,11.08
211,2,17,474,2005,11.13
211,2,17,474,2006,10.2
211,2,17,474,2007,9.83
211,2,17,474,2008,9.63
211,2,17,474,2009,9.74
211,2,17,474,2010,9.89
211,2,17,474,2011,9.93
211,2,17,474,2012,10.13
211,2,17,474,2013,10.46
211,2,17,474,2014,10.73
211,2,17,474,2015,11.11
211,2,17,474,2016,11.62
211,2,17,474,2017,12.05
211,2,18,474,1990,13.6
211,2,18,474,1991,13.56
211,2,18,474,1992,13.64
211,2,18,474,1993,13.21
211,2,18,474,1994,13.39
211,2,18,474,1995,13.9
211,2,18,474,1996,14.29
211,2,18,474,1997,14.58
211,2,18,474,1998,15.12
211,2,18,474,1999,15.06
211,2,18,474,2000,15.03
211,2,18,474,2001,14.93
211,2,18,474,2002,14.98
211,2,18,474,2003,14.88
211,2,18,474,2004,15.33
211,2,18,474,2005,15.36
211,2,18,474,2006,13.75
211,2,18,474,2007,12.83
211,2,18,474,2008,12.4
211,2,18,474,2009,11.94
211,2,18,474,2010,12.05
211,2,18,474,2011,12.3
211,2,18,474,2012,12.62
211,2,18,474,2013,12.88
211,2,18,474,2014,13.41
211,2,18,474,2015,13.87
211,2,18,474,2016,14.32
211,2,18,474,2017,14.79
211,2,19,474,1990,14.81
211,2,19,474,1991,14.43
211,2,19,474,1992,14.08
211,2,19,474,1993,14
211,2,19,474,1994,14.09
211,2,19,474,1995,14.29
211,2,19,474,1996,14.29
211,2,19,474,1997,14.35
211,2,19,474,1998,13.94
211,2,19,474,1999,14.21
211,2,19,474,2000,14.83
211,2,19,474,2001,15.59
211,2,19,474,2002,16.31
211,2,19,474,2003,17.22
211,2,19,474,2004,17.49
211,2,19,474,2005,17.74
211,2,19,474,2006,16.16
211,2,19,474,2007,15.64
211,2,19,474,2008,15.42
211,2,19,474,2009,15.87
211,2,19,474,2010,16
211,2,19,474,2011,15.94
211,2,19,474,2012,15.82
211,2,19,474,2013,15.94
211,2,19,474,2014,15.86
211,2,19,474,2015,16.32
211,2,19,474,2016,17.12
211,2,19,474,2017,17.76
211,2,20,474,1990,10.78
211,2,20,474,1991,10.96
211,2,20,474,1992,11.32
211,2,20,474,1993,11.27
211,2,20,474,1994,11.18
211,2,20,474,1995,11.08
211,2,20,474,1996,10.8
211,2,20,474,1997,10.5
211,2,20,474,1998,10.44
211,2,20,474,1999,10.46
211,2,20,474,2000,10.59
211,2,20,474,2001,10.75
211,2,20,474,2002,11.03
211,2,20,474,2003,10.92
211,2,20,474,2004,11.45
211,2,20,474,2005,12.23
211,2,20,474,2006,11.84
211,2,20,474,2007,11.99
211,2,20,474,2008,12.58
211,2,20,474,2009,12.79
211,2,20,474,2010,13.15
211,2,20,474,2011,13.47
211,2,20,474,2012,14
211,2,20,474,2013,14.49
211,2,20,474,2014,15.47
211,2,20,474,2015,15.92
211,2,20,474,2016,16.25
211,2,20,474,2017,16.37
211,2,22,474,1990,82.57
211,2,22,474,1991,82.47
211,2,22,474,1992,82.91
211,2,22,474,1993,82.77
211,2,22,474,1994,83.57
211,2,22,474,1995,85.11
211,2,22,474,1996,85.47
211,2,22,474,1997,85.63
211,2,22,474,1998,85.43
211,2,22,474,1999,85.79
211,2,22,474,2000,86.79
211,2,22,474,2001,87.7
211,2,22,474,2002,88.92
211,2,22,474,2003,89.64
211,2,22,474,2004,90.99
211,2,22,474,2005,92.57
211,2,22,474,2006,84.9
211,2,22,474,2007,82.2
211,2,22,474,2008,81.51
211,2,22,474,2009,82.22
211,2,22,474,2010,84.04
211,2,22,474,2011,85.64
211,2,22,474,2012,87.85
211,2,22,474,2013,90.77
211,2,22,474,2014,94.07
211,2,22,474,2015,97.67
211,2,22,474,2016,101.89
211,2,22,474,2017,105.57
211,2,30,474,1990,7.03
211,2,30,474,1991,7.1
211,2,30,474,1992,7.17
211,2,30,474,1993,7.3
211,2,30,474,1994,7.49
211,2,30,474,1995,7.73
211,2,30,474,1996,7.91
211,2,30,474,1997,8.18
211,2,30,474,1998,8.15
211,2,30,474,1999,8.06
211,2,30,474,2000,7.96
211,2,30,474,2001,7.87
211,2,30,474,2002,7.79
211,2,30,474,2003,7.89
211,2,30,474,2004,8.09
211,2,30,474,2005,8.35
211,2,30,474,2006,7.78
211,2,30,474,2007,7.7
211,2,30,474,2008,7.55
211,2,30,474,2009,7.93
211,2,30,474,2010,8.58
211,2,30,474,2011,9.36
211,2,30,474,2012,10.16
211,2,30,474,2013,11.16
211,2,30,474,2014,11.72
211,2,30,474,2015,12.28
211,2,30,474,2016,12.86
211,2,30,474,2017,13.55
211,2,31,474,1990,2.19
211,2,31,474,1991,2.17
211,2,31,474,1992,2.17
211,2,31,474,1993,2.19
211,2,31,474,1994,2.24
211,2,31,474,1995,2.29
211,2,31,474,1996,2.35
211,2,31,474,1997,2.4
211,2,31,474,1998,2.47
211,2,31,474,1999,2.56
211,2,31,474,2000,2.65
211,2,31,474,2001,2.75
211,2,31,474,2002,2.88
211,2,31,474,2003,2.91
211,2,31,474,2004,2.94
211,2,31,474,2005,2.95
211,2,31,474,2006,2.67
211,2,31,474,2007,2.56
211,2,31,474,2008,2.57
211,2,31,474,2009,2.63
211,2,31,474,2010,2.74
211,2,31,474,2011,2.86
211,2,31,474,2012,3.03
211,2,31,474,2013,3.11
211,2,31,474,2014,3.38
211,2,31,474,2015,3.73
211,2,31,474,2016,4.13
211,2,31,474,2017,4.54
211,2,32,474,1990,0.45
211,2,32,474,1991,0.45
211,2,32,474,1992,0.45
211,2,32,474,1993,0.45
211,2,32,474,1994,0.46
211,2,32,474,1995,0.46
211,2,32,474,1996,0.46
211,2,32,474,1997,0.47
211,2,32,474,1998,0.47
211,2,32,474,1999,0.49
211,2,32,474,2000,0.5
211,2,32,474,2001,0.51
211,2,32,474,2002,0.53
211,2,32,474,2003,0.55
211,2,32,474,2004,0.58
211,2,32,474,2005,0.61
211,2,32,474,2006,0.58
211,2,32,474,2007,0.58
211,2,32,474,2008,0.58
211,2,32,474,2009,0.58
211,2,32,474,2010,0.59
211,2,32,474,2011,0.59
211,2,32,474,2012,0.61
211,2,32,474,2013,0.64
211,2,32,474,2014,0.68
211,2,32,474,2015,0.71
211,2,32,474,2016,0.75
211,2,32,474,2017,0.81
211,2,235,474,1990,0.06
211,2,235,474,1991,0.06
211,2,235,474,1992,0.06
211,2,235,474,1993,0.06
211,2,235,474,1994,0.07
211,2,235,474,1995,0.07
211,2,235,474,1996,0.07
211,2,235,474,1997,0.07
211,2,235,474,1998,0.07
211,2,235,474,1999,0.07
211,2,235,474,2000,0.07
211,2,235,474,2001,0.07
211,2,235,474,2002,0.07
211,2,235,474,2003,0.07
211,2,235,474,2004,0.08
211,2,235,474,2005,0.08
211,2,235,474,2006,0.07
211,2,235,474,2007,0.07
211,2,235,474,2008,0.07
211,2,235,474,2009,0.08
211,2,235,474,2010,0.08
211,2,235,474,2011,0.08
211,2,235,474,2012,0.09
211,2,235,474,2013,0.09
211,2,235,474,2014,0.09
211,2,235,474,2015,0.1
211,2,235,474,2016,0.1
211,2,235,474,2017,0.1
212,2,8,474,1990,0.02
212,2,8,474,1991,0.02
212,2,8,474,1992,0.02
212,2,8,474,1993,0.03
212,2,8,474,1994,0.03
212,2,8,474,1995,0.03
212,2,8,474,1996,0.03
212,2,8,474,1997,0.03
212,2,8,474,1998,0.03
212,2,8,474,1999,0.03
212,2,8,474,2000,0.03
212,2,8,474,2001,0.03
212,2,8,474,2002,0.02
212,2,8,474,2003,0.02
212,2,8,474,2004,0.02
212,2,8,474,2005,0.02
212,2,8,474,2006,0.02
212,2,8,474,2007,0.02
212,2,8,474,2008,0.02
212,2,8,474,2009,0.02
212,2,8,474,2010,0.02
212,2,8,474,2011,0.02
212,2,8,474,2012,0.02
212,2,8,474,2013,0.02
212,2,8,474,2014,0.02
212,2,8,474,2015,0.02
212,2,8,474,2016,0.02
212,2,8,474,2017,0.03
212,2,9,474,1990,0.03
212,2,9,474,1991,0.03
212,2,9,474,1992,0.03
212,2,9,474,1993,0.03
212,2,9,474,1994,0.03
212,2,9,474,1995,0.03
212,2,9,474,1996,0.03
212,2,9,474,1997,0.03
212,2,9,474,1998,0.03
212,2,9,474,1999,0.03
212,2,9,474,2000,0.03
212,2,9,474,2001,0.03
212,2,9,474,2002,0.03
212,2,9,474,2003,0.03
212,2,9,474,2004,0.03
212,2,9,474,2005,0.03
212,2,9,474,2006,0.03
212,2,9,474,2007,0.03
212,2,9,474,2008,0.03
212,2,9,474,2009,0.03
212,2,9,474,2010,0.03
212,2,9,474,2011,0.03
212,2,9,474,2012,0.03
212,2,9,474,2013,0.03
212,2,9,474,2014,0.03
212,2,9,474,2015,0.02
212,2,9,474,2016,0.02
212,2,9,474,2017,0.02
212,2,10,474,1990,0.07
212,2,10,474,1991,0.07
212,2,10,474,1992,0.08
212,2,10,474,1993,0.08
212,2,10,474,1994,0.08
212,2,10,474,1995,0.08
212,2,10,474,1996,0.08
212,2,10,474,1997,0.08
212,2,10,474,1998,0.08
212,2,10,474,1999,0.08
212,2,10,474,2000,0.08
212,2,10,474,2001,0.08
212,2,10,474,2002,0.08
212,2,10,474,2003,0.08
212,2,10,474,2004,0.08
212,2,10,474,2005,0.07
212,2,10,474,2006,0.07
212,2,10,474,2007,0.07
212,2,10,474,2008,0.07
212,2,10,474,2009,0.07
212,2,10,474,2010,0.07
212,2,10,474,2011,0.07
212,2,10,474,2012,0.07
212,2,10,474,2013,0.06
212,2,10,474,2014,0.06
212,2,10,474,2015,0.06
212,2,10,474,2016,0.06
212,2,10,474,2017,0.06
212,2,11,474,1990,0.06
212,2,11,474,1991,0.07
212,2,11,474,1992,0.07
212,2,11,474,1993,0.07
212,2,11,474,1994,0.07
212,2,11,474,1995,0.07
212,2,11,474,1996,0.07
212,2,11,474,1997,0.08
212,2,11,474,1998,0.08
212,2,11,474,1999,0.07
212,2,11,474,2000,0.07
212,2,11,474,2001,0.07
212,2,11,474,2002,0.07
212,2,11,474,2003,0.07
212,2,11,474,2004,0.07
212,2,11,474,2005,0.07
212,2,11,474,2006,0.07
212,2,11,474,2007,0.07
212,2,11,474,2008,0.06
212,2,11,474,2009,0.06
212,2,11,474,2010,0.06
212,2,11,474,2011,0.06
212,2,11,474,2012,0.06
212,2,11,474,2013,0.06
212,2,11,474,2014,0.06
212,2,11,474,2015,0.06
212,2,11,474,2016,0.06
212,2,11,474,2017,0.06
212,2,12,474,1990,0.11
212,2,12,474,1991,0.11
212,2,12,474,1992,0.11
212,2,12,474,1993,0.11
212,2,12,474,1994,0.11
212,2,12,474,1995,0.12
212,2,12,474,1996,0.12
212,2,12,474,1997,0.12
212,2,12,474,1998,0.12
212,2,12,474,1999,0.12
212,2,12,474,2000,0.12
212,2,12,474,2001,0.12
212,2,12,474,2002,0.11
212,2,12,474,2003,0.11
212,2,12,474,2004,0.11
212,2,12,474,2005,0.11
212,2,12,474,2006,0.11
212,2,12,474,2007,0.1
212,2,12,474,2008,0.1
212,2,12,474,2009,0.1
212,2,12,474,2010,0.1
212,2,12,474,2011,0.1
212,2,12,474,2012,0.1
212,2,12,474,2013,0.1
212,2,12,474,2014,0.1
212,2,12,474,2015,0.1
212,2,12,474,2016,0.1
212,2,12,474,2017,0.1
212,2,13,474,1990,0.2
212,2,13,474,1991,0.21
212,2,13,474,1992,0.22
212,2,13,474,1993,0.22
212,2,13,474,1994,0.23
212,2,13,474,1995,0.25
212,2,13,474,1996,0.25
212,2,13,474,1997,0.25
212,2,13,474,1998,0.25
212,2,13,474,1999,0.25
212,2,13,474,2000,0.24
212,2,13,474,2001,0.24
212,2,13,474,2002,0.23
212,2,13,474,2003,0.23
212,2,13,474,2004,0.23
212,2,13,474,2005,0.22
212,2,13,474,2006,0.22
212,2,13,474,2007,0.21
212,2,13,474,2008,0.21
212,2,13,474,2009,0.21
212,2,13,474,2010,0.21
212,2,13,474,2011,0.21
212,2,13,474,2012,0.21
212,2,13,474,2013,0.21
212,2,13,474,2014,0.21
212,2,13,474,2015,0.21
212,2,13,474,2016,0.21
212,2,13,474,2017,0.22
212,2,14,474,1990,0.28
212,2,14,474,1991,0.28
212,2,14,474,1992,0.29
212,2,14,474,1993,0.3
212,2,14,474,1994,0.3
212,2,14,474,1995,0.3
212,2,14,474,1996,0.31
212,2,14,474,1997,0.32
212,2,14,474,1998,0.33
212,2,14,474,1999,0.34
212,2,14,474,2000,0.34
212,2,14,474,2001,0.33
212,2,14,474,2002,0.33
212,2,14,474,2003,0.32
212,2,14,474,2004,0.32
212,2,14,474,2005,0.32
212,2,14,474,2006,0.32
212,2,14,474,2007,0.31
212,2,14,474,2008,0.31
212,2,14,474,2009,0.31
212,2,14,474,2010,0.31
212,2,14,474,2011,0.31
212,2,14,474,2012,0.31
212,2,14,474,2013,0.31
212,2,14,474,2014,0.31
212,2,14,474,2015,0.32
212,2,14,474,2016,0.32
212,2,14,474,2017,0.32
212,2,15,474,1990,0.54
212,2,15,474,1991,0.54
212,2,15,474,1992,0.54
212,2,15,474,1993,0.55
212,2,15,474,1994,0.55
212,2,15,474,1995,0.55
212,2,15,474,1996,0.56
212,2,15,474,1997,0.56
212,2,15,474,1998,0.56
212,2,15,474,1999,0.55
212,2,15,474,2000,0.54
212,2,15,474,2001,0.54
212,2,15,474,2002,0.54
212,2,15,474,2003,0.54
212,2,15,474,2004,0.56
212,2,15,474,2005,0.56
212,2,15,474,2006,0.55
212,2,15,474,2007,0.54
212,2,15,474,2008,0.54
212,2,15,474,2009,0.54
212,2,15,474,2010,0.55
212,2,15,474,2011,0.55
212,2,15,474,2012,0.55
212,2,15,474,2013,0.55
212,2,15,474,2014,0.55
212,2,15,474,2015,0.56
212,2,15,474,2016,0.56
212,2,15,474,2017,0.57
212,2,16,474,1990,0.92
212,2,16,474,1991,0.9
212,2,16,474,1992,0.88
212,2,16,474,1993,0.88
212,2,16,474,1994,0.87
212,2,16,474,1995,0.86
212,2,16,474,1996,0.86
212,2,16,474,1997,0.85
212,2,16,474,1998,0.84
212,2,16,474,1999,0.82
212,2,16,474,2000,0.78
212,2,16,474,2001,0.77
212,2,16,474,2002,0.76
212,2,16,474,2003,0.75
212,2,16,474,2004,0.73
212,2,16,474,2005,0.73
212,2,16,474,2006,0.73
212,2,16,474,2007,0.74
212,2,16,474,2008,0.75
212,2,16,474,2009,0.78
212,2,16,474,2010,0.79
212,2,16,474,2011,0.79
212,2,16,474,2012,0.8
212,2,16,474,2013,0.8
212,2,16,474,2014,0.82
212,2,16,474,2015,0.83
212,2,16,474,2016,0.84
212,2,16,474,2017,0.85
212,2,17,474,1990,1.2
212,2,17,474,1991,1.24
212,2,17,474,1992,1.28
212,2,17,474,1993,1.28
212,2,17,474,1994,1.37
212,2,17,474,1995,1.43
212,2,17,474,1996,1.39
212,2,17,474,1997,1.34
212,2,17,474,1998,1.31
212,2,17,474,1999,1.24
212,2,17,474,2000,1.18
212,2,17,474,2001,1.15
212,2,17,474,2002,1.12
212,2,17,474,2003,1.1
212,2,17,474,2004,1.07
212,2,17,474,2005,1.04
212,2,17,474,2006,1.02
212,2,17,474,2007,1.02
212,2,17,474,2008,1.01
212,2,17,474,2009,1
212,2,17,474,2010,1
212,2,17,474,2011,1.03
212,2,17,474,2012,1.06
212,2,17,474,2013,1.08
212,2,17,474,2014,1.13
212,2,17,474,2015,1.17
212,2,17,474,2016,1.18
212,2,17,474,2017,1.2
212,2,18,474,1990,1.72
212,2,18,474,1991,1.74
212,2,18,474,1992,1.77
212,2,18,474,1993,1.81
212,2,18,474,1994,1.77
212,2,18,474,1995,1.74
212,2,18,474,1996,1.8
212,2,18,474,1997,1.84
212,2,18,474,1998,1.81
212,2,18,474,1999,1.88
212,2,18,474,2000,1.89
212,2,18,474,2001,1.8
212,2,18,474,2002,1.69
212,2,18,474,2003,1.64
212,2,18,474,2004,1.57
212,2,18,474,2005,1.51
212,2,18,474,2006,1.47
212,2,18,474,2007,1.43
212,2,18,474,2008,1.42
212,2,18,474,2009,1.4
212,2,18,474,2010,1.36
212,2,18,474,2011,1.37
212,2,18,474,2012,1.38
212,2,18,474,2013,1.4
212,2,18,474,2014,1.39
212,2,18,474,2015,1.41
212,2,18,474,2016,1.46
212,2,18,474,2017,1.52
212,2,19,474,1990,2.73
212,2,19,474,1991,2.68
212,2,19,474,1992,2.63
212,2,19,474,1993,2.44
212,2,19,474,1994,2.43
212,2,19,474,1995,2.41
212,2,19,474,1996,2.4
212,2,19,474,1997,2.39
212,2,19,474,1998,2.38
212,2,19,474,1999,2.23
212,2,19,474,2000,2.12
212,2,19,474,2001,2.15
212,2,19,474,2002,2.17
212,2,19,474,2003,2.12
212,2,19,474,2004,2.22
212,2,19,474,2005,2.26
212,2,19,474,2006,2.14
212,2,19,474,2007,2.03
212,2,19,474,2008,1.98
212,2,19,474,2009,1.91
212,2,19,474,2010,1.88
212,2,19,474,2011,1.87
212,2,19,474,2012,1.87
212,2,19,474,2013,1.89
212,2,19,474,2014,1.89
212,2,19,474,2015,1.87
212,2,19,474,2016,1.91
212,2,19,474,2017,1.97
212,2,20,474,1990,2.45
212,2,20,474,1991,2.48
212,2,20,474,1992,2.53
212,2,20,474,1993,2.72
212,2,20,474,1994,2.7
212,2,20,474,1995,2.64
212,2,20,474,1996,2.57
212,2,20,474,1997,2.45
212,2,20,474,1998,2.23
212,2,20,474,1999,2.16
212,2,20,474,2000,2.09
212,2,20,474,2001,2.06
212,2,20,474,2002,2.05
212,2,20,474,2003,2.06
212,2,20,474,2004,1.97
212,2,20,474,2005,1.91
212,2,20,474,2006,1.94
212,2,20,474,2007,1.99
212,2,20,474,2008,1.97
212,2,20,474,2009,2.07
212,2,20,474,2010,2.14
212,2,20,474,2011,2.09
212,2,20,474,2012,2.04
212,2,20,474,2013,2.03
212,2,20,474,2014,2
212,2,20,474,2015,2
212,2,20,474,2016,2.02
212,2,20,474,2017,2.05
212,2,22,474,1990,13.12
212,2,22,474,1991,13.21
212,2,22,474,1992,13.35
212,2,22,474,1993,13.49
212,2,22,474,1994,13.59
212,2,22,474,1995,13.62
212,2,22,474,1996,13.62
212,2,22,474,1997,13.48
212,2,22,474,1998,13.34
212,2,22,474,1999,13.04
212,2,22,474,2000,12.69
212,2,22,474,2001,12.5
212,2,22,474,2002,12.26
212,2,22,474,2003,12.08
212,2,22,474,2004,11.97
212,2,22,474,2005,11.86
212,2,22,474,2006,11.65
212,2,22,474,2007,11.5
212,2,22,474,2008,11.41
212,2,22,474,2009,11.37
212,2,22,474,2010,11.35
212,2,22,474,2011,11.44
212,2,22,474,2012,11.56
212,2,22,474,2013,11.69
212,2,22,474,2014,11.84
212,2,22,474,2015,12.02
212,2,22,474,2016,12.21
212,2,22,474,2017,12.5
212,2,30,474,1990,1.91
212,2,30,474,1991,1.94
212,2,30,474,1992,1.97
212,2,30,474,1993,2.04
212,2,30,474,1994,2.1
212,2,30,474,1995,2.14
212,2,30,474,1996,2.16
212,2,30,474,1997,2.15
212,2,30,474,1998,2.29
212,2,30,474,1999,2.22
212,2,30,474,2000,2.14
212,2,30,474,2001,2.07
212,2,30,474,2002,1.99
212,2,30,474,2003,1.85
212,2,30,474,2004,1.85
212,2,30,474,2005,1.84
212,2,30,474,2006,1.83
212,2,30,474,2007,1.83
212,2,30,474,2008,1.85
212,2,30,474,2009,1.78
212,2,30,474,2010,1.75
212,2,30,474,2011,1.84
212,2,30,474,2012,1.95
212,2,30,474,2013,1.98
212,2,30,474,2014,2.13
212,2,30,474,2015,2.24
212,2,30,474,2016,2.22
212,2,30,474,2017,2.21
212,2,31,474,1990,0.71
212,2,31,474,1991,0.7
212,2,31,474,1992,0.71
212,2,31,474,1993,0.72
212,2,31,474,1994,0.73
212,2,31,474,1995,0.75
212,2,31,474,1996,0.76
212,2,31,474,1997,0.77
212,2,31,474,1998,0.79
212,2,31,474,1999,0.8
212,2,31,474,2000,0.81
212,2,31,474,2001,0.82
212,2,31,474,2002,0.83
212,2,31,474,2003,0.9
212,2,31,474,2004,0.89
212,2,31,474,2005,0.88
212,2,31,474,2006,0.85
212,2,31,474,2007,0.82
212,2,31,474,2008,0.78
212,2,31,474,2009,0.78
212,2,31,474,2010,0.78
212,2,31,474,2011,0.8
212,2,31,474,2012,0.82
212,2,31,474,2013,0.86
212,2,31,474,2014,0.84
212,2,31,474,2015,0.84
212,2,31,474,2016,0.9
212,2,31,474,2017,0.98
212,2,32,474,1990,0.17
212,2,32,474,1991,0.18
212,2,32,474,1992,0.2
212,2,32,474,1993,0.19
212,2,32,474,1994,0.19
212,2,32,474,1995,0.19
212,2,32,474,1996,0.19
212,2,32,474,1997,0.19
212,2,32,474,1998,0.19
212,2,32,474,1999,0.19
212,2,32,474,2000,0.19
212,2,32,474,2001,0.2
212,2,32,474,2002,0.2
212,2,32,474,2003,0.21
212,2,32,474,2004,0.22
212,2,32,474,2005,0.23
212,2,32,474,2006,0.23
212,2,32,474,2007,0.24
212,2,32,474,2008,0.27
212,2,32,474,2009,0.26
212,2,32,474,2010,0.26
212,2,32,474,2011,0.25
212,2,32,474,2012,0.25
212,2,32,474,2013,0.24
212,2,32,474,2014,0.25
212,2,32,474,2015,0.26
212,2,32,474,2016,0.27
212,2,32,474,2017,0.28
212,2,235,474,1990,0.02
212,2,235,474,1991,0.02
212,2,235,474,1992,0.02
212,2,235,474,1993,0.03
212,2,235,474,1994,0.03
212,2,235,474,1995,0.03
212,2,235,474,1996,0.04
212,2,235,474,1997,0.04
212,2,235,474,1998,0.04
212,2,235,474,1999,0.03
212,2,235,474,2000,0.03
212,2,235,474,2001,0.03
212,2,235,474,2002,0.04
212,2,235,474,2003,0.04
212,2,235,474,2004,0.04
212,2,235,474,2005,0.04
212,2,235,474,2006,0.04
212,2,235,474,2007,0.04
212,2,235,474,2008,0.04
212,2,235,474,2009,0.04
212,2,235,474,2010,0.04
212,2,235,474,2011,0.05
212,2,235,474,2012,0.05
212,2,235,474,2013,0.05
212,2,235,474,2014,0.05
212,2,235,474,2015,0.05
212,2,235,474,2016,0.05
212,2,235,474,2017,0.05
213,2,8,474,1990,0.08
213,2,8,474,1991,0.08
213,2,8,474,1992,0.08
213,2,8,474,1993,0.08
213,2,8,474,1994,0.08
213,2,8,474,1995,0.09
213,2,8,474,1996,0.09
213,2,8,474,1997,0.09
213,2,8,474,1998,0.09
213,2,8,474,1999,0.09
213,2,8,474,2000,0.08
213,2,8,474,2001,0.08
213,2,8,474,2002,0.08
213,2,8,474,2003,0.08
213,2,8,474,2004,0.08
213,2,8,474,2005,0.08
213,2,8,474,2006,0.08
213,2,8,474,2007,0.08
213,2,8,474,2008,0.08
213,2,8,474,2009,0.08
213,2,8,474,2010,0.08
213,2,8,474,2011,0.08
213,2,8,474,2012,0.08
213,2,8,474,2013,0.09
213,2,8,474,2014,0.09
213,2,8,474,2015,0.09
213,2,8,474,2016,0.1
213,2,8,474,2017,0.1
213,2,9,474,1990,0.1
213,2,9,474,1991,0.1
213,2,9,474,1992,0.1
213,2,9,474,1993,0.1
213,2,9,474,1994,0.11
213,2,9,474,1995,0.11
213,2,9,474,1996,0.11
213,2,9,474,1997,0.11
213,2,9,474,1998,0.11
213,2,9,474,1999,0.11
213,2,9,474,2000,0.11
213,2,9,474,2001,0.11
213,2,9,474,2002,0.11
213,2,9,474,2003,0.1
213,2,9,474,2004,0.1
213,2,9,474,2005,0.1
213,2,9,474,2006,0.09
213,2,9,474,2007,0.09
213,2,9,474,2008,0.09
213,2,9,474,2009,0.08
213,2,9,474,2010,0.08
213,2,9,474,2011,0.08
213,2,9,474,2012,0.09
213,2,9,474,2013,0.09
213,2,9,474,2014,0.09
213,2,9,474,2015,0.09
213,2,9,474,2016,0.1
213,2,9,474,2017,0.1
213,2,10,474,1990,0.25
213,2,10,474,1991,0.26
213,2,10,474,1992,0.27
213,2,10,474,1993,0.27
213,2,10,474,1994,0.27
213,2,10,474,1995,0.28
213,2,10,474,1996,0.27
213,2,10,474,1997,0.27
213,2,10,474,1998,0.27
213,2,10,474,1999,0.27
213,2,10,474,2000,0.26
213,2,10,474,2001,0.26
213,2,10,474,2002,0.26
213,2,10,474,2003,0.25
213,2,10,474,2004,0.24
213,2,10,474,2005,0.24
213,2,10,474,2006,0.23
213,2,10,474,2007,0.22
213,2,10,474,2008,0.21
213,2,10,474,2009,0.2
213,2,10,474,2010,0.19
213,2,10,474,2011,0.19
213,2,10,474,2012,0.18
213,2,10,474,2013,0.18
213,2,10,474,2014,0.18
213,2,10,474,2015,0.19
213,2,10,474,2016,0.19
213,2,10,474,2017,0.2
213,2,11,474,1990,0.21
213,2,11,474,1991,0.21
213,2,11,474,1992,0.22
213,2,11,474,1993,0.22
213,2,11,474,1994,0.23
213,2,11,474,1995,0.23
213,2,11,474,1996,0.23
213,2,11,474,1997,0.24
213,2,11,474,1998,0.24
213,2,11,474,1999,0.23
213,2,11,474,2000,0.22
213,2,11,474,2001,0.22
213,2,11,474,2002,0.21
213,2,11,474,2003,0.21
213,2,11,474,2004,0.2
213,2,11,474,2005,0.2
213,2,11,474,2006,0.2
213,2,11,474,2007,0.19
213,2,11,474,2008,0.19
213,2,11,474,2009,0.18
213,2,11,474,2010,0.18
213,2,11,474,2011,0.17
213,2,11,474,2012,0.17
213,2,11,474,2013,0.18
213,2,11,474,2014,0.18
213,2,11,474,2015,0.18
213,2,11,474,2016,0.18
213,2,11,474,2017,0.18
213,2,12,474,1990,0.27
213,2,12,474,1991,0.29
213,2,12,474,1992,0.31
213,2,12,474,1993,0.32
213,2,12,474,1994,0.33
213,2,12,474,1995,0.35
213,2,12,474,1996,0.35
213,2,12,474,1997,0.35
213,2,12,474,1998,0.35
213,2,12,474,1999,0.34
213,2,12,474,2000,0.34
213,2,12,474,2001,0.34
213,2,12,474,2002,0.33
213,2,12,474,2003,0.32
213,2,12,474,2004,0.31
213,2,12,474,2005,0.3
213,2,12,474,2006,0.29
213,2,12,474,2007,0.27
213,2,12,474,2008,0.27
213,2,12,474,2009,0.26
213,2,12,474,2010,0.26
213,2,12,474,2011,0.26
213,2,12,474,2012,0.26
213,2,12,474,2013,0.27
213,2,12,474,2014,0.28
213,2,12,474,2015,0.29
213,2,12,474,2016,0.29
213,2,12,474,2017,0.3
213,2,13,474,1990,0.51
213,2,13,474,1991,0.52
213,2,13,474,1992,0.52
213,2,13,474,1993,0.54
213,2,13,474,1994,0.54
213,2,13,474,1995,0.53
213,2,13,474,1996,0.55
213,2,13,474,1997,0.58
213,2,13,474,1998,0.6
213,2,13,474,1999,0.61
213,2,13,474,2000,0.61
213,2,13,474,2001,0.6
213,2,13,474,2002,0.59
213,2,13,474,2003,0.58
213,2,13,474,2004,0.57
213,2,13,474,2005,0.57
213,2,13,474,2006,0.56
213,2,13,474,2007,0.54
213,2,13,474,2008,0.53
213,2,13,474,2009,0.52
213,2,13,474,2010,0.5
213,2,13,474,2011,0.49
213,2,13,474,2012,0.49
213,2,13,474,2013,0.5
213,2,13,474,2014,0.51
213,2,13,474,2015,0.53
213,2,13,474,2016,0.55
213,2,13,474,2017,0.57
213,2,14,474,1990,0.68
213,2,14,474,1991,0.71
213,2,14,474,1992,0.73
213,2,14,474,1993,0.71
213,2,14,474,1994,0.74
213,2,14,474,1995,0.79
213,2,14,474,1996,0.77
213,2,14,474,1997,0.76
213,2,14,474,1998,0.78
213,2,14,474,1999,0.75
213,2,14,474,2000,0.71
213,2,14,474,2001,0.72
213,2,14,474,2002,0.74
213,2,14,474,2003,0.76
213,2,14,474,2004,0.77
213,2,14,474,2005,0.78
213,2,14,474,2006,0.76
213,2,14,474,2007,0.74
213,2,14,474,2008,0.74
213,2,14,474,2009,0.74
213,2,14,474,2010,0.74
213,2,14,474,2011,0.75
213,2,14,474,2012,0.77
213,2,14,474,2013,0.78
213,2,14,474,2014,0.8
213,2,14,474,2015,0.81
213,2,14,474,2016,0.82
213,2,14,474,2017,0.83
213,2,15,474,1990,1.05
213,2,15,474,1991,1.09
213,2,15,474,1992,1.17
213,2,15,474,1993,1.23
213,2,15,474,1994,1.32
213,2,15,474,1995,1.4
213,2,15,474,1996,1.44
213,2,15,474,1997,1.46
213,2,15,474,1998,1.4
213,2,15,474,1999,1.41
213,2,15,474,2000,1.43
213,2,15,474,2001,1.37
213,2,15,474,2002,1.3
213,2,15,474,2003,1.3
213,2,15,474,2004,1.24
213,2,15,474,2005,1.19
213,2,15,474,2006,1.18
213,2,15,474,2007,1.2
213,2,15,474,2008,1.22
213,2,15,474,2009,1.25
213,2,15,474,2010,1.26
213,2,15,474,2011,1.26
213,2,15,474,2012,1.27
213,2,15,474,2013,1.31
213,2,15,474,2014,1.37
213,2,15,474,2015,1.43
213,2,15,474,2016,1.5
213,2,15,474,2017,1.56
213,2,16,474,1990,1.45
213,2,16,474,1991,1.49
213,2,16,474,1992,1.58
213,2,16,474,1993,1.68
213,2,16,474,1994,1.75
213,2,16,474,1995,1.82
213,2,16,474,1996,1.88
213,2,16,474,1997,1.99
213,2,16,474,1998,2.06
213,2,16,474,1999,2.16
213,2,16,474,2000,2.23
213,2,16,474,2001,2.27
213,2,16,474,2002,2.24
213,2,16,474,2003,2.09
213,2,16,474,2004,2.09
213,2,16,474,2005,2.14
213,2,16,474,2006,1.99
213,2,16,474,2007,1.85
213,2,16,474,2008,1.84
213,2,16,474,2009,1.76
213,2,16,474,2010,1.68
213,2,16,474,2011,1.72
213,2,16,474,2012,1.82
213,2,16,474,2013,1.94
213,2,16,474,2014,2.05
213,2,16,474,2015,2.14
213,2,16,474,2016,2.22
213,2,16,474,2017,2.28
213,2,17,474,1990,2.13
213,2,17,474,1991,2.19
213,2,17,474,1992,2.22
213,2,17,474,1993,2.24
213,2,17,474,1994,2.25
213,2,17,474,1995,2.25
213,2,17,474,1996,2.25
213,2,17,474,1997,2.33
213,2,17,474,1998,2.42
213,2,17,474,1999,2.44
213,2,17,474,2000,2.47
213,2,17,474,2001,2.52
213,2,17,474,2002,2.62
213,2,17,474,2003,2.68
213,2,17,474,2004,2.81
213,2,17,474,2005,2.94
213,2,17,474,2006,2.9
213,2,17,474,2007,2.82
213,2,17,474,2008,2.63
213,2,17,474,2009,2.64
213,2,17,474,2010,2.69
213,2,17,474,2011,2.58
213,2,17,474,2012,2.5
213,2,17,474,2013,2.6
213,2,17,474,2014,2.6
213,2,17,474,2015,2.58
213,2,17,474,2016,2.75
213,2,17,474,2017,2.97
213,2,18,474,1990,2.81
213,2,18,474,1991,2.87
213,2,18,474,1992,2.96
213,2,18,474,1993,2.95
213,2,18,474,1994,2.99
213,2,18,474,1995,3.05
213,2,18,474,1996,3.04
213,2,18,474,1997,2.98
213,2,18,474,1998,2.91
213,2,18,474,1999,2.8
213,2,18,474,2000,2.69
213,2,18,474,2001,2.65
213,2,18,474,2002,2.67
213,2,18,474,2003,2.74
213,2,18,474,2004,2.77
213,2,18,474,2005,2.85
213,2,18,474,2006,2.84
213,2,18,474,2007,2.93
213,2,18,474,2008,3
213,2,18,474,2009,3.17
213,2,18,474,2010,3.33
213,2,18,474,2011,3.41
213,2,18,474,2012,3.48
213,2,18,474,2013,3.38
213,2,18,474,2014,3.52
213,2,18,474,2015,3.7
213,2,18,474,2016,3.67
213,2,18,474,2017,3.64
213,2,19,474,1990,3.2
213,2,19,474,1991,3.33
213,2,19,474,1992,3.44
213,2,19,474,1993,3.71
213,2,19,474,1994,3.81
213,2,19,474,1995,3.86
213,2,19,474,1996,3.84
213,2,19,474,1997,3.85
213,2,19,474,1998,3.74
213,2,19,474,1999,3.68
213,2,19,474,2000,3.63
213,2,19,474,2001,3.58
213,2,19,474,2002,3.41
213,2,19,474,2003,3.29
213,2,19,474,2004,3.17
213,2,19,474,2005,3.09
213,2,19,474,2006,2.96
213,2,19,474,2007,2.96
213,2,19,474,2008,3.05
213,2,19,474,2009,3.11
213,2,19,474,2010,3.21
213,2,19,474,2011,3.31
213,2,19,474,2012,3.58
213,2,19,474,2013,3.85
213,2,19,474,2014,4.23
213,2,19,474,2015,4.59
213,2,19,474,2016,4.89
213,2,19,474,2017,5.07
213,2,20,474,1990,2.48
213,2,20,474,1991,2.55
213,2,20,474,1992,2.65
213,2,20,474,1993,2.68
213,2,20,474,1994,2.8
213,2,20,474,1995,2.94
213,2,20,474,1996,3.02
213,2,20,474,1997,3.05
213,2,20,474,1998,3.21
213,2,20,474,1999,3.23
213,2,20,474,2000,3.2
213,2,20,474,2001,3.19
213,2,20,474,2002,3.17
213,2,20,474,2003,3.1
213,2,20,474,2004,3.09
213,2,20,474,2005,3.13
213,2,20,474,2006,3.02
213,2,20,474,2007,2.87
213,2,20,474,2008,2.78
213,2,20,474,2009,2.72
213,2,20,474,2010,2.67
213,2,20,474,2011,2.67
213,2,20,474,2012,2.8
213,2,20,474,2013,3.02
213,2,20,474,2014,3.2
213,2,20,474,2015,3.4
213,2,20,474,2016,3.66
213,2,20,474,2017,4.05
213,2,22,474,1990,17.95
213,2,22,474,1991,18.47
213,2,22,474,1992,19.07
213,2,22,474,1993,19.62
213,2,22,474,1994,20.14
213,2,22,474,1995,20.67
213,2,22,474,1996,20.85
213,2,22,474,1997,21.12
213,2,22,474,1998,21.22
213,2,22,474,1999,21.23
213,2,22,474,2000,21.22
213,2,22,474,2001,21.26
213,2,22,474,2002,21.11
213,2,22,474,2003,21.04
213,2,22,474,2004,21.1
213,2,22,474,2005,21.37
213,2,22,474,2006,20.79
213,2,22,474,2007,20.43
213,2,22,474,2008,20.28
213,2,22,474,2009,20.42
213,2,22,474,2010,20.69
213,2,22,474,2011,20.79
213,2,22,474,2012,21.3
213,2,22,474,2013,22.04
213,2,22,474,2014,23.03
213,2,22,474,2015,24.05
213,2,22,474,2016,25.1
213,2,22,474,2017,26.2
213,2,30,474,1990,1.92
213,2,30,474,1991,1.93
213,2,30,474,1992,1.96
213,2,30,474,1993,1.99
213,2,30,474,1994,2.02
213,2,30,474,1995,2.06
213,2,30,474,1996,2.09
213,2,30,474,1997,2.13
213,2,30,474,1998,2.12
213,2,30,474,1999,2.19
213,2,30,474,2000,2.29
213,2,30,474,2001,2.37
213,2,30,474,2002,2.39
213,2,30,474,2003,2.56
213,2,30,474,2004,2.62
213,2,30,474,2005,2.66
213,2,30,474,2006,2.59
213,2,30,474,2007,2.56
213,2,30,474,2008,2.51
213,2,30,474,2009,2.52
213,2,30,474,2010,2.57
213,2,30,474,2011,2.57
213,2,30,474,2012,2.54
213,2,30,474,2013,2.56
213,2,30,474,2014,2.59
213,2,30,474,2015,2.63
213,2,30,474,2016,2.72
213,2,30,474,2017,2.9
213,2,31,474,1990,0.64
213,2,31,474,1991,0.66
213,2,31,474,1992,0.68
213,2,31,474,1993,0.7
213,2,31,474,1994,0.71
213,2,31,474,1995,0.72
213,2,31,474,1996,0.72
213,2,31,474,1997,0.72
213,2,31,474,1998,0.73
213,2,31,474,1999,0.73
213,2,31,474,2000,0.74
213,2,31,474,2001,0.76
213,2,31,474,2002,0.78
213,2,31,474,2003,0.78
213,2,31,474,2004,0.82
213,2,31,474,2005,0.88
213,2,31,474,2006,0.88
213,2,31,474,2007,0.88
213,2,31,474,2008,0.94
213,2,31,474,2009,0.96
213,2,31,474,2010,0.97
213,2,31,474,2011,0.98
213,2,31,474,2012,0.99
213,2,31,474,2013,1.01
213,2,31,474,2014,1.04
213,2,31,474,2015,1.08
213,2,31,474,2016,1.12
213,2,31,474,2017,1.12
213,2,32,474,1990,0.16
213,2,32,474,1991,0.16
213,2,32,474,1992,0.16
213,2,32,474,1993,0.16
213,2,32,474,1994,0.16
213,2,32,474,1995,0.16
213,2,32,474,1996,0.17
213,2,32,474,1997,0.17
213,2,32,474,1998,0.17
213,2,32,474,1999,0.17
213,2,32,474,2000,0.17
213,2,32,474,2001,0.17
213,2,32,474,2002,0.17
213,2,32,474,2003,0.18
213,2,32,474,2004,0.18
213,2,32,474,2005,0.19
213,2,32,474,2006,0.19
213,2,32,474,2007,0.19
213,2,32,474,2008,0.19
213,2,32,474,2009,0.2
213,2,32,474,2010,0.22
213,2,32,474,2011,0.23
213,2,32,474,2012,0.23
213,2,32,474,2013,0.26
213,2,32,474,2014,0.27
213,2,32,474,2015,0.28
213,2,32,474,2016,0.29
213,2,32,474,2017,0.3
213,2,235,474,1990,0.02
213,2,235,474,1991,0.02
213,2,235,474,1992,0.02
213,2,235,474,1993,0.03
213,2,235,474,1994,0.03
213,2,235,474,1995,0.03
213,2,235,474,1996,0.03
213,2,235,474,1997,0.03
213,2,235,474,1998,0.03
213,2,235,474,1999,0.03
213,2,235,474,2000,0.03
213,2,235,474,2001,0.03
213,2,235,474,2002,0.03
213,2,235,474,2003,0.03
213,2,235,474,2004,0.03
213,2,235,474,2005,0.03
213,2,235,474,2006,0.03
213,2,235,474,2007,0.03
213,2,235,474,2008,0.03
213,2,235,474,2009,0.03
213,2,235,474,2010,0.03
213,2,235,474,2011,0.03
213,2,235,474,2012,0.03
213,2,235,474,2013,0.03
213,2,235,474,2014,0.04
213,2,235,474,2015,0.04
213,2,235,474,2016,0.04
213,2,235,474,2017,0.04
214,2,8,474,1990,0.43
214,2,8,474,1991,0.44
214,2,8,474,1992,0.46
214,2,8,474,1993,0.48
214,2,8,474,1994,0.5
214,2,8,474,1995,0.52
214,2,8,474,1996,0.54
214,2,8,474,1997,0.56
214,2,8,474,1998,0.58
214,2,8,474,1999,0.62
214,2,8,474,2000,0.65
214,2,8,474,2001,0.68
214,2,8,474,2002,0.7
214,2,8,474,2003,0.73
214,2,8,474,2004,0.77
214,2,8,474,2005,0.81
214,2,8,474,2006,0.86
214,2,8,474,2007,0.89
214,2,8,474,2008,0.92
214,2,8,474,2009,0.96
214,2,8,474,2010,1
214,2,8,474,2011,1.04
214,2,8,474,2012,1.08
214,2,8,474,2013,1.11
214,2,8,474,2014,1.14
214,2,8,474,2015,1.18
214,2,8,474,2016,1.23
214,2,8,474,2017,1.28
214,2,9,474,1990,0.45
214,2,9,474,1991,0.47
214,2,9,474,1992,0.49
214,2,9,474,1993,0.5
214,2,9,474,1994,0.52
214,2,9,474,1995,0.55
214,2,9,474,1996,0.56
214,2,9,474,1997,0.58
214,2,9,474,1998,0.6
214,2,9,474,1999,0.62
214,2,9,474,2000,0.65
214,2,9,474,2001,0.67
214,2,9,474,2002,0.69
214,2,9,474,2003,0.71
214,2,9,474,2004,0.74
214,2,9,474,2005,0.78
214,2,9,474,2006,0.82
214,2,9,474,2007,0.84
214,2,9,474,2008,0.85
214,2,9,474,2009,0.87
214,2,9,474,2010,0.89
214,2,9,474,2011,0.92
214,2,9,474,2012,0.94
214,2,9,474,2013,0.97
214,2,9,474,2014,0.99
214,2,9,474,2015,1.02
214,2,9,474,2016,1.06
214,2,9,474,2017,1.1
214,2,10,474,1990,0.95
214,2,10,474,1991,0.98
214,2,10,474,1992,1.02
214,2,10,474,1993,1.06
214,2,10,474,1994,1.12
214,2,10,474,1995,1.18
214,2,10,474,1996,1.22
214,2,10,474,1997,1.26
214,2,10,474,1998,1.3
214,2,10,474,1999,1.36
214,2,10,474,2000,1.41
214,2,10,474,2001,1.44
214,2,10,474,2002,1.46
214,2,10,474,2003,1.48
214,2,10,474,2004,1.5
214,2,10,474,2005,1.51
214,2,10,474,2006,1.52
214,2,10,474,2007,1.51
214,2,10,474,2008,1.5
214,2,10,474,2009,1.5
214,2,10,474,2010,1.51
214,2,10,474,2011,1.5
214,2,10,474,2012,1.49
214,2,10,474,2013,1.49
214,2,10,474,2014,1.48
214,2,10,474,2015,1.49
214,2,10,474,2016,1.52
214,2,10,474,2017,1.56
214,2,11,474,1990,0.79
214,2,11,474,1991,0.83
214,2,11,474,1992,0.86
214,2,11,474,1993,0.9
214,2,11,474,1994,0.94
214,2,11,474,1995,0.98
214,2,11,474,1996,1.01
214,2,11,474,1997,1.05
214,2,11,474,1998,1.09
214,2,11,474,1999,1.14
214,2,11,474,2000,1.2
214,2,11,474,2001,1.25
214,2,11,474,2002,1.27
214,2,11,474,2003,1.3
214,2,11,474,2004,1.32
214,2,11,474,2005,1.33
214,2,11,474,2006,1.35
214,2,11,474,2007,1.36
214,2,11,474,2008,1.36
214,2,11,474,2009,1.36
214,2,11,474,2010,1.37
214,2,11,474,2011,1.35
214,2,11,474,2012,1.35
214,2,11,474,2013,1.36
214,2,11,474,2014,1.37
214,2,11,474,2015,1.38
214,2,11,474,2016,1.41
214,2,11,474,2017,1.44
214,2,12,474,1990,1.09
214,2,12,474,1991,1.11
214,2,12,474,1992,1.15
214,2,12,474,1993,1.19
214,2,12,474,1994,1.25
214,2,12,474,1995,1.33
214,2,12,474,1996,1.39
214,2,12,474,1997,1.44
214,2,12,474,1998,1.5
214,2,12,474,1999,1.56
214,2,12,474,2000,1.63
214,2,12,474,2001,1.68
214,2,12,474,2002,1.72
214,2,12,474,2003,1.78
214,2,12,474,2004,1.83
214,2,12,474,2005,1.87
214,2,12,474,2006,1.93
214,2,12,474,2007,1.95
214,2,12,474,2008,1.96
214,2,12,474,2009,1.98
214,2,12,474,2010,2.01
214,2,12,474,2011,2
214,2,12,474,2012,2.03
214,2,12,474,2013,2.05
214,2,12,474,2014,2.09
214,2,12,474,2015,2.11
214,2,12,474,2016,2.15
214,2,12,474,2017,2.21
214,2,13,474,1990,1.73
214,2,13,474,1991,1.85
214,2,13,474,1992,1.95
214,2,13,474,1993,2.05
214,2,13,474,1994,2.13
214,2,13,474,1995,2.3
214,2,13,474,1996,2.32
214,2,13,474,1997,2.38
214,2,13,474,1998,2.47
214,2,13,474,1999,2.6
214,2,13,474,2000,2.75
214,2,13,474,2001,2.88
214,2,13,474,2002,2.99
214,2,13,474,2003,3.09
214,2,13,474,2004,3.19
214,2,13,474,2005,3.25
214,2,13,474,2006,3.34
214,2,13,474,2007,3.41
214,2,13,474,2008,3.48
214,2,13,474,2009,3.57
214,2,13,474,2010,3.68
214,2,13,474,2011,3.72
214,2,13,474,2012,3.79
214,2,13,474,2013,3.87
214,2,13,474,2014,3.94
214,2,13,474,2015,4.01
214,2,13,474,2016,4.1
214,2,13,474,2017,4.21
214,2,14,474,1990,2.91
214,2,14,474,1991,2.91
214,2,14,474,1992,2.92
214,2,14,474,1993,2.93
214,2,14,474,1994,3.02
214,2,14,474,1995,3.07
214,2,14,474,1996,3.26
214,2,14,474,1997,3.43
214,2,14,474,1998,3.6
214,2,14,474,1999,3.72
214,2,14,474,2000,3.97
214,2,14,474,2001,4.02
214,2,14,474,2002,4.12
214,2,14,474,2003,4.27
214,2,14,474,2004,4.48
214,2,14,474,2005,4.68
214,2,14,474,2006,4.94
214,2,14,474,2007,5.15
214,2,14,474,2008,5.32
214,2,14,474,2009,5.5
214,2,14,474,2010,5.71
214,2,14,474,2011,5.8
214,2,14,474,2012,5.98
214,2,14,474,2013,6.19
214,2,14,474,2014,6.44
214,2,14,474,2015,6.67
214,2,14,474,2016,6.91
214,2,14,474,2017,7.14
214,2,15,474,1990,5.22
214,2,15,474,1991,5.33
214,2,15,474,1992,5.49
214,2,15,474,1993,5.62
214,2,15,474,1994,5.79
214,2,15,474,1995,5.78
214,2,15,474,1996,5.74
214,2,15,474,1997,5.71
214,2,15,474,1998,5.72
214,2,15,474,1999,5.85
214,2,15,474,2000,5.88
214,2,15,474,2001,6.31
214,2,15,474,2002,6.66
214,2,15,474,2003,6.98
214,2,15,474,2004,7.2
214,2,15,474,2005,7.63
214,2,15,474,2006,7.76
214,2,15,474,2007,7.98
214,2,15,474,2008,8.29
214,2,15,474,2009,8.76
214,2,15,474,2010,9.32
214,2,15,474,2011,9.66
214,2,15,474,2012,10.06
214,2,15,474,2013,10.44
214,2,15,474,2014,10.87
214,2,15,474,2015,11.24
214,2,15,474,2016,11.65
214,2,15,474,2017,12.15
214,2,16,474,1990,7.91
214,2,16,474,1991,8.14
214,2,16,474,1992,8.4
214,2,16,474,1993,8.64
214,2,16,474,1994,8.98
214,2,16,474,1995,9.32
214,2,16,474,1996,9.43
214,2,16,474,1997,9.62
214,2,16,474,1998,9.83
214,2,16,474,1999,10.01
214,2,16,474,2000,9.91
214,2,16,474,2001,9.92
214,2,16,474,2002,9.91
214,2,16,474,2003,9.94
214,2,16,474,2004,10.21
214,2,16,474,2005,10.24
214,2,16,474,2006,11.09
214,2,16,474,2007,11.79
214,2,16,474,2008,12.43
214,2,16,474,2009,13.01
214,2,16,474,2010,14.04
214,2,16,474,2011,14.09
214,2,16,474,2012,14.49
214,2,16,474,2013,15.11
214,2,16,474,2014,16.02
214,2,16,474,2015,16.96
214,2,16,474,2016,18
214,2,16,474,2017,19.01
214,2,17,474,1990,11.62
214,2,17,474,1991,11.43
214,2,17,474,1992,11.56
214,2,17,474,1993,11.72
214,2,17,474,1994,12.08
214,2,17,474,1995,12.49
214,2,17,474,1996,12.76
214,2,17,474,1997,13.05
214,2,17,474,1998,13.38
214,2,17,474,1999,13.74
214,2,17,474,2000,14.15
214,2,17,474,2001,14.48
214,2,17,474,2002,14.85
214,2,17,474,2003,15.21
214,2,17,474,2004,15.54
214,2,17,474,2005,15.31
214,2,17,474,2006,15.31
214,2,17,474,2007,15.21
214,2,17,474,2008,15.17
214,2,17,474,2009,15.67
214,2,17,474,2010,15.95
214,2,17,474,2011,17.12
214,2,17,474,2012,18.25
214,2,17,474,2013,19.35
214,2,17,474,2014,20.34
214,2,17,474,2015,21.77
214,2,17,474,2016,22.38
214,2,17,474,2017,23.43
214,2,18,474,1990,19.45
214,2,18,474,1991,19.03
214,2,18,474,1992,18.52
214,2,18,474,1993,17.98
214,2,18,474,1994,17.59
214,2,18,474,1995,17.26
214,2,18,474,1996,16.82
214,2,18,474,1997,16.83
214,2,18,474,1998,16.99
214,2,18,474,1999,17.25
214,2,18,474,2000,17.63
214,2,18,474,2001,18.21
214,2,18,474,2002,18.74
214,2,18,474,2003,19.33
214,2,18,474,2004,20.03
214,2,18,474,2005,20.67
214,2,18,474,2006,21.23
214,2,18,474,2007,21.75
214,2,18,474,2008,22.18
214,2,18,474,2009,22.6
214,2,18,474,2010,22.37
214,2,18,474,2011,21.81
214,2,18,474,2012,21.45
214,2,18,474,2013,21.28
214,2,18,474,2014,21.87
214,2,18,474,2015,22.07
214,2,18,474,2016,24.27
214,2,18,474,2017,26.45
214,2,19,474,1990,31.1
214,2,19,474,1991,30.93
214,2,19,474,1992,30.83
214,2,19,474,1993,30.51
214,2,19,474,1994,30.36
214,2,19,474,1995,30.03
214,2,19,474,1996,29.05
214,2,19,474,1997,27.93
214,2,19,474,1998,26.95
214,2,19,474,1999,25.94
214,2,19,474,2000,25.14
214,2,19,474,2001,24.73
214,2,19,474,2002,24.91
214,2,19,474,2003,25.35
214,2,19,474,2004,26.13
214,2,19,474,2005,26.98
214,2,19,474,2006,28.16
214,2,19,474,2007,29.16
214,2,19,474,2008,30.19
214,2,19,474,2009,31.5
214,2,19,474,2010,32.99
214,2,19,474,2011,33.28
214,2,19,474,2012,33.94
214,2,19,474,2013,34.56
214,2,19,474,2014,35.19
214,2,19,474,2015,34.54
214,2,19,474,2016,34.33
214,2,19,474,2017,34.34
214,2,20,474,1990,39.09
214,2,20,474,1991,39.57
214,2,20,474,1992,40.16
214,2,20,474,1993,40.56
214,2,20,474,1994,41.27
214,2,20,474,1995,41.73
214,2,20,474,1996,41.36
214,2,20,474,1997,40.98
214,2,20,474,1998,40.51
214,2,20,474,1999,39.85
214,2,20,474,2000,39.11
214,2,20,474,2001,38.37
214,2,20,474,2002,37.26
214,2,20,474,2003,36.31
214,2,20,474,2004,35.46
214,2,20,474,2005,34.8
214,2,20,474,2006,34.64
214,2,20,474,2007,35.23
214,2,20,474,2008,36.19
214,2,20,474,2009,37.63
214,2,20,474,2010,39.45
214,2,20,474,2011,40.58
214,2,20,474,2012,41.86
214,2,20,474,2013,43.3
214,2,20,474,2014,45.06
214,2,20,474,2015,46.57
214,2,20,474,2016,47.62
214,2,20,474,2017,49.3
214,2,22,474,1990,191.39
214,2,22,474,1991,192.91
214,2,22,474,1992,195.04
214,2,22,474,1993,196.66
214,2,22,474,1994,199.73
214,2,22,474,1995,202.27
214,2,22,474,1996,201.91
214,2,22,474,1997,202.15
214,2,22,474,1998,202.73
214,2,22,474,1999,203.14
214,2,22,474,2000,203.65
214,2,22,474,2001,205.37
214,2,22,474,2002,207
214,2,22,474,2003,209.19
214,2,22,474,2004,212.18
214,2,22,474,2005,214.35
214,2,22,474,2006,217.91
214,2,22,474,2007,220.81
214,2,22,474,2008,224.17
214,2,22,474,2009,229.1
214,2,22,474,2010,234.83
214,2,22,474,2011,236.16
214,2,22,474,2012,239.95
214,2,22,474,2013,244.93
214,2,22,474,2014,252.03
214,2,22,474,2015,257.76
214,2,22,474,2016,265.3
214,2,22,474,2017,275.45
214,2,30,474,1990,41.21
214,2,30,474,1991,41.84
214,2,30,474,1992,42.53
214,2,30,474,1993,43.18
214,2,30,474,1994,44.02
214,2,30,474,1995,44.83
214,2,30,474,1996,45.1
214,2,30,474,1997,45.42
214,2,30,474,1998,45.7
214,2,30,474,1999,45.88
214,2,30,474,2000,45.96
214,2,30,474,2001,46.18
214,2,30,474,2002,46.28
214,2,30,474,2003,46.29
214,2,30,474,2004,46.23
214,2,30,474,2005,45.95
214,2,30,474,2006,45.48
214,2,30,474,2007,44.41
214,2,30,474,2008,43.49
214,2,30,474,2009,42.78
214,2,30,474,2010,42.55
214,2,30,474,2011,41.81
214,2,30,474,2012,42.38
214,2,30,474,2013,43.45
214,2,30,474,2014,45.12
214,2,30,474,2015,46.88
214,2,30,474,2016,48.91
214,2,30,474,2017,51.33
214,2,31,474,1990,19.87
214,2,31,474,1991,20.34
214,2,31,474,1992,20.8
214,2,31,474,1993,21.28
214,2,31,474,1994,21.89
214,2,31,474,1995,22.42
214,2,31,474,1996,22.74
214,2,31,474,1997,23.1
214,2,31,474,1998,23.5
214,2,31,474,1999,23.8
214,2,31,474,2000,24.2
214,2,31,474,2001,24.83
214,2,31,474,2002,25.43
214,2,31,474,2003,26.05
214,2,31,474,2004,26.77
214,2,31,474,2005,27.35
214,2,31,474,2006,27.81
214,2,31,474,2007,28.09
214,2,31,474,2008,28.32
214,2,31,474,2009,28.49
214,2,31,474,2010,28.65
214,2,31,474,2011,28.03
214,2,31,474,2012,27.3
214,2,31,474,2013,26.73
214,2,31,474,2014,26.31
214,2,31,474,2015,26.02
214,2,31,474,2016,26
214,2,31,474,2017,26.88
214,2,32,474,1990,6.51
214,2,32,474,1991,6.62
214,2,32,474,1992,6.75
214,2,32,474,1993,6.87
214,2,32,474,1994,7.03
214,2,32,474,1995,7.21
214,2,32,474,1996,7.35
214,2,32,474,1997,7.51
214,2,32,474,1998,7.68
214,2,32,474,1999,7.84
214,2,32,474,2000,8
214,2,32,474,2001,8.26
214,2,32,474,2002,8.5
214,2,32,474,2003,8.8
214,2,32,474,2004,9.12
214,2,32,474,2005,9.48
214,2,32,474,2006,9.88
214,2,32,474,2007,10.22
214,2,32,474,2008,10.56
214,2,32,474,2009,10.89
214,2,32,474,2010,11.2
214,2,32,474,2011,11.24
214,2,32,474,2012,11.3
214,2,32,474,2013,11.35
214,2,32,474,2014,11.41
214,2,32,474,2015,11.39
214,2,32,474,2016,11.26
214,2,32,474,2017,11.09
214,2,235,474,1990,1.06
214,2,235,474,1991,1.11
214,2,235,474,1992,1.15
214,2,235,474,1993,1.19
214,2,235,474,1994,1.23
214,2,235,474,1995,1.27
214,2,235,474,1996,1.28
214,2,235,474,1997,1.31
214,2,235,474,1998,1.33
214,2,235,474,1999,1.36
214,2,235,474,2000,1.4
214,2,235,474,2001,1.45
214,2,235,474,2002,1.5
214,2,235,474,2003,1.57
214,2,235,474,2004,1.64
214,2,235,474,2005,1.72
214,2,235,474,2006,1.8
214,2,235,474,2007,1.87
214,2,235,474,2008,1.95
214,2,235,474,2009,2.03
214,2,235,474,2010,2.13
214,2,235,474,2011,2.19
214,2,235,474,2012,2.25
214,2,235,474,2013,2.32
214,2,235,474,2014,2.4
214,2,235,474,2015,2.46
214,2,235,474,2016,2.5
214,2,235,474,2017,2.55
215,2,8,474,1990,0
215,2,8,474,1991,0
215,2,8,474,1992,0
215,2,8,474,1993,0
215,2,8,474,1994,0
215,2,8,474,1995,0
215,2,8,474,1996,0
215,2,8,474,1997,0
215,2,8,474,1998,0
215,2,8,474,1999,0.01
215,2,8,474,2000,0.01
215,2,8,474,2001,0.01
215,2,8,474,2002,0.01
215,2,8,474,2003,0.01
215,2,8,474,2004,0.01
215,2,8,474,2005,0.01
215,2,8,474,2006,0.01
215,2,8,474,2007,0.01
215,2,8,474,2008,0.01
215,2,8,474,2009,0.01
215,2,8,474,2010,0.01
215,2,8,474,2011,0.01
215,2,8,474,2012,0.01
215,2,8,474,2013,0.01
215,2,8,474,2014,0.01
215,2,8,474,2015,0.01
215,2,8,474,2016,0.01
215,2,8,474,2017,0.01
215,2,9,474,1990,0
215,2,9,474,1991,0
215,2,9,474,1992,0
215,2,9,474,1993,0
215,2,9,474,1994,0
215,2,9,474,1995,0
215,2,9,474,1996,0
215,2,9,474,1997,0
215,2,9,474,1998,0
215,2,9,474,1999,0
215,2,9,474,2000,0
215,2,9,474,2001,0
215,2,9,474,2002,0
215,2,9,474,2003,0
215,2,9,474,2004,0
215,2,9,474,2005,0
215,2,9,474,2006,0
215,2,9,474,2007,0
215,2,9,474,2008,0
215,2,9,474,2009,0
215,2,9,474,2010,0
215,2,9,474,2011,0
215,2,9,474,2012,0
215,2,9,474,2013,0
215,2,9,474,2014,0
215,2,9,474,2015,0
215,2,9,474,2016,0
215,2,9,474,2017,0
215,2,10,474,1990,0.01
215,2,10,474,1991,0.01
215,2,10,474,1992,0.01
215,2,10,474,1993,0.01
215,2,10,474,1994,0.01
215,2,10,474,1995,0.01
215,2,10,474,1996,0.01
215,2,10,474,1997,0.01
215,2,10,474,1998,0.02
215,2,10,474,1999,0.02
215,2,10,474,2000,0.02
215,2,10,474,2001,0.02
215,2,10,474,2002,0.02
215,2,10,474,2003,0.02
215,2,10,474,2004,0.02
215,2,10,474,2005,0.02
215,2,10,474,2006,0.02
215,2,10,474,2007,0.02
215,2,10,474,2008,0.02
215,2,10,474,2009,0.02
215,2,10,474,2010,0.02
215,2,10,474,2011,0.02
215,2,10,474,2012,0.02
215,2,10,474,2013,0.02
215,2,10,474,2014,0.02
215,2,10,474,2015,0.02
215,2,10,474,2016,0.02
215,2,10,474,2017,0.02
215,2,11,474,1990,0
215,2,11,474,1991,0
215,2,11,474,1992,0
215,2,11,474,1993,0
215,2,11,474,1994,0
215,2,11,474,1995,0
215,2,11,474,1996,0
215,2,11,474,1997,0
215,2,11,474,1998,0
215,2,11,474,1999,0
215,2,11,474,2000,0
215,2,11,474,2001,0
215,2,11,474,2002,0
215,2,11,474,2003,0.01
215,2,11,474,2004,0.01
215,2,11,474,2005,0.01
215,2,11,474,2006,0.01
215,2,11,474,2007,0.01
215,2,11,474,2008,0.01
215,2,11,474,2009,0.01
215,2,11,474,2010,0.01
215,2,11,474,2011,0.01
215,2,11,474,2012,0.01
215,2,11,474,2013,0.01
215,2,11,474,2014,0.01
215,2,11,474,2015,0.01
215,2,11,474,2016,0.01
215,2,11,474,2017,0.01
215,2,12,474,1990,0
215,2,12,474,1991,0
215,2,12,474,1992,0
215,2,12,474,1993,0
215,2,12,474,1994,0
215,2,12,474,1995,0
215,2,12,474,1996,0.01
215,2,12,474,1997,0.01
215,2,12,474,1998,0.01
215,2,12,474,1999,0.01
215,2,12,474,2000,0.01
215,2,12,474,2001,0.01
215,2,12,474,2002,0.01
215,2,12,474,2003,0.01
215,2,12,474,2004,0.01
215,2,12,474,2005,0.01
215,2,12,474,2006,0.01
215,2,12,474,2007,0.01
215,2,12,474,2008,0.01
215,2,12,474,2009,0.01
215,2,12,474,2010,0.01
215,2,12,474,2011,0.01
215,2,12,474,2012,0.01
215,2,12,474,2013,0.01
215,2,12,474,2014,0.01
215,2,12,474,2015,0.01
215,2,12,474,2016,0.01
215,2,12,474,2017,0.01
215,2,13,474,1990,0.01
215,2,13,474,1991,0.01
215,2,13,474,1992,0.01
215,2,13,474,1993,0.01
215,2,13,474,1994,0.01
215,2,13,474,1995,0.01
215,2,13,474,1996,0.01
215,2,13,474,1997,0.01
215,2,13,474,1998,0.01
215,2,13,474,1999,0.01
215,2,13,474,2000,0.01
215,2,13,474,2001,0.01
215,2,13,474,2002,0.01
215,2,13,474,2003,0.01
215,2,13,474,2004,0.01
215,2,13,474,2005,0.01
215,2,13,474,2006,0.01
215,2,13,474,2007,0.01
215,2,13,474,2008,0.01
215,2,13,474,2009,0.01
215,2,13,474,2010,0.01
215,2,13,474,2011,0.01
215,2,13,474,2012,0.02
215,2,13,474,2013,0.02
215,2,13,474,2014,0.02
215,2,13,474,2015,0.02
215,2,13,474,2016,0.02
215,2,13,474,2017,0.02
215,2,14,474,1990,0
215,2,14,474,1991,0
215,2,14,474,1992,0.01
215,2,14,474,1993,0.01
215,2,14,474,1994,0.01
215,2,14,474,1995,0.01
215,2,14,474,1996,0.01
215,2,14,474,1997,0.01
215,2,14,474,1998,0.01
215,2,14,474,1999,0.01
215,2,14,474,2000,0.01
215,2,14,474,2001,0.01
215,2,14,474,2002,0.01
215,2,14,474,2003,0.01
215,2,14,474,2004,0.01
215,2,14,474,2005,0.01
215,2,14,474,2006,0.01
215,2,14,474,2007,0.01
215,2,14,474,2008,0.01
215,2,14,474,2009,0.01
215,2,14,474,2010,0.01
215,2,14,474,2011,0.01
215,2,14,474,2012,0.01
215,2,14,474,2013,0.01
215,2,14,474,2014,0.01
215,2,14,474,2015,0.02
215,2,14,474,2016,0.02
215,2,14,474,2017,0.02
215,2,15,474,1990,0.01
215,2,15,474,1991,0.01
215,2,15,474,1992,0.01
215,2,15,474,1993,0.01
215,2,15,474,1994,0.01
215,2,15,474,1995,0.01
215,2,15,474,1996,0.01
215,2,15,474,1997,0.01
215,2,15,474,1998,0.01
215,2,15,474,1999,0.01
215,2,15,474,2000,0.01
215,2,15,474,2001,0.01
215,2,15,474,2002,0.02
215,2,15,474,2003,0.02
215,2,15,474,2004,0.02
215,2,15,474,2005,0.02
215,2,15,474,2006,0.02
215,2,15,474,2007,0.02
215,2,15,474,2008,0.02
215,2,15,474,2009,0.02
215,2,15,474,2010,0.02
215,2,15,474,2011,0.02
215,2,15,474,2012,0.03
215,2,15,474,2013,0.03
215,2,15,474,2014,0.03
215,2,15,474,2015,0.03
215,2,15,474,2016,0.03
215,2,15,474,2017,0.03
215,2,16,474,1990,0.02
215,2,16,474,1991,0.02
215,2,16,474,1992,0.02
215,2,16,474,1993,0.02
215,2,16,474,1994,0.02
215,2,16,474,1995,0.02
215,2,16,474,1996,0.02
215,2,16,474,1997,0.02
215,2,16,474,1998,0.02
215,2,16,474,1999,0.02
215,2,16,474,2000,0.02
215,2,16,474,2001,0.02
215,2,16,474,2002,0.02
215,2,16,474,2003,0.02
215,2,16,474,2004,0.02
215,2,16,474,2005,0.02
215,2,16,474,2006,0.02
215,2,16,474,2007,0.02
215,2,16,474,2008,0.02
215,2,16,474,2009,0.02
215,2,16,474,2010,0.03
215,2,16,474,2011,0.03
215,2,16,474,2012,0.03
215,2,16,474,2013,0.03
215,2,16,474,2014,0.03
215,2,16,474,2015,0.03
215,2,16,474,2016,0.04
215,2,16,474,2017,0.04
215,2,17,474,1990,0.03
215,2,17,474,1991,0.03
215,2,17,474,1992,0.03
215,2,17,474,1993,0.03
215,2,17,474,1994,0.03
215,2,17,474,1995,0.03
215,2,17,474,1996,0.04
215,2,17,474,1997,0.04
215,2,17,474,1998,0.04
215,2,17,474,1999,0.04
215,2,17,474,2000,0.04
215,2,17,474,2001,0.04
215,2,17,474,2002,0.04
215,2,17,474,2003,0.03
215,2,17,474,2004,0.03
215,2,17,474,2005,0.03
215,2,17,474,2006,0.03
215,2,17,474,2007,0.03
215,2,17,474,2008,0.03
215,2,17,474,2009,0.03
215,2,17,474,2010,0.03
215,2,17,474,2011,0.04
215,2,17,474,2012,0.04
215,2,17,474,2013,0.04
215,2,17,474,2014,0.05
215,2,17,474,2015,0.05
215,2,17,474,2016,0.05
215,2,17,474,2017,0.05
215,2,18,474,1990,0.04
215,2,18,474,1991,0.05
215,2,18,474,1992,0.05
215,2,18,474,1993,0.05
215,2,18,474,1994,0.05
215,2,18,474,1995,0.06
215,2,18,474,1996,0.06
215,2,18,474,1997,0.06
215,2,18,474,1998,0.06
215,2,18,474,1999,0.06
215,2,18,474,2000,0.06
215,2,18,474,2001,0.06
215,2,18,474,2002,0.06
215,2,18,474,2003,0.06
215,2,18,474,2004,0.06
215,2,18,474,2005,0.06
215,2,18,474,2006,0.06
215,2,18,474,2007,0.06
215,2,18,474,2008,0.06
215,2,18,474,2009,0.06
215,2,18,474,2010,0.06
215,2,18,474,2011,0.06
215,2,18,474,2012,0.06
215,2,18,474,2013,0.06
215,2,18,474,2014,0.06
215,2,18,474,2015,0.06
215,2,18,474,2016,0.07
215,2,18,474,2017,0.07
215,2,19,474,1990,0.1
215,2,19,474,1991,0.1
215,2,19,474,1992,0.11
215,2,19,474,1993,0.11
215,2,19,474,1994,0.12
215,2,19,474,1995,0.12
215,2,19,474,1996,0.13
215,2,19,474,1997,0.13
215,2,19,474,1998,0.14
215,2,19,474,1999,0.14
215,2,19,474,2000,0.14
215,2,19,474,2001,0.14
215,2,19,474,2002,0.14
215,2,19,474,2003,0.14
215,2,19,474,2004,0.15
215,2,19,474,2005,0.15
215,2,19,474,2006,0.16
215,2,19,474,2007,0.16
215,2,19,474,2008,0.16
215,2,19,474,2009,0.17
215,2,19,474,2010,0.17
215,2,19,474,2011,0.17
215,2,19,474,2012,0.17
215,2,19,474,2013,0.17
215,2,19,474,2014,0.17
215,2,19,474,2015,0.17
215,2,19,474,2016,0.17
215,2,19,474,2017,0.18
215,2,20,474,1990,0.11
215,2,20,474,1991,0.11
215,2,20,474,1992,0.11
215,2,20,474,1993,0.11
215,2,20,474,1994,0.11
215,2,20,474,1995,0.11
215,2,20,474,1996,0.12
215,2,20,474,1997,0.12
215,2,20,474,1998,0.13
215,2,20,474,1999,0.13
215,2,20,474,2000,0.14
215,2,20,474,2001,0.14
215,2,20,474,2002,0.15
215,2,20,474,2003,0.15
215,2,20,474,2004,0.16
215,2,20,474,2005,0.16
215,2,20,474,2006,0.16
215,2,20,474,2007,0.17
215,2,20,474,2008,0.17
215,2,20,474,2009,0.18
215,2,20,474,2010,0.19
215,2,20,474,2011,0.2
215,2,20,474,2012,0.21
215,2,20,474,2013,0.22
215,2,20,474,2014,0.22
215,2,20,474,2015,0.22
215,2,20,474,2016,0.23
215,2,20,474,2017,0.23
215,2,22,474,1990,0.56
215,2,22,474,1991,0.56
215,2,22,474,1992,0.57
215,2,22,474,1993,0.57
215,2,22,474,1994,0.58
215,2,22,474,1995,0.59
215,2,22,474,1996,0.61
215,2,22,474,1997,0.62
215,2,22,474,1998,0.63
215,2,22,474,1999,0.64
215,2,22,474,2000,0.65
215,2,22,474,2001,0.66
215,2,22,474,2002,0.68
215,2,22,474,2003,0.69
215,2,22,474,2004,0.71
215,2,22,474,2005,0.72
215,2,22,474,2006,0.74
215,2,22,474,2007,0.75
215,2,22,474,2008,0.77
215,2,22,474,2009,0.8
215,2,22,474,2010,0.83
215,2,22,474,2011,0.85
215,2,22,474,2012,0.89
215,2,22,474,2013,0.92
215,2,22,474,2014,0.95
215,2,22,474,2015,0.98
215,2,22,474,2016,1.03
215,2,22,474,2017,1.05
215,2,30,474,1990,0.13
215,2,30,474,1991,0.13
215,2,30,474,1992,0.12
215,2,30,474,1993,0.12
215,2,30,474,1994,0.12
215,2,30,474,1995,0.12
215,2,30,474,1996,0.12
215,2,30,474,1997,0.12
215,2,30,474,1998,0.12
215,2,30,474,1999,0.12
215,2,30,474,2000,0.13
215,2,30,474,2001,0.13
215,2,30,474,2002,0.14
215,2,30,474,2003,0.14
215,2,30,474,2004,0.15
215,2,30,474,2005,0.15
215,2,30,474,2006,0.16
215,2,30,474,2007,0.17
215,2,30,474,2008,0.17
215,2,30,474,2009,0.18
215,2,30,474,2010,0.19
215,2,30,474,2011,0.19
215,2,30,474,2012,0.2
215,2,30,474,2013,0.21
215,2,30,474,2014,0.22
215,2,30,474,2015,0.23
215,2,30,474,2016,0.25
215,2,30,474,2017,0.26
215,2,31,474,1990,0.05
215,2,31,474,1991,0.05
215,2,31,474,1992,0.05
215,2,31,474,1993,0.05
215,2,31,474,1994,0.05
215,2,31,474,1995,0.05
215,2,31,474,1996,0.05
215,2,31,474,1997,0.05
215,2,31,474,1998,0.05
215,2,31,474,1999,0.04
215,2,31,474,2000,0.04
215,2,31,474,2001,0.04
215,2,31,474,2002,0.04
215,2,31,474,2003,0.04
215,2,31,474,2004,0.05
215,2,31,474,2005,0.05
215,2,31,474,2006,0.05
215,2,31,474,2007,0.05
215,2,31,474,2008,0.05
215,2,31,474,2009,0.05
215,2,31,474,2010,0.06
215,2,31,474,2011,0.06
215,2,31,474,2012,0.06
215,2,31,474,2013,0.07
215,2,31,474,2014,0.07
215,2,31,474,2015,0.08
215,2,31,474,2016,0.08
215,2,31,474,2017,0.08
215,2,32,474,1990,0.02
215,2,32,474,1991,0.02
215,2,32,474,1992,0.02
215,2,32,474,1993,0.02
215,2,32,474,1994,0.02
215,2,32,474,1995,0.02
215,2,32,474,1996,0.02
215,2,32,474,1997,0.02
215,2,32,474,1998,0.02
215,2,32,474,1999,0.02
215,2,32,474,2000,0.02
215,2,32,474,2001,0.02
215,2,32,474,2002,0.02
215,2,32,474,2003,0.02
215,2,32,474,2004,0.02
215,2,32,474,2005,0.02
215,2,32,474,2006,0.02
215,2,32,474,2007,0.02
215,2,32,474,2008,0.02
215,2,32,474,2009,0.02
215,2,32,474,2010,0.02
215,2,32,474,2011,0.02
215,2,32,474,2012,0.02
215,2,32,474,2013,0.02
215,2,32,474,2014,0.02
215,2,32,474,2015,0.02
215,2,32,474,2016,0.02
215,2,32,474,2017,0.03
215,2,235,474,1990,0
215,2,235,474,1991,0
215,2,235,474,1992,0
215,2,235,474,1993,0
215,2,235,474,1994,0
215,2,235,474,1995,0
215,2,235,474,1996,0
215,2,235,474,1997,0
215,2,235,474,1998,0
215,2,235,474,1999,0
215,2,235,474,2000,0
215,2,235,474,2001,0
215,2,235,474,2002,0
215,2,235,474,2003,0
215,2,235,474,2004,0
215,2,235,474,2005,0
215,2,235,474,2006,0
215,2,235,474,2007,0
215,2,235,474,2008,0
215,2,235,474,2009,0
215,2,235,474,2010,0
215,2,235,474,2011,0
215,2,235,474,2012,0
215,2,235,474,2013,0
215,2,235,474,2014,0
215,2,235,474,2015,0
215,2,235,474,2016,0
215,2,235,474,2017,0
216,2,8,474,1990,0.08
216,2,8,474,1991,0.09
216,2,8,474,1992,0.09
216,2,8,474,1993,0.09
216,2,8,474,1994,0.09
216,2,8,474,1995,0.09
216,2,8,474,1996,0.1
216,2,8,474,1997,0.1
216,2,8,474,1998,0.1
216,2,8,474,1999,0.1
216,2,8,474,2000,0.09
216,2,8,474,2001,0.09
216,2,8,474,2002,0.09
216,2,8,474,2003,0.09
216,2,8,474,2004,0.09
216,2,8,474,2005,0.09
216,2,8,474,2006,0.09
216,2,8,474,2007,0.09
216,2,8,474,2008,0.09
216,2,8,474,2009,0.09
216,2,8,474,2010,0.09
216,2,8,474,2011,0.09
216,2,8,474,2012,0.09
216,2,8,474,2013,0.09
216,2,8,474,2014,0.09
216,2,8,474,2015,0.09
216,2,8,474,2016,0.09
216,2,8,474,2017,0.09
216,2,9,474,1990,0.09
216,2,9,474,1991,0.1
216,2,9,474,1992,0.1
216,2,9,474,1993,0.1
216,2,9,474,1994,0.1
216,2,9,474,1995,0.1
216,2,9,474,1996,0.1
216,2,9,474,1997,0.11
216,2,9,474,1998,0.11
216,2,9,474,1999,0.11
216,2,9,474,2000,0.11
216,2,9,474,2001,0.11
216,2,9,474,2002,0.11
216,2,9,474,2003,0.11
216,2,9,474,2004,0.11
216,2,9,474,2005,0.11
216,2,9,474,2006,0.1
216,2,9,474,2007,0.1
216,2,9,474,2008,0.1
216,2,9,474,2009,0.1
216,2,9,474,2010,0.1
216,2,9,474,2011,0.1
216,2,9,474,2012,0.1
216,2,9,474,2013,0.09
216,2,9,474,2014,0.09
216,2,9,474,2015,0.09
216,2,9,474,2016,0.09
216,2,9,474,2017,0.09
216,2,10,474,1990,0.24
216,2,10,474,1991,0.25
216,2,10,474,1992,0.26
216,2,10,474,1993,0.26
216,2,10,474,1994,0.28
216,2,10,474,1995,0.28
216,2,10,474,1996,0.29
216,2,10,474,1997,0.29
216,2,10,474,1998,0.29
216,2,10,474,1999,0.3
216,2,10,474,2000,0.29
216,2,10,474,2001,0.28
216,2,10,474,2002,0.28
216,2,10,474,2003,0.27
216,2,10,474,2004,0.27
216,2,10,474,2005,0.26
216,2,10,474,2006,0.26
216,2,10,474,2007,0.25
216,2,10,474,2008,0.24
216,2,10,474,2009,0.23
216,2,10,474,2010,0.23
216,2,10,474,2011,0.22
216,2,10,474,2012,0.22
216,2,10,474,2013,0.22
216,2,10,474,2014,0.22
216,2,10,474,2015,0.22
216,2,10,474,2016,0.21
216,2,10,474,2017,0.22
216,2,11,474,1990,0.19
216,2,11,474,1991,0.2
216,2,11,474,1992,0.21
216,2,11,474,1993,0.21
216,2,11,474,1994,0.22
216,2,11,474,1995,0.23
216,2,11,474,1996,0.24
216,2,11,474,1997,0.25
216,2,11,474,1998,0.25
216,2,11,474,1999,0.25
216,2,11,474,2000,0.25
216,2,11,474,2001,0.24
216,2,11,474,2002,0.23
216,2,11,474,2003,0.23
216,2,11,474,2004,0.23
216,2,11,474,2005,0.22
216,2,11,474,2006,0.22
216,2,11,474,2007,0.22
216,2,11,474,2008,0.21
216,2,11,474,2009,0.21
216,2,11,474,2010,0.21
216,2,11,474,2011,0.21
216,2,11,474,2012,0.2
216,2,11,474,2013,0.2
216,2,11,474,2014,0.2
216,2,11,474,2015,0.21
216,2,11,474,2016,0.21
216,2,11,474,2017,0.21
216,2,12,474,1990,0.26
216,2,12,474,1991,0.28
216,2,12,474,1992,0.3
216,2,12,474,1993,0.3
216,2,12,474,1994,0.33
216,2,12,474,1995,0.35
216,2,12,474,1996,0.36
216,2,12,474,1997,0.37
216,2,12,474,1998,0.38
216,2,12,474,1999,0.39
216,2,12,474,2000,0.38
216,2,12,474,2001,0.38
216,2,12,474,2002,0.37
216,2,12,474,2003,0.36
216,2,12,474,2004,0.35
216,2,12,474,2005,0.35
216,2,12,474,2006,0.35
216,2,12,474,2007,0.35
216,2,12,474,2008,0.34
216,2,12,474,2009,0.34
216,2,12,474,2010,0.35
216,2,12,474,2011,0.34
216,2,12,474,2012,0.33
216,2,12,474,2013,0.33
216,2,12,474,2014,0.33
216,2,12,474,2015,0.34
216,2,12,474,2016,0.34
216,2,12,474,2017,0.34
216,2,13,474,1990,0.46
216,2,13,474,1991,0.48
216,2,13,474,1992,0.54
216,2,13,474,1993,0.55
216,2,13,474,1994,0.6
216,2,13,474,1995,0.61
216,2,13,474,1996,0.64
216,2,13,474,1997,0.67
216,2,13,474,1998,0.69
216,2,13,474,1999,0.69
216,2,13,474,2000,0.7
216,2,13,474,2001,0.7
216,2,13,474,2002,0.69
216,2,13,474,2003,0.69
216,2,13,474,2004,0.68
216,2,13,474,2005,0.68
216,2,13,474,2006,0.68
216,2,13,474,2007,0.68
216,2,13,474,2008,0.68
216,2,13,474,2009,0.69
216,2,13,474,2010,0.7
216,2,13,474,2011,0.69
216,2,13,474,2012,0.69
216,2,13,474,2013,0.69
216,2,13,474,2014,0.7
216,2,13,474,2015,0.71
216,2,13,474,2016,0.72
216,2,13,474,2017,0.73
216,2,14,474,1990,0.65
216,2,14,474,1991,0.7
216,2,14,474,1992,0.69
216,2,14,474,1993,0.72
216,2,14,474,1994,0.74
216,2,14,474,1995,0.8
216,2,14,474,1996,0.8
216,2,14,474,1997,0.87
216,2,14,474,1998,0.89
216,2,14,474,1999,0.9
216,2,14,474,2000,0.88
216,2,14,474,2001,0.9
216,2,14,474,2002,0.92
216,2,14,474,2003,0.93
216,2,14,474,2004,0.95
216,2,14,474,2005,0.95
216,2,14,474,2006,0.95
216,2,14,474,2007,0.94
216,2,14,474,2008,0.96
216,2,14,474,2009,0.97
216,2,14,474,2010,0.99
216,2,14,474,2011,0.98
216,2,14,474,2012,0.98
216,2,14,474,2013,0.99
216,2,14,474,2014,1
216,2,14,474,2015,1.01
216,2,14,474,2016,1.02
216,2,14,474,2017,1.05
216,2,15,474,1990,1.18
216,2,15,474,1991,1.21
216,2,15,474,1992,1.25
216,2,15,474,1993,1.25
216,2,15,474,1994,1.32
216,2,15,474,1995,1.38
216,2,15,474,1996,1.45
216,2,15,474,1997,1.39
216,2,15,474,1998,1.43
216,2,15,474,1999,1.4
216,2,15,474,2000,1.45
216,2,15,474,2001,1.41
216,2,15,474,2002,1.5
216,2,15,474,2003,1.52
216,2,15,474,2004,1.56
216,2,15,474,2005,1.53
216,2,15,474,2006,1.57
216,2,15,474,2007,1.61
216,2,15,474,2008,1.65
216,2,15,474,2009,1.68
216,2,15,474,2010,1.71
216,2,15,474,2011,1.7
216,2,15,474,2012,1.72
216,2,15,474,2013,1.74
216,2,15,474,2014,1.76
216,2,15,474,2015,1.78
216,2,15,474,2016,1.8
216,2,15,474,2017,1.82
216,2,16,474,1990,1.73
216,2,16,474,1991,1.78
216,2,16,474,1992,1.79
216,2,16,474,1993,1.87
216,2,16,474,1994,1.95
216,2,16,474,1995,2.01
216,2,16,474,1996,2.05
216,2,16,474,1997,2.1
216,2,16,474,1998,2.09
216,2,16,474,1999,2.15
216,2,16,474,2000,2.19
216,2,16,474,2001,2.28
216,2,16,474,2002,2.16
216,2,16,474,2003,2.21
216,2,16,474,2004,2.16
216,2,16,474,2005,2.25
216,2,16,474,2006,2.18
216,2,16,474,2007,2.3
216,2,16,474,2008,2.29
216,2,16,474,2009,2.33
216,2,16,474,2010,2.28
216,2,16,474,2011,2.32
216,2,16,474,2012,2.41
216,2,16,474,2013,2.49
216,2,16,474,2014,2.56
216,2,16,474,2015,2.63
216,2,16,474,2016,2.67
216,2,16,474,2017,2.73
216,2,17,474,1990,2.56
216,2,17,474,1991,2.61
216,2,17,474,1992,2.7
216,2,17,474,1993,2.77
216,2,17,474,1994,2.84
216,2,17,474,1995,2.93
216,2,17,474,1996,3
216,2,17,474,1997,3
216,2,17,474,1998,3.1
216,2,17,474,1999,3.14
216,2,17,474,2000,3.15
216,2,17,474,2001,3.16
216,2,17,474,2002,3.18
216,2,17,474,2003,3.14
216,2,17,474,2004,3.23
216,2,17,474,2005,3.32
216,2,17,474,2006,3.4
216,2,17,474,2007,3.18
216,2,17,474,2008,3.2
216,2,17,474,2009,3.11
216,2,17,474,2010,3.24
216,2,17,474,2011,3.11
216,2,17,474,2012,3.3
216,2,17,474,2013,3.34
216,2,17,474,2014,3.44
216,2,17,474,2015,3.4
216,2,17,474,2016,3.54
216,2,17,474,2017,3.7
216,2,18,474,1990,3.46
216,2,18,474,1991,3.62
216,2,18,474,1992,3.76
216,2,18,474,1993,3.78
216,2,18,474,1994,3.91
216,2,18,474,1995,4
216,2,18,474,1996,4.05
216,2,18,474,1997,4.15
216,2,18,474,1998,4.21
216,2,18,474,1999,4.21
216,2,18,474,2000,4.23
216,2,18,474,2001,4.27
216,2,18,474,2002,4.21
216,2,18,474,2003,4.31
216,2,18,474,2004,4.36
216,2,18,474,2005,4.38
216,2,18,474,2006,4.33
216,2,18,474,2007,4.3
216,2,18,474,2008,4.17
216,2,18,474,2009,4.26
216,2,18,474,2010,4.38
216,2,18,474,2011,4.47
216,2,18,474,2012,4.22
216,2,18,474,2013,4.33
216,2,18,474,2014,4.26
216,2,18,474,2015,4.5
216,2,18,474,2016,4.43
216,2,18,474,2017,4.77
216,2,19,474,1990,4.5
216,2,19,474,1991,4.57
216,2,19,474,1992,4.66
216,2,19,474,1993,4.8
216,2,19,474,1994,4.95
216,2,19,474,1995,5.14
216,2,19,474,1996,5.33
216,2,19,474,1997,5.46
216,2,19,474,1998,5.4
216,2,19,474,1999,5.45
216,2,19,474,2000,5.44
216,2,19,474,2001,5.43
216,2,19,474,2002,5.49
216,2,19,474,2003,5.52
216,2,19,474,2004,5.54
216,2,19,474,2005,5.58
216,2,19,474,2006,5.58
216,2,19,474,2007,5.44
216,2,19,474,2008,5.49
216,2,19,474,2009,5.51
216,2,19,474,2010,5.56
216,2,19,474,2011,5.48
216,2,19,474,2012,5.5
216,2,19,474,2013,5.45
216,2,19,474,2014,5.65
216,2,19,474,2015,5.89
216,2,19,474,2016,6.16
216,2,19,474,2017,5.89
216,2,20,474,1990,4.36
216,2,20,474,1991,4.49
216,2,20,474,1992,4.57
216,2,20,474,1993,4.66
216,2,20,474,1994,4.78
216,2,20,474,1995,4.84
216,2,20,474,1996,4.88
216,2,20,474,1997,4.94
216,2,20,474,1998,5.07
216,2,20,474,1999,5.16
216,2,20,474,2000,5.31
216,2,20,474,2001,5.52
216,2,20,474,2002,5.69
216,2,20,474,2003,5.67
216,2,20,474,2004,5.81
216,2,20,474,2005,5.87
216,2,20,474,2006,5.86
216,2,20,474,2007,5.91
216,2,20,474,2008,5.89
216,2,20,474,2009,5.88
216,2,20,474,2010,5.95
216,2,20,474,2011,5.91
216,2,20,474,2012,5.8
216,2,20,474,2013,5.94
216,2,20,474,2014,6.05
216,2,20,474,2015,6.17
216,2,20,474,2016,6.26
216,2,20,474,2017,6.38
216,2,22,474,1990,25.18
216,2,22,474,1991,25.85
216,2,22,474,1992,26.52
216,2,22,474,1993,27.11
216,2,22,474,1994,27.99
216,2,22,474,1995,28.76
216,2,22,474,1996,29.4
216,2,22,474,1997,29.9
216,2,22,474,1998,30.33
216,2,22,474,1999,30.71
216,2,22,474,2000,31.04
216,2,22,474,2001,31.5
216,2,22,474,2002,31.82
216,2,22,474,2003,32.2
216,2,22,474,2004,32.78
216,2,22,474,2005,33.36
216,2,22,474,2006,33.6
216,2,22,474,2007,33.62
216,2,22,474,2008,33.69
216,2,22,474,2009,34.03
216,2,22,474,2010,34.74
216,2,22,474,2011,34.61
216,2,22,474,2012,34.75
216,2,22,474,2013,35.23
216,2,22,474,2014,35.94
216,2,22,474,2015,36.9
216,2,22,474,2016,37.72
216,2,22,474,2017,38.42
216,2,30,474,1990,3.61
216,2,30,474,1991,3.66
216,2,30,474,1992,3.77
216,2,30,474,1993,3.85
216,2,30,474,1994,3.94
216,2,30,474,1995,4.04
216,2,30,474,1996,4.14
216,2,30,474,1997,4.19
216,2,30,474,1998,4.26
216,2,30,474,1999,4.35
216,2,30,474,2000,4.42
216,2,30,474,2001,4.5
216,2,30,474,2002,4.61
216,2,30,474,2003,4.81
216,2,30,474,2004,5
216,2,30,474,2005,5.25
216,2,30,474,2006,5.47
216,2,30,474,2007,5.62
216,2,30,474,2008,5.6
216,2,30,474,2009,5.75
216,2,30,474,2010,5.89
216,2,30,474,2011,5.85
216,2,30,474,2012,5.95
216,2,30,474,2013,6.02
216,2,30,474,2014,6.12
216,2,30,474,2015,6.27
216,2,30,474,2016,6.45
216,2,30,474,2017,6.49
216,2,31,474,1990,1.37
216,2,31,474,1991,1.39
216,2,31,474,1992,1.41
216,2,31,474,1993,1.45
216,2,31,474,1994,1.48
216,2,31,474,1995,1.51
216,2,31,474,1996,1.52
216,2,31,474,1997,1.57
216,2,31,474,1998,1.6
216,2,31,474,1999,1.63
216,2,31,474,2000,1.67
216,2,31,474,2001,1.72
216,2,31,474,2002,1.76
216,2,31,474,2003,1.81
216,2,31,474,2004,1.88
216,2,31,474,2005,1.93
216,2,31,474,2006,1.96
216,2,31,474,2007,2.01
216,2,31,474,2008,2.12
216,2,31,474,2009,2.21
216,2,31,474,2010,2.35
216,2,31,474,2011,2.43
216,2,31,474,2012,2.5
216,2,31,474,2013,2.51
216,2,31,474,2014,2.62
216,2,31,474,2015,2.7
216,2,31,474,2016,2.78
216,2,31,474,2017,2.9
216,2,32,474,1990,0.37
216,2,32,474,1991,0.38
216,2,32,474,1992,0.38
216,2,32,474,1993,0.38
216,2,32,474,1994,0.38
216,2,32,474,1995,0.38
216,2,32,474,1996,0.39
216,2,32,474,1997,0.39
216,2,32,474,1998,0.4
216,2,32,474,1999,0.41
216,2,32,474,2000,0.42
216,2,32,474,2001,0.43
216,2,32,474,2002,0.45
216,2,32,474,2003,0.46
216,2,32,474,2004,0.48
216,2,32,474,2005,0.5
216,2,32,474,2006,0.52
216,2,32,474,2007,0.54
216,2,32,474,2008,0.56
216,2,32,474,2009,0.58
216,2,32,474,2010,0.61
216,2,32,474,2011,0.62
216,2,32,474,2012,0.64
216,2,32,474,2013,0.68
216,2,32,474,2014,0.72
216,2,32,474,2015,0.77
216,2,32,474,2016,0.83
216,2,32,474,2017,0.88
216,2,235,474,1990,0.05
216,2,235,474,1991,0.05
216,2,235,474,1992,0.06
216,2,235,474,1993,0.06
216,2,235,474,1994,0.06
216,2,235,474,1995,0.07
216,2,235,474,1996,0.07
216,2,235,474,1997,0.07
216,2,235,474,1998,0.07
216,2,235,474,1999,0.07
216,2,235,474,2000,0.07
216,2,235,474,2001,0.07
216,2,235,474,2002,0.07
216,2,235,474,2003,0.08
216,2,235,474,2004,0.08
216,2,235,474,2005,0.08
216,2,235,474,2006,0.08
216,2,235,474,2007,0.09
216,2,235,474,2008,0.09
216,2,235,474,2009,0.1
216,2,235,474,2010,0.1
216,2,235,474,2011,0.1
216,2,235,474,2012,0.11
216,2,235,474,2013,0.11
216,2,235,474,2014,0.12
216,2,235,474,2015,0.12
216,2,235,474,2016,0.13
216,2,235,474,2017,0.14
217,2,8,474,1990,0.06
217,2,8,474,1991,0.05
217,2,8,474,1992,0.05
217,2,8,474,1993,0.05
217,2,8,474,1994,0.05
217,2,8,474,1995,0.05
217,2,8,474,1996,0.05
217,2,8,474,1997,0.05
217,2,8,474,1998,0.05
217,2,8,474,1999,0.06
217,2,8,474,2000,0.06
217,2,8,474,2001,0.06
217,2,8,474,2002,0.06
217,2,8,474,2003,0.06
217,2,8,474,2004,0.07
217,2,8,474,2005,0.07
217,2,8,474,2006,0.05
217,2,8,474,2007,0.05
217,2,8,474,2008,0.04
217,2,8,474,2009,0.04
217,2,8,474,2010,0.04
217,2,8,474,2011,0.04
217,2,8,474,2012,0.05
217,2,8,474,2013,0.05
217,2,8,474,2014,0.05
217,2,8,474,2015,0.05
217,2,8,474,2016,0.05
217,2,8,474,2017,0.05
217,2,9,474,1990,0.08
217,2,9,474,1991,0.07
217,2,9,474,1992,0.07
217,2,9,474,1993,0.07
217,2,9,474,1994,0.07
217,2,9,474,1995,0.07
217,2,9,474,1996,0.08
217,2,9,474,1997,0.07
217,2,9,474,1998,0.07
217,2,9,474,1999,0.08
217,2,9,474,2000,0.08
217,2,9,474,2001,0.09
217,2,9,474,2002,0.1
217,2,9,474,2003,0.1
217,2,9,474,2004,0.1
217,2,9,474,2005,0.1
217,2,9,474,2006,0.08
217,2,9,474,2007,0.07
217,2,9,474,2008,0.06
217,2,9,474,2009,0.06
217,2,9,474,2010,0.06
217,2,9,474,2011,0.06
217,2,9,474,2012,0.07
217,2,9,474,2013,0.07
217,2,9,474,2014,0.07
217,2,9,474,2015,0.07
217,2,9,474,2016,0.07
217,2,9,474,2017,0.07
217,2,10,474,1990,0.25
217,2,10,474,1991,0.23
217,2,10,474,1992,0.21
217,2,10,474,1993,0.21
217,2,10,474,1994,0.21
217,2,10,474,1995,0.21
217,2,10,474,1996,0.21
217,2,10,474,1997,0.21
217,2,10,474,1998,0.2
217,2,10,474,1999,0.21
217,2,10,474,2000,0.22
217,2,10,474,2001,0.24
217,2,10,474,2002,0.25
217,2,10,474,2003,0.26
217,2,10,474,2004,0.27
217,2,10,474,2005,0.27
217,2,10,474,2006,0.21
217,2,10,474,2007,0.18
217,2,10,474,2008,0.17
217,2,10,474,2009,0.16
217,2,10,474,2010,0.16
217,2,10,474,2011,0.15
217,2,10,474,2012,0.15
217,2,10,474,2013,0.15
217,2,10,474,2014,0.15
217,2,10,474,2015,0.15
217,2,10,474,2016,0.15
217,2,10,474,2017,0.16
217,2,11,474,1990,0.21
217,2,11,474,1991,0.21
217,2,11,474,1992,0.2
217,2,11,474,1993,0.21
217,2,11,474,1994,0.21
217,2,11,474,1995,0.21
217,2,11,474,1996,0.22
217,2,11,474,1997,0.21
217,2,11,474,1998,0.21
217,2,11,474,1999,0.21
217,2,11,474,2000,0.21
217,2,11,474,2001,0.22
217,2,11,474,2002,0.23
217,2,11,474,2003,0.23
217,2,11,474,2004,0.24
217,2,11,474,2005,0.24
217,2,11,474,2006,0.19
217,2,11,474,2007,0.17
217,2,11,474,2008,0.15
217,2,11,474,2009,0.15
217,2,11,474,2010,0.15
217,2,11,474,2011,0.15
217,2,11,474,2012,0.15
217,2,11,474,2013,0.14
217,2,11,474,2014,0.14
217,2,11,474,2015,0.14
217,2,11,474,2016,0.14
217,2,11,474,2017,0.14
217,2,12,474,1990,0.3
217,2,12,474,1991,0.29
217,2,12,474,1992,0.29
217,2,12,474,1993,0.3
217,2,12,474,1994,0.31
217,2,12,474,1995,0.32
217,2,12,474,1996,0.33
217,2,12,474,1997,0.34
217,2,12,474,1998,0.34
217,2,12,474,1999,0.35
217,2,12,474,2000,0.35
217,2,12,474,2001,0.36
217,2,12,474,2002,0.37
217,2,12,474,2003,0.38
217,2,12,474,2004,0.38
217,2,12,474,2005,0.37
217,2,12,474,2006,0.29
217,2,12,474,2007,0.25
217,2,12,474,2008,0.23
217,2,12,474,2009,0.23
217,2,12,474,2010,0.23
217,2,12,474,2011,0.22
217,2,12,474,2012,0.23
217,2,12,474,2013,0.23
217,2,12,474,2014,0.23
217,2,12,474,2015,0.23
217,2,12,474,2016,0.23
217,2,12,474,2017,0.24
217,2,13,474,1990,0.51
217,2,13,474,1991,0.5
217,2,13,474,1992,0.49
217,2,13,474,1993,0.5
217,2,13,474,1994,0.51
217,2,13,474,1995,0.52
217,2,13,474,1996,0.53
217,2,13,474,1997,0.53
217,2,13,474,1998,0.54
217,2,13,474,1999,0.55
217,2,13,474,2000,0.56
217,2,13,474,2001,0.58
217,2,13,474,2002,0.6
217,2,13,474,2003,0.61
217,2,13,474,2004,0.62
217,2,13,474,2005,0.62
217,2,13,474,2006,0.49
217,2,13,474,2007,0.43
217,2,13,474,2008,0.4
217,2,13,474,2009,0.39
217,2,13,474,2010,0.39
217,2,13,474,2011,0.38
217,2,13,474,2012,0.38
217,2,13,474,2013,0.39
217,2,13,474,2014,0.39
217,2,13,474,2015,0.4
217,2,13,474,2016,0.41
217,2,13,474,2017,0.42
217,2,14,474,1990,0.7
217,2,14,474,1991,0.69
217,2,14,474,1992,0.69
217,2,14,474,1993,0.69
217,2,14,474,1994,0.69
217,2,14,474,1995,0.71
217,2,14,474,1996,0.71
217,2,14,474,1997,0.71
217,2,14,474,1998,0.72
217,2,14,474,1999,0.73
217,2,14,474,2000,0.72
217,2,14,474,2001,0.73
217,2,14,474,2002,0.74
217,2,14,474,2003,0.74
217,2,14,474,2004,0.75
217,2,14,474,2005,0.76
217,2,14,474,2006,0.6
217,2,14,474,2007,0.54
217,2,14,474,2008,0.51
217,2,14,474,2009,0.51
217,2,14,474,2010,0.51
217,2,14,474,2011,0.51
217,2,14,474,2012,0.53
217,2,14,474,2013,0.54
217,2,14,474,2014,0.55
217,2,14,474,2015,0.56
217,2,14,474,2016,0.56
217,2,14,474,2017,0.57
217,2,15,474,1990,1.16
217,2,15,474,1991,1.16
217,2,15,474,1992,1.15
217,2,15,474,1993,1.16
217,2,15,474,1994,1.14
217,2,15,474,1995,1.14
217,2,15,474,1996,1.16
217,2,15,474,1997,1.17
217,2,15,474,1998,1.13
217,2,15,474,1999,1.13
217,2,15,474,2000,1.14
217,2,15,474,2001,1.12
217,2,15,474,2002,1.12
217,2,15,474,2003,1.13
217,2,15,474,2004,1.14
217,2,15,474,2005,1.12
217,2,15,474,2006,0.87
217,2,15,474,2007,0.77
217,2,15,474,2008,0.72
217,2,15,474,2009,0.72
217,2,15,474,2010,0.72
217,2,15,474,2011,0.72
217,2,15,474,2012,0.74
217,2,15,474,2013,0.76
217,2,15,474,2014,0.78
217,2,15,474,2015,0.8
217,2,15,474,2016,0.82
217,2,15,474,2017,0.85
217,2,16,474,1990,1.68
217,2,16,474,1991,1.66
217,2,16,474,1992,1.67
217,2,16,474,1993,1.69
217,2,16,474,1994,1.74
217,2,16,474,1995,1.78
217,2,16,474,1996,1.82
217,2,16,474,1997,1.82
217,2,16,474,1998,1.81
217,2,16,474,1999,1.76
217,2,16,474,2000,1.73
217,2,16,474,2001,1.73
217,2,16,474,2002,1.73
217,2,16,474,2003,1.69
217,2,16,474,2004,1.68
217,2,16,474,2005,1.7
217,2,16,474,2006,1.3
217,2,16,474,2007,1.14
217,2,16,474,2008,1.08
217,2,16,474,2009,1.07
217,2,16,474,2010,1.05
217,2,16,474,2011,1.04
217,2,16,474,2012,1.06
217,2,16,474,2013,1.08
217,2,16,474,2014,1.11
217,2,16,474,2015,1.14
217,2,16,474,2016,1.17
217,2,16,474,2017,1.21
217,2,17,474,1990,2.52
217,2,17,474,1991,2.53
217,2,17,474,1992,2.56
217,2,17,474,1993,2.59
217,2,17,474,1994,2.59
217,2,17,474,1995,2.63
217,2,17,474,1996,2.64
217,2,17,474,1997,2.66
217,2,17,474,1998,2.67
217,2,17,474,1999,2.71
217,2,17,474,2000,2.73
217,2,17,474,2001,2.73
217,2,17,474,2002,2.71
217,2,17,474,2003,2.66
217,2,17,474,2004,2.59
217,2,17,474,2005,2.54
217,2,17,474,2006,1.96
217,2,17,474,2007,1.71
217,2,17,474,2008,1.56
217,2,17,474,2009,1.51
217,2,17,474,2010,1.53
217,2,17,474,2011,1.49
217,2,17,474,2012,1.49
217,2,17,474,2013,1.53
217,2,17,474,2014,1.57
217,2,17,474,2015,1.57
217,2,17,474,2016,1.6
217,2,17,474,2017,1.63
217,2,18,474,1990,3.52
217,2,18,474,1991,3.55
217,2,18,474,1992,3.61
217,2,18,474,1993,3.67
217,2,18,474,1994,3.7
217,2,18,474,1995,3.7
217,2,18,474,1996,3.73
217,2,18,474,1997,3.76
217,2,18,474,1998,3.75
217,2,18,474,1999,3.66
217,2,18,474,2000,3.62
217,2,18,474,2001,3.56
217,2,18,474,2002,3.54
217,2,18,474,2003,3.53
217,2,18,474,2004,3.59
217,2,18,474,2005,3.65
217,2,18,474,2006,2.83
217,2,18,474,2007,2.48
217,2,18,474,2008,2.29
217,2,18,474,2009,2.17
217,2,18,474,2010,2.12
217,2,18,474,2011,2.1
217,2,18,474,2012,2.11
217,2,18,474,2013,2.08
217,2,18,474,2014,2.09
217,2,18,474,2015,2.14
217,2,18,474,2016,2.14
217,2,18,474,2017,2.16
217,2,19,474,1990,4.89
217,2,19,474,1991,4.88
217,2,19,474,1992,4.91
217,2,19,474,1993,4.95
217,2,19,474,1994,5.04
217,2,19,474,1995,5.13
217,2,19,474,1996,5.17
217,2,19,474,1997,5.22
217,2,19,474,1998,5.22
217,2,19,474,1999,5.15
217,2,19,474,2000,5.01
217,2,19,474,2001,4.97
217,2,19,474,2002,4.95
217,2,19,474,2003,4.91
217,2,19,474,2004,4.83
217,2,19,474,2005,4.83
217,2,19,474,2006,3.69
217,2,19,474,2007,3.24
217,2,19,474,2008,3.04
217,2,19,474,2009,3.03
217,2,19,474,2010,3.07
217,2,19,474,2011,3.05
217,2,19,474,2012,3.06
217,2,19,474,2013,3.06
217,2,19,474,2014,3.02
217,2,19,474,2015,3
217,2,19,474,2016,3.04
217,2,19,474,2017,3.08
217,2,20,474,1990,4.99
217,2,20,474,1991,5.03
217,2,20,474,1992,5.1
217,2,20,474,1993,5.17
217,2,20,474,1994,5.29
217,2,20,474,1995,5.29
217,2,20,474,1996,5.29
217,2,20,474,1997,5.31
217,2,20,474,1998,5.27
217,2,20,474,1999,5.3
217,2,20,474,2000,5.29
217,2,20,474,2001,5.29
217,2,20,474,2002,5.31
217,2,20,474,2003,5.31
217,2,20,474,2004,5.31
217,2,20,474,2005,5.21
217,2,20,474,2006,3.99
217,2,20,474,2007,3.49
217,2,20,474,2008,3.26
217,2,20,474,2009,3.12
217,2,20,474,2010,3.1
217,2,20,474,2011,3.05
217,2,20,474,2012,3.09
217,2,20,474,2013,3.18
217,2,20,474,2014,3.32
217,2,20,474,2015,3.45
217,2,20,474,2016,3.54
217,2,20,474,2017,3.59
217,2,22,474,1990,26.91
217,2,22,474,1991,27.04
217,2,22,474,1992,27.3
217,2,22,474,1993,27.59
217,2,22,474,1994,28.02
217,2,22,474,1995,28.33
217,2,22,474,1996,28.55
217,2,22,474,1997,28.7
217,2,22,474,1998,28.56
217,2,22,474,1999,28.52
217,2,22,474,2000,28.32
217,2,22,474,2001,28.26
217,2,22,474,2002,28.33
217,2,22,474,2003,28.24
217,2,22,474,2004,28.33
217,2,22,474,2005,28.33
217,2,22,474,2006,21.66
217,2,22,474,2007,18.91
217,2,22,474,2008,17.56
217,2,22,474,2009,17.05
217,2,22,474,2010,16.91
217,2,22,474,2011,16.66
217,2,22,474,2012,16.82
217,2,22,474,2013,17.04
217,2,22,474,2014,17.35
217,2,22,474,2015,17.67
217,2,22,474,2016,18.04
217,2,22,474,2017,18.42
217,2,30,474,1990,4.33
217,2,30,474,1991,4.46
217,2,30,474,1992,4.53
217,2,30,474,1993,4.53
217,2,30,474,1994,4.48
217,2,30,474,1995,4.48
217,2,30,474,1996,4.49
217,2,30,474,1997,4.52
217,2,30,474,1998,4.49
217,2,30,474,1999,4.53
217,2,30,474,2000,4.48
217,2,30,474,2001,4.46
217,2,30,474,2002,4.48
217,2,30,474,2003,4.49
217,2,30,474,2004,4.6
217,2,30,474,2005,4.67
217,2,30,474,2006,3.52
217,2,30,474,2007,3.03
217,2,30,474,2008,2.8
217,2,30,474,2009,2.69
217,2,30,474,2010,2.59
217,2,30,474,2011,2.54
217,2,30,474,2012,2.56
217,2,30,474,2013,2.61
217,2,30,474,2014,2.65
217,2,30,474,2015,2.74
217,2,30,474,2016,2.83
217,2,30,474,2017,2.94
217,2,31,474,1990,1.29
217,2,31,474,1991,1.29
217,2,31,474,1992,1.32
217,2,31,474,1993,1.35
217,2,31,474,1994,1.56
217,2,31,474,1995,1.68
217,2,31,474,1996,1.71
217,2,31,474,1997,1.71
217,2,31,474,1998,1.68
217,2,31,474,1999,1.64
217,2,31,474,2000,1.63
217,2,31,474,2001,1.63
217,2,31,474,2002,1.64
217,2,31,474,2003,1.64
217,2,31,474,2004,1.67
217,2,31,474,2005,1.66
217,2,31,474,2006,1.24
217,2,31,474,2007,1.05
217,2,31,474,2008,0.96
217,2,31,474,2009,0.93
217,2,31,474,2010,0.92
217,2,31,474,2011,0.9
217,2,31,474,2012,0.9
217,2,31,474,2013,0.92
217,2,31,474,2014,0.95
217,2,31,474,2015,0.95
217,2,31,474,2016,0.99
217,2,31,474,2017,1.02
217,2,32,474,1990,0.37
217,2,32,474,1991,0.37
217,2,32,474,1992,0.38
217,2,32,474,1993,0.38
217,2,32,474,1994,0.35
217,2,32,474,1995,0.34
217,2,32,474,1996,0.34
217,2,32,474,1997,0.34
217,2,32,474,1998,0.35
217,2,32,474,1999,0.4
217,2,32,474,2000,0.43
217,2,32,474,2001,0.43
217,2,32,474,2002,0.43
217,2,32,474,2003,0.42
217,2,32,474,2004,0.42
217,2,32,474,2005,0.43
217,2,32,474,2006,0.32
217,2,32,474,2007,0.27
217,2,32,474,2008,0.25
217,2,32,474,2009,0.24
217,2,32,474,2010,0.23
217,2,32,474,2011,0.23
217,2,32,474,2012,0.23
217,2,32,474,2013,0.23
217,2,32,474,2014,0.24
217,2,32,474,2015,0.25
217,2,32,474,2016,0.26
217,2,32,474,2017,0.26
217,2,235,474,1990,0.06
217,2,235,474,1991,0.06
217,2,235,474,1992,0.06
217,2,235,474,1993,0.06
217,2,235,474,1994,0.06
217,2,235,474,1995,0.06
217,2,235,474,1996,0.06
217,2,235,474,1997,0.06
217,2,235,474,1998,0.06
217,2,235,474,1999,0.06
217,2,235,474,2000,0.06
217,2,235,474,2001,0.06
217,2,235,474,2002,0.06
217,2,235,474,2003,0.06
217,2,235,474,2004,0.07
217,2,235,474,2005,0.08
217,2,235,474,2006,0.06
217,2,235,474,2007,0.05
217,2,235,474,2008,0.04
217,2,235,474,2009,0.04
217,2,235,474,2010,0.04
217,2,235,474,2011,0.04
217,2,235,474,2012,0.04
217,2,235,474,2013,0.04
217,2,235,474,2014,0.04
217,2,235,474,2015,0.04
217,2,235,474,2016,0.04
217,2,235,474,2017,0.04
218,2,8,474,1990,0.05
218,2,8,474,1991,0.06
218,2,8,474,1992,0.06
218,2,8,474,1993,0.06
218,2,8,474,1994,0.06
218,2,8,474,1995,0.06
218,2,8,474,1996,0.06
218,2,8,474,1997,0.06
218,2,8,474,1998,0.06
218,2,8,474,1999,0.06
218,2,8,474,2000,0.06
218,2,8,474,2001,0.06
218,2,8,474,2002,0.06
218,2,8,474,2003,0.06
218,2,8,474,2004,0.05
218,2,8,474,2005,0.05
218,2,8,474,2006,0.05
218,2,8,474,2007,0.04
218,2,8,474,2008,0.04
218,2,8,474,2009,0.04
218,2,8,474,2010,0.04
218,2,8,474,2011,0.04
218,2,8,474,2012,0.04
218,2,8,474,2013,0.04
218,2,8,474,2014,0.04
218,2,8,474,2015,0.04
218,2,8,474,2016,0.04
218,2,8,474,2017,0.04
218,2,9,474,1990,0.07
218,2,9,474,1991,0.07
218,2,9,474,1992,0.07
218,2,9,474,1993,0.07
218,2,9,474,1994,0.08
218,2,9,474,1995,0.08
218,2,9,474,1996,0.08
218,2,9,474,1997,0.08
218,2,9,474,1998,0.08
218,2,9,474,1999,0.08
218,2,9,474,2000,0.08
218,2,9,474,2001,0.08
218,2,9,474,2002,0.08
218,2,9,474,2003,0.07
218,2,9,474,2004,0.07
218,2,9,474,2005,0.07
218,2,9,474,2006,0.07
218,2,9,474,2007,0.06
218,2,9,474,2008,0.06
218,2,9,474,2009,0.06
218,2,9,474,2010,0.06
218,2,9,474,2011,0.05
218,2,9,474,2012,0.05
218,2,9,474,2013,0.05
218,2,9,474,2014,0.05
218,2,9,474,2015,0.05
218,2,9,474,2016,0.05
218,2,9,474,2017,0.05
218,2,10,474,1990,0.18
218,2,10,474,1991,0.19
218,2,10,474,1992,0.19
218,2,10,474,1993,0.2
218,2,10,474,1994,0.2
218,2,10,474,1995,0.2
218,2,10,474,1996,0.2
218,2,10,474,1997,0.21
218,2,10,474,1998,0.21
218,2,10,474,1999,0.21
218,2,10,474,2000,0.21
218,2,10,474,2001,0.2
218,2,10,474,2002,0.19
218,2,10,474,2003,0.19
218,2,10,474,2004,0.18
218,2,10,474,2005,0.18
218,2,10,474,2006,0.17
218,2,10,474,2007,0.16
218,2,10,474,2008,0.16
218,2,10,474,2009,0.15
218,2,10,474,2010,0.15
218,2,10,474,2011,0.14
218,2,10,474,2012,0.14
218,2,10,474,2013,0.13
218,2,10,474,2014,0.13
218,2,10,474,2015,0.13
218,2,10,474,2016,0.13
218,2,10,474,2017,0.13
218,2,11,474,1990,0.15
218,2,11,474,1991,0.16
218,2,11,474,1992,0.17
218,2,11,474,1993,0.18
218,2,11,474,1994,0.18
218,2,11,474,1995,0.19
218,2,11,474,1996,0.19
218,2,11,474,1997,0.2
218,2,11,474,1998,0.2
218,2,11,474,1999,0.19
218,2,11,474,2000,0.19
218,2,11,474,2001,0.19
218,2,11,474,2002,0.18
218,2,11,474,2003,0.18
218,2,11,474,2004,0.17
218,2,11,474,2005,0.17
218,2,11,474,2006,0.16
218,2,11,474,2007,0.15
218,2,11,474,2008,0.15
218,2,11,474,2009,0.15
218,2,11,474,2010,0.14
218,2,11,474,2011,0.13
218,2,11,474,2012,0.13
218,2,11,474,2013,0.13
218,2,11,474,2014,0.13
218,2,11,474,2015,0.13
218,2,11,474,2016,0.14
218,2,11,474,2017,0.14
218,2,12,474,1990,0.22
218,2,12,474,1991,0.23
218,2,12,474,1992,0.23
218,2,12,474,1993,0.24
218,2,12,474,1994,0.25
218,2,12,474,1995,0.26
218,2,12,474,1996,0.27
218,2,12,474,1997,0.28
218,2,12,474,1998,0.29
218,2,12,474,1999,0.28
218,2,12,474,2000,0.28
218,2,12,474,2001,0.28
218,2,12,474,2002,0.27
218,2,12,474,2003,0.26
218,2,12,474,2004,0.25
218,2,12,474,2005,0.25
218,2,12,474,2006,0.24
218,2,12,474,2007,0.23
218,2,12,474,2008,0.22
218,2,12,474,2009,0.22
218,2,12,474,2010,0.22
218,2,12,474,2011,0.2
218,2,12,474,2012,0.2
218,2,12,474,2013,0.2
218,2,12,474,2014,0.2
218,2,12,474,2015,0.21
218,2,12,474,2016,0.21
218,2,12,474,2017,0.22
218,2,13,474,1990,0.39
218,2,13,474,1991,0.4
218,2,13,474,1992,0.43
218,2,13,474,1993,0.45
218,2,13,474,1994,0.46
218,2,13,474,1995,0.46
218,2,13,474,1996,0.46
218,2,13,474,1997,0.47
218,2,13,474,1998,0.48
218,2,13,474,1999,0.48
218,2,13,474,2000,0.49
218,2,13,474,2001,0.49
218,2,13,474,2002,0.48
218,2,13,474,2003,0.48
218,2,13,474,2004,0.47
218,2,13,474,2005,0.47
218,2,13,474,2006,0.44
218,2,13,474,2007,0.43
218,2,13,474,2008,0.42
218,2,13,474,2009,0.41
218,2,13,474,2010,0.41
218,2,13,474,2011,0.38
218,2,13,474,2012,0.38
218,2,13,474,2013,0.38
218,2,13,474,2014,0.39
218,2,13,474,2015,0.4
218,2,13,474,2016,0.41
218,2,13,474,2017,0.42
218,2,14,474,1990,0.5
218,2,14,474,1991,0.53
218,2,14,474,1992,0.53
218,2,14,474,1993,0.53
218,2,14,474,1994,0.56
218,2,14,474,1995,0.6
218,2,14,474,1996,0.62
218,2,14,474,1997,0.66
218,2,14,474,1998,0.69
218,2,14,474,1999,0.67
218,2,14,474,2000,0.65
218,2,14,474,2001,0.64
218,2,14,474,2002,0.63
218,2,14,474,2003,0.63
218,2,14,474,2004,0.62
218,2,14,474,2005,0.62
218,2,14,474,2006,0.59
218,2,14,474,2007,0.58
218,2,14,474,2008,0.58
218,2,14,474,2009,0.58
218,2,14,474,2010,0.57
218,2,14,474,2011,0.53
218,2,14,474,2012,0.52
218,2,14,474,2013,0.53
218,2,14,474,2014,0.54
218,2,14,474,2015,0.55
218,2,14,474,2016,0.56
218,2,14,474,2017,0.59
218,2,15,474,1990,0.74
218,2,15,474,1991,0.77
218,2,15,474,1992,0.8
218,2,15,474,1993,0.84
218,2,15,474,1994,0.9
218,2,15,474,1995,0.96
218,2,15,474,1996,1.01
218,2,15,474,1997,1.02
218,2,15,474,1998,1.01
218,2,15,474,1999,1.02
218,2,15,474,2000,1.05
218,2,15,474,2001,1.04
218,2,15,474,2002,1.06
218,2,15,474,2003,1.07
218,2,15,474,2004,1.03
218,2,15,474,2005,0.99
218,2,15,474,2006,0.93
218,2,15,474,2007,0.9
218,2,15,474,2008,0.88
218,2,15,474,2009,0.87
218,2,15,474,2010,0.87
218,2,15,474,2011,0.8
218,2,15,474,2012,0.8
218,2,15,474,2013,0.82
218,2,15,474,2014,0.84
218,2,15,474,2015,0.86
218,2,15,474,2016,0.89
218,2,15,474,2017,0.93
218,2,16,474,1990,1
218,2,16,474,1991,1.05
218,2,16,474,1992,1.1
218,2,16,474,1993,1.15
218,2,16,474,1994,1.21
218,2,16,474,1995,1.26
218,2,16,474,1996,1.3
218,2,16,474,1997,1.34
218,2,16,474,1998,1.39
218,2,16,474,1999,1.44
218,2,16,474,2000,1.48
218,2,16,474,2001,1.51
218,2,16,474,2002,1.47
218,2,16,474,2003,1.41
218,2,16,474,2004,1.4
218,2,16,474,2005,1.43
218,2,16,474,2006,1.36
218,2,16,474,2007,1.35
218,2,16,474,2008,1.35
218,2,16,474,2009,1.3
218,2,16,474,2010,1.24
218,2,16,474,2011,1.11
218,2,16,474,2012,1.09
218,2,16,474,2013,1.1
218,2,16,474,2014,1.12
218,2,16,474,2015,1.16
218,2,16,474,2016,1.21
218,2,16,474,2017,1.27
218,2,17,474,1990,1.38
218,2,17,474,1991,1.45
218,2,17,474,1992,1.54
218,2,17,474,1993,1.64
218,2,17,474,1994,1.7
218,2,17,474,1995,1.74
218,2,17,474,1996,1.82
218,2,17,474,1997,1.91
218,2,17,474,1998,1.98
218,2,17,474,1999,2.02
218,2,17,474,2000,2.04
218,2,17,474,2001,2.05
218,2,17,474,2002,2.05
218,2,17,474,2003,2.05
218,2,17,474,2004,2.08
218,2,17,474,2005,2.13
218,2,17,474,2006,2.06
218,2,17,474,2007,1.95
218,2,17,474,2008,1.83
218,2,17,474,2009,1.8
218,2,17,474,2010,1.82
218,2,17,474,2011,1.65
218,2,17,474,2012,1.66
218,2,17,474,2013,1.7
218,2,17,474,2014,1.69
218,2,17,474,2015,1.66
218,2,17,474,2016,1.68
218,2,17,474,2017,1.73
218,2,18,474,1990,1.79
218,2,18,474,1991,1.84
218,2,18,474,1992,1.89
218,2,18,474,1993,1.94
218,2,18,474,1994,2.02
218,2,18,474,1995,2.1
218,2,18,474,1996,2.2
218,2,18,474,1997,2.34
218,2,18,474,1998,2.45
218,2,18,474,1999,2.44
218,2,18,474,2000,2.41
218,2,18,474,2001,2.43
218,2,18,474,2002,2.45
218,2,18,474,2003,2.46
218,2,18,474,2004,2.46
218,2,18,474,2005,2.49
218,2,18,474,2006,2.38
218,2,18,474,2007,2.32
218,2,18,474,2008,2.31
218,2,18,474,2009,2.35
218,2,18,474,2010,2.4
218,2,18,474,2011,2.22
218,2,18,474,2012,2.12
218,2,18,474,2013,2.05
218,2,18,474,2014,2.09
218,2,18,474,2015,2.18
218,2,18,474,2016,2.23
218,2,18,474,2017,2.35
218,2,19,474,1990,2.15
218,2,19,474,1991,2.21
218,2,19,474,1992,2.27
218,2,19,474,1993,2.35
218,2,19,474,1994,2.45
218,2,19,474,1995,2.54
218,2,19,474,1996,2.58
218,2,19,474,1997,2.62
218,2,19,474,1998,2.65
218,2,19,474,1999,2.66
218,2,19,474,2000,2.69
218,2,19,474,2001,2.73
218,2,19,474,2002,2.81
218,2,19,474,2003,2.87
218,2,19,474,2004,2.82
218,2,19,474,2005,2.8
218,2,19,474,2006,2.7
218,2,19,474,2007,2.67
218,2,19,474,2008,2.67
218,2,19,474,2009,2.67
218,2,19,474,2010,2.68
218,2,19,474,2011,2.47
218,2,19,474,2012,2.46
218,2,19,474,2013,2.53
218,2,19,474,2014,2.68
218,2,19,474,2015,2.84
218,2,19,474,2016,2.98
218,2,19,474,2017,3
218,2,20,474,1990,1.95
218,2,20,474,1991,2
218,2,20,474,1992,2.06
218,2,20,474,1993,2.12
218,2,20,474,1994,2.16
218,2,20,474,1995,2.19
218,2,20,474,1996,2.25
218,2,20,474,1997,2.31
218,2,20,474,1998,2.35
218,2,20,474,1999,2.38
218,2,20,474,2000,2.42
218,2,20,474,2001,2.42
218,2,20,474,2002,2.41
218,2,20,474,2003,2.42
218,2,20,474,2004,2.43
218,2,20,474,2005,2.47
218,2,20,474,2006,2.42
218,2,20,474,2007,2.44
218,2,20,474,2008,2.47
218,2,20,474,2009,2.43
218,2,20,474,2010,2.4
218,2,20,474,2011,2.23
218,2,20,474,2012,2.25
218,2,20,474,2013,2.32
218,2,20,474,2014,2.41
218,2,20,474,2015,2.5
218,2,20,474,2016,2.61
218,2,20,474,2017,2.74
218,2,22,474,1990,12.85
218,2,22,474,1991,13.29
218,2,22,474,1992,13.73
218,2,22,474,1993,14.24
218,2,22,474,1994,14.79
218,2,22,474,1995,15.27
218,2,22,474,1996,15.75
218,2,22,474,1997,16.29
218,2,22,474,1998,16.7
218,2,22,474,1999,16.81
218,2,22,474,2000,16.95
218,2,22,474,2001,17.07
218,2,22,474,2002,17.17
218,2,22,474,2003,17.26
218,2,22,474,2004,17.22
218,2,22,474,2005,17.36
218,2,22,474,2006,16.72
218,2,22,474,2007,16.39
218,2,22,474,2008,16.2
218,2,22,474,2009,16.11
218,2,22,474,2010,16.12
218,2,22,474,2011,14.81
218,2,22,474,2012,14.72
218,2,22,474,2013,14.95
218,2,22,474,2014,15.37
218,2,22,474,2015,15.86
218,2,22,474,2016,16.47
218,2,22,474,2017,17.16
218,2,30,474,1990,1.57
218,2,30,474,1991,1.61
218,2,30,474,1992,1.65
218,2,30,474,1993,1.7
218,2,30,474,1994,1.76
218,2,30,474,1995,1.81
218,2,30,474,1996,1.86
218,2,30,474,1997,1.91
218,2,30,474,1998,1.95
218,2,30,474,1999,1.95
218,2,30,474,2000,1.96
218,2,30,474,2001,2
218,2,30,474,2002,2.04
218,2,30,474,2003,2.09
218,2,30,474,2004,2.14
218,2,30,474,2005,2.21
218,2,30,474,2006,2.13
218,2,30,474,2007,2.08
218,2,30,474,2008,2.05
218,2,30,474,2009,2.05
218,2,30,474,2010,2.08
218,2,30,474,2011,1.92
218,2,30,474,2012,1.95
218,2,30,474,2013,2.03
218,2,30,474,2014,2.06
218,2,30,474,2015,2.1
218,2,30,474,2016,2.22
218,2,30,474,2017,2.37
218,2,31,474,1990,0.56
218,2,31,474,1991,0.58
218,2,31,474,1992,0.6
218,2,31,474,1993,0.62
218,2,31,474,1994,0.63
218,2,31,474,1995,0.65
218,2,31,474,1996,0.67
218,2,31,474,1997,0.68
218,2,31,474,1998,0.7
218,2,31,474,1999,0.72
218,2,31,474,2000,0.74
218,2,31,474,2001,0.75
218,2,31,474,2002,0.77
218,2,31,474,2003,0.79
218,2,31,474,2004,0.79
218,2,31,474,2005,0.81
218,2,31,474,2006,0.79
218,2,31,474,2007,0.79
218,2,31,474,2008,0.79
218,2,31,474,2009,0.79
218,2,31,474,2010,0.8
218,2,31,474,2011,0.73
218,2,31,474,2012,0.71
218,2,31,474,2013,0.72
218,2,31,474,2014,0.76
218,2,31,474,2015,0.8
218,2,31,474,2016,0.85
218,2,31,474,2017,0.92
218,2,32,474,1990,0.13
218,2,32,474,1991,0.13
218,2,32,474,1992,0.14
218,2,32,474,1993,0.14
218,2,32,474,1994,0.15
218,2,32,474,1995,0.16
218,2,32,474,1996,0.17
218,2,32,474,1997,0.17
218,2,32,474,1998,0.17
218,2,32,474,1999,0.18
218,2,32,474,2000,0.18
218,2,32,474,2001,0.18
218,2,32,474,2002,0.19
218,2,32,474,2003,0.19
218,2,32,474,2004,0.2
218,2,32,474,2005,0.21
218,2,32,474,2006,0.2
218,2,32,474,2007,0.2
218,2,32,474,2008,0.2
218,2,32,474,2009,0.2
218,2,32,474,2010,0.2
218,2,32,474,2011,0.19
218,2,32,474,2012,0.19
218,2,32,474,2013,0.2
218,2,32,474,2014,0.2
218,2,32,474,2015,0.22
218,2,32,474,2016,0.22
218,2,32,474,2017,0.23
218,2,235,474,1990,0.02
218,2,235,474,1991,0.02
218,2,235,474,1992,0.02
218,2,235,474,1993,0.02
218,2,235,474,1994,0.02
218,2,235,474,1995,0.02
218,2,235,474,1996,0.02
218,2,235,474,1997,0.03
218,2,235,474,1998,0.03
218,2,235,474,1999,0.03
218,2,235,474,2000,0.03
218,2,235,474,2001,0.03
218,2,235,474,2002,0.03
218,2,235,474,2003,0.03
218,2,235,474,2004,0.03
218,2,235,474,2005,0.03
218,2,235,474,2006,0.03
218,2,235,474,2007,0.03
218,2,235,474,2008,0.03
218,2,235,474,2009,0.03
218,2,235,474,2010,0.03
218,2,235,474,2011,0.03
218,2,235,474,2012,0.03
218,2,235,474,2013,0.03
218,2,235,474,2014,0.03
218,2,235,474,2015,0.03
218,2,235,474,2016,0.04
218,2,235,474,2017,0.04
298,2,8,474,1990,0
298,2,8,474,1991,0
298,2,8,474,1992,0
298,2,8,474,1993,0
298,2,8,474,1994,0
298,2,8,474,1995,0
298,2,8,474,1996,0
298,2,8,474,1997,0
298,2,8,474,1998,0
298,2,8,474,1999,0
298,2,8,474,2000,0
298,2,8,474,2001,0
298,2,8,474,2002,0
298,2,8,474,2003,0
298,2,8,474,2004,0
298,2,8,474,2005,0
298,2,8,474,2006,0
298,2,8,474,2007,0
298,2,8,474,2008,0
298,2,8,474,2009,0
298,2,8,474,2010,0
298,2,8,474,2011,0
298,2,8,474,2012,0
298,2,8,474,2013,0
298,2,8,474,2014,0
298,2,8,474,2015,0
298,2,8,474,2016,0
298,2,8,474,2017,0
298,2,9,474,1990,0
298,2,9,474,1991,0
298,2,9,474,1992,0
298,2,9,474,1993,0
298,2,9,474,1994,0
298,2,9,474,1995,0
298,2,9,474,1996,0
298,2,9,474,1997,0
298,2,9,474,1998,0
298,2,9,474,1999,0
298,2,9,474,2000,0
298,2,9,474,2001,0
298,2,9,474,2002,0
298,2,9,474,2003,0
298,2,9,474,2004,0
298,2,9,474,2005,0
298,2,9,474,2006,0
298,2,9,474,2007,0
298,2,9,474,2008,0
298,2,9,474,2009,0
298,2,9,474,2010,0
298,2,9,474,2011,0
298,2,9,474,2012,0
298,2,9,474,2013,0
298,2,9,474,2014,0
298,2,9,474,2015,0
298,2,9,474,2016,0
298,2,9,474,2017,0
298,2,10,474,1990,0
298,2,10,474,1991,0
298,2,10,474,1992,0
298,2,10,474,1993,0
298,2,10,474,1994,0
298,2,10,474,1995,0
298,2,10,474,1996,0
298,2,10,474,1997,0
298,2,10,474,1998,0
298,2,10,474,1999,0
298,2,10,474,2000,0
298,2,10,474,2001,0
298,2,10,474,2002,0
298,2,10,474,2003,0
298,2,10,474,2004,0
298,2,10,474,2005,0
298,2,10,474,2006,0
298,2,10,474,2007,0
298,2,10,474,2008,0
298,2,10,474,2009,0
298,2,10,474,2010,0
298,2,10,474,2011,0
298,2,10,474,2012,0
298,2,10,474,2013,0
298,2,10,474,2014,0
298,2,10,474,2015,0
298,2,10,474,2016,0
298,2,10,474,2017,0
298,2,11,474,1990,0
298,2,11,474,1991,0
298,2,11,474,1992,0
298,2,11,474,1993,0
298,2,11,474,1994,0
298,2,11,474,1995,0
298,2,11,474,1996,0
298,2,11,474,1997,0
298,2,11,474,1998,0
298,2,11,474,1999,0
298,2,11,474,2000,0
298,2,11,474,2001,0
298,2,11,474,2002,0
298,2,11,474,2003,0
298,2,11,474,2004,0
298,2,11,474,2005,0
298,2,11,474,2006,0
298,2,11,474,2007,0
298,2,11,474,2008,0
298,2,11,474,2009,0
298,2,11,474,2010,0
298,2,11,474,2011,0
298,2,11,474,2012,0
298,2,11,474,2013,0
298,2,11,474,2014,0
298,2,11,474,2015,0
298,2,11,474,2016,0
298,2,11,474,2017,0
298,2,12,474,1990,0
298,2,12,474,1991,0
298,2,12,474,1992,0
298,2,12,474,1993,0
298,2,12,474,1994,0
298,2,12,474,1995,0
298,2,12,474,1996,0
298,2,12,474,1997,0
298,2,12,474,1998,0
298,2,12,474,1999,0
298,2,12,474,2000,0
298,2,12,474,2001,0
298,2,12,474,2002,0
298,2,12,474,2003,0
298,2,12,474,2004,0.01
298,2,12,474,2005,0.01
298,2,12,474,2006,0.01
298,2,12,474,2007,0.01
298,2,12,474,2008,0.01
298,2,12,474,2009,0.01
298,2,12,474,2010,0.01
298,2,12,474,2011,0.01
298,2,12,474,2012,0.01
298,2,12,474,2013,0.01
298,2,12,474,2014,0.01
298,2,12,474,2015,0.01
298,2,12,474,2016,0.01
298,2,12,474,2017,0.01
298,2,13,474,1990,0
298,2,13,474,1991,0
298,2,13,474,1992,0
298,2,13,474,1993,0
298,2,13,474,1994,0
298,2,13,474,1995,0
298,2,13,474,1996,0
298,2,13,474,1997,0
298,2,13,474,1998,0
298,2,13,474,1999,0
298,2,13,474,2000,0.01
298,2,13,474,2001,0.01
298,2,13,474,2002,0.01
298,2,13,474,2003,0.01
298,2,13,474,2004,0.01
298,2,13,474,2005,0.01
298,2,13,474,2006,0.01
298,2,13,474,2007,0.01
298,2,13,474,2008,0.01
298,2,13,474,2009,0.01
298,2,13,474,2010,0.01
298,2,13,474,2011,0.01
298,2,13,474,2012,0.01
298,2,13,474,2013,0.01
298,2,13,474,2014,0.01
298,2,13,474,2015,0.01
298,2,13,474,2016,0.01
298,2,13,474,2017,0.01
298,2,14,474,1990,0
298,2,14,474,1991,0
298,2,14,474,1992,0
298,2,14,474,1993,0
298,2,14,474,1994,0
298,2,14,474,1995,0
298,2,14,474,1996,0
298,2,14,474,1997,0
298,2,14,474,1998,0
298,2,14,474,1999,0
298,2,14,474,2000,0
298,2,14,474,2001,0
298,2,14,474,2002,0.01
298,2,14,474,2003,0.01
298,2,14,474,2004,0.01
298,2,14,474,2005,0.01
298,2,14,474,2006,0.01
298,2,14,474,2007,0.01
298,2,14,474,2008,0.01
298,2,14,474,2009,0.01
298,2,14,474,2010,0.01
298,2,14,474,2011,0.01
298,2,14,474,2012,0.01
298,2,14,474,2013,0.01
298,2,14,474,2014,0.01
298,2,14,474,2015,0.01
298,2,14,474,2016,0.01
298,2,14,474,2017,0.01
298,2,15,474,1990,0.01
298,2,15,474,1991,0.01
298,2,15,474,1992,0.01
298,2,15,474,1993,0.01
298,2,15,474,1994,0.01
298,2,15,474,1995,0.01
298,2,15,474,1996,0.01
298,2,15,474,1997,0.01
298,2,15,474,1998,0.01
298,2,15,474,1999,0.01
298,2,15,474,2000,0.01
298,2,15,474,2001,0.01
298,2,15,474,2002,0.01
298,2,15,474,2003,0.01
298,2,15,474,2004,0.02
298,2,15,474,2005,0.02
298,2,15,474,2006,0.02
298,2,15,474,2007,0.02
298,2,15,474,2008,0.02
298,2,15,474,2009,0.02
298,2,15,474,2010,0.03
298,2,15,474,2011,0.03
298,2,15,474,2012,0.03
298,2,15,474,2013,0.03
298,2,15,474,2014,0.03
298,2,15,474,2015,0.03
298,2,15,474,2016,0.03
298,2,15,474,2017,0.03
298,2,16,474,1990,0.01
298,2,16,474,1991,0.01
298,2,16,474,1992,0.01
298,2,16,474,1993,0.01
298,2,16,474,1994,0.01
298,2,16,474,1995,0.01
298,2,16,474,1996,0.01
298,2,16,474,1997,0.01
298,2,16,474,1998,0.01
298,2,16,474,1999,0.01
298,2,16,474,2000,0.01
298,2,16,474,2001,0.01
298,2,16,474,2002,0.01
298,2,16,474,2003,0.02
298,2,16,474,2004,0.02
298,2,16,474,2005,0.02
298,2,16,474,2006,0.02
298,2,16,474,2007,0.02
298,2,16,474,2008,0.03
298,2,16,474,2009,0.03
298,2,16,474,2010,0.03
298,2,16,474,2011,0.03
298,2,16,474,2012,0.03
298,2,16,474,2013,0.03
298,2,16,474,2014,0.03
298,2,16,474,2015,0.04
298,2,16,474,2016,0.04
298,2,16,474,2017,0.04
298,2,17,474,1990,0.01
298,2,17,474,1991,0.01
298,2,17,474,1992,0.01
298,2,17,474,1993,0.01
298,2,17,474,1994,0.01
298,2,17,474,1995,0.01
298,2,17,474,1996,0.01
298,2,17,474,1997,0.01
298,2,17,474,1998,0.01
298,2,17,474,1999,0.01
298,2,17,474,2000,0.01
298,2,17,474,2001,0.01
298,2,17,474,2002,0.01
298,2,17,474,2003,0.02
298,2,17,474,2004,0.02
298,2,17,474,2005,0.02
298,2,17,474,2006,0.02
298,2,17,474,2007,0.02
298,2,17,474,2008,0.02
298,2,17,474,2009,0.02
298,2,17,474,2010,0.03
298,2,17,474,2011,0.03
298,2,17,474,2012,0.03
298,2,17,474,2013,0.03
298,2,17,474,2014,0.03
298,2,17,474,2015,0.03
298,2,17,474,2016,0.04
298,2,17,474,2017,0.04
298,2,18,474,1990,0.01
298,2,18,474,1991,0.01
298,2,18,474,1992,0.01
298,2,18,474,1993,0.01
298,2,18,474,1994,0.01
298,2,18,474,1995,0.01
298,2,18,474,1996,0.01
298,2,18,474,1997,0.01
298,2,18,474,1998,0.01
298,2,18,474,1999,0.01
298,2,18,474,2000,0.01
298,2,18,474,2001,0.01
298,2,18,474,2002,0.01
298,2,18,474,2003,0.02
298,2,18,474,2004,0.02
298,2,18,474,2005,0.02
298,2,18,474,2006,0.02
298,2,18,474,2007,0.02
298,2,18,474,2008,0.02
298,2,18,474,2009,0.02
298,2,18,474,2010,0.02
298,2,18,474,2011,0.02
298,2,18,474,2012,0.02
298,2,18,474,2013,0.03
298,2,18,474,2014,0.03
298,2,18,474,2015,0.03
298,2,18,474,2016,0.03
298,2,18,474,2017,0.03
298,2,19,474,1990,0.01
298,2,19,474,1991,0.01
298,2,19,474,1992,0.02
298,2,19,474,1993,0.02
298,2,19,474,1994,0.02
298,2,19,474,1995,0.02
298,2,19,474,1996,0.02
298,2,19,474,1997,0.02
298,2,19,474,1998,0.02
298,2,19,474,1999,0.02
298,2,19,474,2000,0.02
298,2,19,474,2001,0.02
298,2,19,474,2002,0.02
298,2,19,474,2003,0.02
298,2,19,474,2004,0.02
298,2,19,474,2005,0.03
298,2,19,474,2006,0.03
298,2,19,474,2007,0.03
298,2,19,474,2008,0.03
298,2,19,474,2009,0.03
298,2,19,474,2010,0.03
298,2,19,474,2011,0.03
298,2,19,474,2012,0.03
298,2,19,474,2013,0.03
298,2,19,474,2014,0.04
298,2,19,474,2015,0.04
298,2,19,474,2016,0.04
298,2,19,474,2017,0.04
298,2,20,474,1990,0.01
298,2,20,474,1991,0.02
298,2,20,474,1992,0.02
298,2,20,474,1993,0.02
298,2,20,474,1994,0.02
298,2,20,474,1995,0.02
298,2,20,474,1996,0.02
298,2,20,474,1997,0.02
298,2,20,474,1998,0.02
298,2,20,474,1999,0.02
298,2,20,474,2000,0.02
298,2,20,474,2001,0.02
298,2,20,474,2002,0.02
298,2,20,474,2003,0.02
298,2,20,474,2004,0.03
298,2,20,474,2005,0.03
298,2,20,474,2006,0.03
298,2,20,474,2007,0.03
298,2,20,474,2008,0.03
298,2,20,474,2009,0.03
298,2,20,474,2010,0.03
298,2,20,474,2011,0.03
298,2,20,474,2012,0.03
298,2,20,474,2013,0.03
298,2,20,474,2014,0.03
298,2,20,474,2015,0.04
298,2,20,474,2016,0.04
298,2,20,474,2017,0.04
298,2,22,474,1990,0.09
298,2,22,474,1991,0.1
298,2,22,474,1992,0.1
298,2,22,474,1993,0.11
298,2,22,474,1994,0.11
298,2,22,474,1995,0.11
298,2,22,474,1996,0.12
298,2,22,474,1997,0.12
298,2,22,474,1998,0.12
298,2,22,474,1999,0.12
298,2,22,474,2000,0.14
298,2,22,474,2001,0.14
298,2,22,474,2002,0.15
298,2,22,474,2003,0.17
298,2,22,474,2004,0.19
298,2,22,474,2005,0.22
298,2,22,474,2006,0.23
298,2,22,474,2007,0.23
298,2,22,474,2008,0.24
298,2,22,474,2009,0.25
298,2,22,474,2010,0.25
298,2,22,474,2011,0.26
298,2,22,474,2012,0.26
298,2,22,474,2013,0.26
298,2,22,474,2014,0.28
298,2,22,474,2015,0.3
298,2,22,474,2016,0.3
298,2,22,474,2017,0.31
298,2,30,474,1990,0.01
298,2,30,474,1991,0.01
298,2,30,474,1992,0.01
298,2,30,474,1993,0.01
298,2,30,474,1994,0.01
298,2,30,474,1995,0.01
298,2,30,474,1996,0.01
298,2,30,474,1997,0.01
298,2,30,474,1998,0.02
298,2,30,474,1999,0.02
298,2,30,474,2000,0.02
298,2,30,474,2001,0.02
298,2,30,474,2002,0.02
298,2,30,474,2003,0.02
298,2,30,474,2004,0.02
298,2,30,474,2005,0.02
298,2,30,474,2006,0.02
298,2,30,474,2007,0.02
298,2,30,474,2008,0.02
298,2,30,474,2009,0.02
298,2,30,474,2010,0.02
298,2,30,474,2011,0.02
298,2,30,474,2012,0.02
298,2,30,474,2013,0.02
298,2,30,474,2014,0.03
298,2,30,474,2015,0.03
298,2,30,474,2016,0.03
298,2,30,474,2017,0.03
298,2,31,474,1990,0.01
298,2,31,474,1991,0.01
298,2,31,474,1992,0.01
298,2,31,474,1993,0.01
298,2,31,474,1994,0.01
298,2,31,474,1995,0.01
298,2,31,474,1996,0.01
298,2,31,474,1997,0.01
298,2,31,474,1998,0.01
298,2,31,474,1999,0.01
298,2,31,474,2000,0.01
298,2,31,474,2001,0.01
298,2,31,474,2002,0.01
298,2,31,474,2003,0.01
298,2,31,474,2004,0.01
298,2,31,474,2005,0.01
298,2,31,474,2006,0.01
298,2,31,474,2007,0.01
298,2,31,474,2008,0.01
298,2,31,474,2009,0.01
298,2,31,474,2010,0.01
298,2,31,474,2011,0.01
298,2,31,474,2012,0.01
298,2,31,474,2013,0.01
298,2,31,474,2014,0.01
298,2,31,474,2015,0.01
298,2,31,474,2016,0.01
298,2,31,474,2017,0.01
298,2,32,474,1990,0
298,2,32,474,1991,0
298,2,32,474,1992,0
298,2,32,474,1993,0
298,2,32,474,1994,0
298,2,32,474,1995,0
298,2,32,474,1996,0
298,2,32,474,1997,0
298,2,32,474,1998,0
298,2,32,474,1999,0
298,2,32,474,2000,0
298,2,32,474,2001,0
298,2,32,474,2002,0
298,2,32,474,2003,0
298,2,32,474,2004,0
298,2,32,474,2005,0
298,2,32,474,2006,0
298,2,32,474,2007,0
298,2,32,474,2008,0
298,2,32,474,2009,0
298,2,32,474,2010,0
298,2,32,474,2011,0
298,2,32,474,2012,0
298,2,32,474,2013,0
298,2,32,474,2014,0
298,2,32,474,2015,0
298,2,32,474,2016,0
298,2,32,474,2017,0
298,2,235,474,1990,0
298,2,235,474,1991,0
298,2,235,474,1992,0
298,2,235,474,1993,0
298,2,235,474,1994,0
298,2,235,474,1995,0
298,2,235,474,1996,0
298,2,235,474,1997,0
298,2,235,474,1998,0
298,2,235,474,1999,0
298,2,235,474,2000,0
298,2,235,474,2001,0
298,2,235,474,2002,0.01
298,2,235,474,2003,0.01
298,2,235,474,2004,0.01
298,2,235,474,2005,0.01
298,2,235,474,2006,0.01
298,2,235,474,2007,0.01
298,2,235,474,2008,0.01
298,2,235,474,2009,0.01
298,2,235,474,2010,0.01
298,2,235,474,2011,0.01
298,2,235,474,2012,0.01
298,2,235,474,2013,0.01
298,2,235,474,2014,0.01
298,2,235,474,2015,0.01
298,2,235,474,2016,0.01
298,2,235,474,2017,0.01
305,2,8,474,1990,0
305,2,8,474,1991,0
305,2,8,474,1992,0
305,2,8,474,1993,0
305,2,8,474,1994,0
305,2,8,474,1995,0
305,2,8,474,1996,0
305,2,8,474,1997,0
305,2,8,474,1998,0
305,2,8,474,1999,0
305,2,8,474,2000,0
305,2,8,474,2001,0
305,2,8,474,2002,0
305,2,8,474,2003,0
305,2,8,474,2004,0
305,2,8,474,2005,0
305,2,8,474,2006,0
305,2,8,474,2007,0
305,2,8,474,2008,0
305,2,8,474,2009,0
305,2,8,474,2010,0
305,2,8,474,2011,0
305,2,8,474,2012,0
305,2,8,474,2013,0
305,2,8,474,2014,0
305,2,8,474,2015,0
305,2,8,474,2016,0
305,2,8,474,2017,0
305,2,9,474,1990,0
305,2,9,474,1991,0
305,2,9,474,1992,0
305,2,9,474,1993,0
305,2,9,474,1994,0
305,2,9,474,1995,0
305,2,9,474,1996,0
305,2,9,474,1997,0
305,2,9,474,1998,0
305,2,9,474,1999,0
305,2,9,474,2000,0
305,2,9,474,2001,0
305,2,9,474,2002,0
305,2,9,474,2003,0
305,2,9,474,2004,0
305,2,9,474,2005,0
305,2,9,474,2006,0
305,2,9,474,2007,0
305,2,9,474,2008,0
305,2,9,474,2009,0
305,2,9,474,2010,0
305,2,9,474,2011,0
305,2,9,474,2012,0
305,2,9,474,2013,0
305,2,9,474,2014,0
305,2,9,474,2015,0
305,2,9,474,2016,0
305,2,9,474,2017,0
305,2,10,474,1990,0
305,2,10,474,1991,0
305,2,10,474,1992,0
305,2,10,474,1993,0
305,2,10,474,1994,0
305,2,10,474,1995,0
305,2,10,474,1996,0
305,2,10,474,1997,0
305,2,10,474,1998,0
305,2,10,474,1999,0
305,2,10,474,2000,0
305,2,10,474,2001,0
305,2,10,474,2002,0
305,2,10,474,2003,0
305,2,10,474,2004,0
305,2,10,474,2005,0
305,2,10,474,2006,0
305,2,10,474,2007,0
305,2,10,474,2008,0
305,2,10,474,2009,0
305,2,10,474,2010,0
305,2,10,474,2011,0
305,2,10,474,2012,0
305,2,10,474,2013,0
305,2,10,474,2014,0
305,2,10,474,2015,0
305,2,10,474,2016,0
305,2,10,474,2017,0
305,2,11,474,1990,0
305,2,11,474,1991,0
305,2,11,474,1992,0
305,2,11,474,1993,0
305,2,11,474,1994,0
305,2,11,474,1995,0
305,2,11,474,1996,0
305,2,11,474,1997,0
305,2,11,474,1998,0
305,2,11,474,1999,0
305,2,11,474,2000,0
305,2,11,474,2001,0
305,2,11,474,2002,0
305,2,11,474,2003,0
305,2,11,474,2004,0
305,2,11,474,2005,0
305,2,11,474,2006,0
305,2,11,474,2007,0
305,2,11,474,2008,0
305,2,11,474,2009,0
305,2,11,474,2010,0
305,2,11,474,2011,0
305,2,11,474,2012,0
305,2,11,474,2013,0
305,2,11,474,2014,0
305,2,11,474,2015,0
305,2,11,474,2016,0
305,2,11,474,2017,0
305,2,12,474,1990,0
305,2,12,474,1991,0
305,2,12,474,1992,0
305,2,12,474,1993,0
305,2,12,474,1994,0
305,2,12,474,1995,0
305,2,12,474,1996,0
305,2,12,474,1997,0
305,2,12,474,1998,0
305,2,12,474,1999,0
305,2,12,474,2000,0
305,2,12,474,2001,0
305,2,12,474,2002,0
305,2,12,474,2003,0
305,2,12,474,2004,0
305,2,12,474,2005,0
305,2,12,474,2006,0
305,2,12,474,2007,0
305,2,12,474,2008,0
305,2,12,474,2009,0
305,2,12,474,2010,0
305,2,12,474,2011,0
305,2,12,474,2012,0
305,2,12,474,2013,0
305,2,12,474,2014,0
305,2,12,474,2015,0
305,2,12,474,2016,0
305,2,12,474,2017,0
305,2,13,474,1990,0.01
305,2,13,474,1991,0.01
305,2,13,474,1992,0.01
305,2,13,474,1993,0.01
305,2,13,474,1994,0.01
305,2,13,474,1995,0.01
305,2,13,474,1996,0.01
305,2,13,474,1997,0.01
305,2,13,474,1998,0.01
305,2,13,474,1999,0.01
305,2,13,474,2000,0.01
305,2,13,474,2001,0.01
305,2,13,474,2002,0.01
305,2,13,474,2003,0.01
305,2,13,474,2004,0.01
305,2,13,474,2005,0.01
305,2,13,474,2006,0.01
305,2,13,474,2007,0.01
305,2,13,474,2008,0.01
305,2,13,474,2009,0
305,2,13,474,2010,0
305,2,13,474,2011,0
305,2,13,474,2012,0
305,2,13,474,2013,0
305,2,13,474,2014,0
305,2,13,474,2015,0
305,2,13,474,2016,0
305,2,13,474,2017,0
305,2,14,474,1990,0.01
305,2,14,474,1991,0.01
305,2,14,474,1992,0.01
305,2,14,474,1993,0.01
305,2,14,474,1994,0.01
305,2,14,474,1995,0.01
305,2,14,474,1996,0.01
305,2,14,474,1997,0.01
305,2,14,474,1998,0.01
305,2,14,474,1999,0.01
305,2,14,474,2000,0.01
305,2,14,474,2001,0.01
305,2,14,474,2002,0.01
305,2,14,474,2003,0.01
305,2,14,474,2004,0.01
305,2,14,474,2005,0.01
305,2,14,474,2006,0.01
305,2,14,474,2007,0.01
305,2,14,474,2008,0.01
305,2,14,474,2009,0.01
305,2,14,474,2010,0.01
305,2,14,474,2011,0.01
305,2,14,474,2012,0.01
305,2,14,474,2013,0.01
305,2,14,474,2014,0.01
305,2,14,474,2015,0.01
305,2,14,474,2016,0.01
305,2,14,474,2017,0.01
305,2,15,474,1990,0.02
305,2,15,474,1991,0.02
305,2,15,474,1992,0.02
305,2,15,474,1993,0.02
305,2,15,474,1994,0.02
305,2,15,474,1995,0.02
305,2,15,474,1996,0.02
305,2,15,474,1997,0.03
305,2,15,474,1998,0.03
305,2,15,474,1999,0.03
305,2,15,474,2000,0.03
305,2,15,474,2001,0.03
305,2,15,474,2002,0.02
305,2,15,474,2003,0.02
305,2,15,474,2004,0.02
305,2,15,474,2005,0.02
305,2,15,474,2006,0.02
305,2,15,474,2007,0.02
305,2,15,474,2008,0.02
305,2,15,474,2009,0.02
305,2,15,474,2010,0.02
305,2,15,474,2011,0.02
305,2,15,474,2012,0.02
305,2,15,474,2013,0.02
305,2,15,474,2014,0.02
305,2,15,474,2015,0.02
305,2,15,474,2016,0.02
305,2,15,474,2017,0.02
305,2,16,474,1990,0.04
305,2,16,474,1991,0.04
305,2,16,474,1992,0.04
305,2,16,474,1993,0.04
305,2,16,474,1994,0.04
305,2,16,474,1995,0.04
305,2,16,474,1996,0.04
305,2,16,474,1997,0.04
305,2,16,474,1998,0.04
305,2,16,474,1999,0.04
305,2,16,474,2000,0.04
305,2,16,474,2001,0.04
305,2,16,474,2002,0.04
305,2,16,474,2003,0.04
305,2,16,474,2004,0.04
305,2,16,474,2005,0.04
305,2,16,474,2006,0.04
305,2,16,474,2007,0.03
305,2,16,474,2008,0.03
305,2,16,474,2009,0.03
305,2,16,474,2010,0.04
305,2,16,474,2011,0.04
305,2,16,474,2012,0.04
305,2,16,474,2013,0.04
305,2,16,474,2014,0.04
305,2,16,474,2015,0.04
305,2,16,474,2016,0.04
305,2,16,474,2017,0.04
305,2,17,474,1990,0.06
305,2,17,474,1991,0.06
305,2,17,474,1992,0.06
305,2,17,474,1993,0.06
305,2,17,474,1994,0.06
305,2,17,474,1995,0.06
305,2,17,474,1996,0.05
305,2,17,474,1997,0.05
305,2,17,474,1998,0.05
305,2,17,474,1999,0.05
305,2,17,474,2000,0.05
305,2,17,474,2001,0.05
305,2,17,474,2002,0.05
305,2,17,474,2003,0.05
305,2,17,474,2004,0.05
305,2,17,474,2005,0.05
305,2,17,474,2006,0.04
305,2,17,474,2007,0.04
305,2,17,474,2008,0.05
305,2,17,474,2009,0.05
305,2,17,474,2010,0.04
305,2,17,474,2011,0.04
305,2,17,474,2012,0.04
305,2,17,474,2013,0.04
305,2,17,474,2014,0.05
305,2,17,474,2015,0.05
305,2,17,474,2016,0.05
305,2,17,474,2017,0.05
305,2,18,474,1990,0.09
305,2,18,474,1991,0.09
305,2,18,474,1992,0.09
305,2,18,474,1993,0.09
305,2,18,474,1994,0.09
305,2,18,474,1995,0.09
305,2,18,474,1996,0.08
305,2,18,474,1997,0.09
305,2,18,474,1998,0.09
305,2,18,474,1999,0.09
305,2,18,474,2000,0.09
305,2,18,474,2001,0.08
305,2,18,474,2002,0.08
305,2,18,474,2003,0.08
305,2,18,474,2004,0.08
305,2,18,474,2005,0.07
305,2,18,474,2006,0.07
305,2,18,474,2007,0.07
305,2,18,474,2008,0.07
305,2,18,474,2009,0.07
305,2,18,474,2010,0.07
305,2,18,474,2011,0.07
305,2,18,474,2012,0.07
305,2,18,474,2013,0.07
305,2,18,474,2014,0.07
305,2,18,474,2015,0.07
305,2,18,474,2016,0.08
305,2,18,474,2017,0.08
305,2,19,474,1990,0.11
305,2,19,474,1991,0.11
305,2,19,474,1992,0.11
305,2,19,474,1993,0.11
305,2,19,474,1994,0.11
305,2,19,474,1995,0.11
305,2,19,474,1996,0.11
305,2,19,474,1997,0.12
305,2,19,474,1998,0.13
305,2,19,474,1999,0.13
305,2,19,474,2000,0.13
305,2,19,474,2001,0.13
305,2,19,474,2002,0.13
305,2,19,474,2003,0.13
305,2,19,474,2004,0.12
305,2,19,474,2005,0.12
305,2,19,474,2006,0.11
305,2,19,474,2007,0.11
305,2,19,474,2008,0.11
305,2,19,474,2009,0.11
305,2,19,474,2010,0.11
305,2,19,474,2011,0.11
305,2,19,474,2012,0.11
305,2,19,474,2013,0.11
305,2,19,474,2014,0.11
305,2,19,474,2015,0.11
305,2,19,474,2016,0.11
305,2,19,474,2017,0.12
305,2,20,474,1990,0.15
305,2,20,474,1991,0.14
305,2,20,474,1992,0.14
305,2,20,474,1993,0.14
305,2,20,474,1994,0.14
305,2,20,474,1995,0.14
305,2,20,474,1996,0.14
305,2,20,474,1997,0.15
305,2,20,474,1998,0.16
305,2,20,474,1999,0.17
305,2,20,474,2000,0.17
305,2,20,474,2001,0.18
305,2,20,474,2002,0.18
305,2,20,474,2003,0.19
305,2,20,474,2004,0.18
305,2,20,474,2005,0.18
305,2,20,474,2006,0.18
305,2,20,474,2007,0.17
305,2,20,474,2008,0.17
305,2,20,474,2009,0.17
305,2,20,474,2010,0.16
305,2,20,474,2011,0.16
305,2,20,474,2012,0.16
305,2,20,474,2013,0.16
305,2,20,474,2014,0.16
305,2,20,474,2015,0.16
305,2,20,474,2016,0.17
305,2,20,474,2017,0.17
305,2,22,474,1990,0.81
305,2,22,474,1991,0.82
305,2,22,474,1992,0.83
305,2,22,474,1993,0.82
305,2,22,474,1994,0.82
305,2,22,474,1995,0.84
305,2,22,474,1996,0.84
305,2,22,474,1997,0.88
305,2,22,474,1998,0.94
305,2,22,474,1999,0.97
305,2,22,474,2000,0.97
305,2,22,474,2001,0.99
305,2,22,474,2002,1.02
305,2,22,474,2003,1.04
305,2,22,474,2004,1.02
305,2,22,474,2005,1
305,2,22,474,2006,1
305,2,22,474,2007,1
305,2,22,474,2008,1.02
305,2,22,474,2009,1.02
305,2,22,474,2010,1.03
305,2,22,474,2011,1.04
305,2,22,474,2012,1.05
305,2,22,474,2013,1.07
305,2,22,474,2014,1.1
305,2,22,474,2015,1.13
305,2,22,474,2016,1.16
305,2,22,474,2017,1.2
305,2,30,474,1990,0.14
305,2,30,474,1991,0.14
305,2,30,474,1992,0.14
305,2,30,474,1993,0.14
305,2,30,474,1994,0.14
305,2,30,474,1995,0.14
305,2,30,474,1996,0.14
305,2,30,474,1997,0.15
305,2,30,474,1998,0.17
305,2,30,474,1999,0.17
305,2,30,474,2000,0.17
305,2,30,474,2001,0.18
305,2,30,474,2002,0.19
305,2,30,474,2003,0.2
305,2,30,474,2004,0.2
305,2,30,474,2005,0.2
305,2,30,474,2006,0.2
305,2,30,474,2007,0.2
305,2,30,474,2008,0.21
305,2,30,474,2009,0.2
305,2,30,474,2010,0.21
305,2,30,474,2011,0.21
305,2,30,474,2012,0.21
305,2,30,474,2013,0.21
305,2,30,474,2014,0.21
305,2,30,474,2015,0.22
305,2,30,474,2016,0.22
305,2,30,474,2017,0.22
305,2,31,474,1990,0.1
305,2,31,474,1991,0.1
305,2,31,474,1992,0.11
305,2,31,474,1993,0.11
305,2,31,474,1994,0.11
305,2,31,474,1995,0.11
305,2,31,474,1996,0.12
305,2,31,474,1997,0.13
305,2,31,474,1998,0.14
305,2,31,474,1999,0.14
305,2,31,474,2000,0.14
305,2,31,474,2001,0.15
305,2,31,474,2002,0.16
305,2,31,474,2003,0.16
305,2,31,474,2004,0.16
305,2,31,474,2005,0.17
305,2,31,474,2006,0.17
305,2,31,474,2007,0.18
305,2,31,474,2008,0.18
305,2,31,474,2009,0.19
305,2,31,474,2010,0.19
305,2,31,474,2011,0.2
305,2,31,474,2012,0.2
305,2,31,474,2013,0.21
305,2,31,474,2014,0.22
305,2,31,474,2015,0.22
305,2,31,474,2016,0.23
305,2,31,474,2017,0.24
305,2,32,474,1990,0.05
305,2,32,474,1991,0.06
305,2,32,474,1992,0.06
305,2,32,474,1993,0.06
305,2,32,474,1994,0.06
305,2,32,474,1995,0.07
305,2,32,474,1996,0.07
305,2,32,474,1997,0.08
305,2,32,474,1998,0.08
305,2,32,474,1999,0.09
305,2,32,474,2000,0.09
305,2,32,474,2001,0.1
305,2,32,474,2002,0.1
305,2,32,474,2003,0.11
305,2,32,474,2004,0.1
305,2,32,474,2005,0.11
305,2,32,474,2006,0.11
305,2,32,474,2007,0.11
305,2,32,474,2008,0.12
305,2,32,474,2009,0.12
305,2,32,474,2010,0.13
305,2,32,474,2011,0.13
305,2,32,474,2012,0.14
305,2,32,474,2013,0.15
305,2,32,474,2014,0.16
305,2,32,474,2015,0.17
305,2,32,474,2016,0.17
305,2,32,474,2017,0.18
305,2,235,474,1990,0.02
305,2,235,474,1991,0.02
305,2,235,474,1992,0.02
305,2,235,474,1993,0.02
305,2,235,474,1994,0.02
305,2,235,474,1995,0.02
305,2,235,474,1996,0.02
305,2,235,474,1997,0.02
305,2,235,474,1998,0.03
305,2,235,474,1999,0.03
305,2,235,474,2000,0.03
305,2,235,474,2001,0.03
305,2,235,474,2002,0.04
305,2,235,474,2003,0.04
305,2,235,474,2004,0.04
305,2,235,474,2005,0.04
305,2,235,474,2006,0.04
305,2,235,474,2007,0.04
305,2,235,474,2008,0.04
305,2,235,474,2009,0.04
305,2,235,474,2010,0.05
305,2,235,474,2011,0.05
305,2,235,474,2012,0.05
305,2,235,474,2013,0.05
305,2,235,474,2014,0.06
305,2,235,474,2015,0.06
305,2,235,474,2016,0.06
305,2,235,474,2017,0.07
349,2,8,474,1990,0
349,2,8,474,1991,0
349,2,8,474,1992,0
349,2,8,474,1993,0
349,2,8,474,1994,0
349,2,8,474,1995,0
349,2,8,474,1996,0
349,2,8,474,1997,0
349,2,8,474,1998,0
349,2,8,474,1999,0
349,2,8,474,2000,0
349,2,8,474,2001,0
349,2,8,474,2002,0
349,2,8,474,2003,0
349,2,8,474,2004,0
349,2,8,474,2005,0
349,2,8,474,2006,0
349,2,8,474,2007,0
349,2,8,474,2008,0
349,2,8,474,2009,0
349,2,8,474,2010,0
349,2,8,474,2011,0
349,2,8,474,2012,0
349,2,8,474,2013,0
349,2,8,474,2014,0
349,2,8,474,2015,0
349,2,8,474,2016,0
349,2,8,474,2017,0
349,2,9,474,1990,0
349,2,9,474,1991,0
349,2,9,474,1992,0
349,2,9,474,1993,0
349,2,9,474,1994,0
349,2,9,474,1995,0
349,2,9,474,1996,0
349,2,9,474,1997,0
349,2,9,474,1998,0
349,2,9,474,1999,0
349,2,9,474,2000,0
349,2,9,474,2001,0
349,2,9,474,2002,0
349,2,9,474,2003,0
349,2,9,474,2004,0
349,2,9,474,2005,0
349,2,9,474,2006,0
349,2,9,474,2007,0
349,2,9,474,2008,0
349,2,9,474,2009,0
349,2,9,474,2010,0
349,2,9,474,2011,0
349,2,9,474,2012,0
349,2,9,474,2013,0
349,2,9,474,2014,0
349,2,9,474,2015,0
349,2,9,474,2016,0
349,2,9,474,2017,0
349,2,10,474,1990,0
349,2,10,474,1991,0
349,2,10,474,1992,0
349,2,10,474,1993,0
349,2,10,474,1994,0
349,2,10,474,1995,0
349,2,10,474,1996,0
349,2,10,474,1997,0
349,2,10,474,1998,0
349,2,10,474,1999,0
349,2,10,474,2000,0
349,2,10,474,2001,0
349,2,10,474,2002,0
349,2,10,474,2003,0
349,2,10,474,2004,0
349,2,10,474,2005,0
349,2,10,474,2006,0
349,2,10,474,2007,0
349,2,10,474,2008,0
349,2,10,474,2009,0
349,2,10,474,2010,0
349,2,10,474,2011,0
349,2,10,474,2012,0
349,2,10,474,2013,0
349,2,10,474,2014,0
349,2,10,474,2015,0
349,2,10,474,2016,0
349,2,10,474,2017,0
349,2,11,474,1990,0
349,2,11,474,1991,0
349,2,11,474,1992,0
349,2,11,474,1993,0
349,2,11,474,1994,0
349,2,11,474,1995,0
349,2,11,474,1996,0
349,2,11,474,1997,0
349,2,11,474,1998,0
349,2,11,474,1999,0
349,2,11,474,2000,0
349,2,11,474,2001,0
349,2,11,474,2002,0
349,2,11,474,2003,0
349,2,11,474,2004,0
349,2,11,474,2005,0
349,2,11,474,2006,0
349,2,11,474,2007,0
349,2,11,474,2008,0
349,2,11,474,2009,0
349,2,11,474,2010,0
349,2,11,474,2011,0
349,2,11,474,2012,0
349,2,11,474,2013,0
349,2,11,474,2014,0
349,2,11,474,2015,0
349,2,11,474,2016,0
349,2,11,474,2017,0
349,2,12,474,1990,0
349,2,12,474,1991,0
349,2,12,474,1992,0
349,2,12,474,1993,0
349,2,12,474,1994,0
349,2,12,474,1995,0
349,2,12,474,1996,0
349,2,12,474,1997,0
349,2,12,474,1998,0
349,2,12,474,1999,0
349,2,12,474,2000,0
349,2,12,474,2001,0
349,2,12,474,2002,0
349,2,12,474,2003,0
349,2,12,474,2004,0
349,2,12,474,2005,0
349,2,12,474,2006,0
349,2,12,474,2007,0
349,2,12,474,2008,0
349,2,12,474,2009,0
349,2,12,474,2010,0
349,2,12,474,2011,0
349,2,12,474,2012,0
349,2,12,474,2013,0
349,2,12,474,2014,0
349,2,12,474,2015,0
349,2,12,474,2016,0
349,2,12,474,2017,0
349,2,13,474,1990,0
349,2,13,474,1991,0
349,2,13,474,1992,0
349,2,13,474,1993,0
349,2,13,474,1994,0.01
349,2,13,474,1995,0.01
349,2,13,474,1996,0.01
349,2,13,474,1997,0.01
349,2,13,474,1998,0.01
349,2,13,474,1999,0.01
349,2,13,474,2000,0.01
349,2,13,474,2001,0.01
349,2,13,474,2002,0.01
349,2,13,474,2003,0.01
349,2,13,474,2004,0.01
349,2,13,474,2005,0.01
349,2,13,474,2006,0.01
349,2,13,474,2007,0.01
349,2,13,474,2008,0.01
349,2,13,474,2009,0.01
349,2,13,474,2010,0
349,2,13,474,2011,0
349,2,13,474,2012,0
349,2,13,474,2013,0
349,2,13,474,2014,0
349,2,13,474,2015,0
349,2,13,474,2016,0
349,2,13,474,2017,0
349,2,14,474,1990,0.01
349,2,14,474,1991,0.01
349,2,14,474,1992,0.01
349,2,14,474,1993,0.01
349,2,14,474,1994,0.01
349,2,14,474,1995,0.01
349,2,14,474,1996,0.01
349,2,14,474,1997,0.01
349,2,14,474,1998,0.01
349,2,14,474,1999,0.01
349,2,14,474,2000,0.01
349,2,14,474,2001,0.01
349,2,14,474,2002,0.01
349,2,14,474,2003,0.01
349,2,14,474,2004,0.01
349,2,14,474,2005,0.01
349,2,14,474,2006,0.01
349,2,14,474,2007,0.01
349,2,14,474,2008,0.01
349,2,14,474,2009,0.01
349,2,14,474,2010,0.01
349,2,14,474,2011,0.01
349,2,14,474,2012,0.01
349,2,14,474,2013,0.01
349,2,14,474,2014,0.01
349,2,14,474,2015,0.01
349,2,14,474,2016,0.01
349,2,14,474,2017,0.01
349,2,15,474,1990,0.02
349,2,15,474,1991,0.02
349,2,15,474,1992,0.02
349,2,15,474,1993,0.02
349,2,15,474,1994,0.02
349,2,15,474,1995,0.02
349,2,15,474,1996,0.02
349,2,15,474,1997,0.02
349,2,15,474,1998,0.02
349,2,15,474,1999,0.02
349,2,15,474,2000,0.01
349,2,15,474,2001,0.01
349,2,15,474,2002,0.01
349,2,15,474,2003,0.01
349,2,15,474,2004,0.01
349,2,15,474,2005,0.02
349,2,15,474,2006,0.02
349,2,15,474,2007,0.02
349,2,15,474,2008,0.02
349,2,15,474,2009,0.02
349,2,15,474,2010,0.02
349,2,15,474,2011,0.02
349,2,15,474,2012,0.02
349,2,15,474,2013,0.02
349,2,15,474,2014,0.02
349,2,15,474,2015,0.02
349,2,15,474,2016,0.02
349,2,15,474,2017,0.02
349,2,16,474,1990,0.03
349,2,16,474,1991,0.03
349,2,16,474,1992,0.03
349,2,16,474,1993,0.03
349,2,16,474,1994,0.02
349,2,16,474,1995,0.02
349,2,16,474,1996,0.02
349,2,16,474,1997,0.03
349,2,16,474,1998,0.03
349,2,16,474,1999,0.03
349,2,16,474,2000,0.03
349,2,16,474,2001,0.03
349,2,16,474,2002,0.02
349,2,16,474,2003,0.02
349,2,16,474,2004,0.02
349,2,16,474,2005,0.02
349,2,16,474,2006,0.02
349,2,16,474,2007,0.02
349,2,16,474,2008,0.02
349,2,16,474,2009,0.02
349,2,16,474,2010,0.02
349,2,16,474,2011,0.02
349,2,16,474,2012,0.02
349,2,16,474,2013,0.03
349,2,16,474,2014,0.03
349,2,16,474,2015,0.03
349,2,16,474,2016,0.03
349,2,16,474,2017,0.03
349,2,17,474,1990,0.03
349,2,17,474,1991,0.03
349,2,17,474,1992,0.03
349,2,17,474,1993,0.03
349,2,17,474,1994,0.03
349,2,17,474,1995,0.03
349,2,17,474,1996,0.03
349,2,17,474,1997,0.03
349,2,17,474,1998,0.03
349,2,17,474,1999,0.03
349,2,17,474,2000,0.02
349,2,17,474,2001,0.02
349,2,17,474,2002,0.02
349,2,17,474,2003,0.02
349,2,17,474,2004,0.02
349,2,17,474,2005,0.02
349,2,17,474,2006,0.02
349,2,17,474,2007,0.02
349,2,17,474,2008,0.02
349,2,17,474,2009,0.02
349,2,17,474,2010,0.02
349,2,17,474,2011,0.02
349,2,17,474,2012,0.02
349,2,17,474,2013,0.02
349,2,17,474,2014,0.03
349,2,17,474,2015,0.03
349,2,17,474,2016,0.03
349,2,17,474,2017,0.03
349,2,18,474,1990,0.03
349,2,18,474,1991,0.04
349,2,18,474,1992,0.04
349,2,18,474,1993,0.04
349,2,18,474,1994,0.04
349,2,18,474,1995,0.05
349,2,18,474,1996,0.05
349,2,18,474,1997,0.05
349,2,18,474,1998,0.05
349,2,18,474,1999,0.05
349,2,18,474,2000,0.04
349,2,18,474,2001,0.04
349,2,18,474,2002,0.04
349,2,18,474,2003,0.04
349,2,18,474,2004,0.03
349,2,18,474,2005,0.03
349,2,18,474,2006,0.03
349,2,18,474,2007,0.03
349,2,18,474,2008,0.03
349,2,18,474,2009,0.04
349,2,18,474,2010,0.04
349,2,18,474,2011,0.04
349,2,18,474,2012,0.04
349,2,18,474,2013,0.04
349,2,18,474,2014,0.03
349,2,18,474,2015,0.03
349,2,18,474,2016,0.03
349,2,18,474,2017,0.03
349,2,19,474,1990,0.05
349,2,19,474,1991,0.05
349,2,19,474,1992,0.05
349,2,19,474,1993,0.05
349,2,19,474,1994,0.05
349,2,19,474,1995,0.05
349,2,19,474,1996,0.05
349,2,19,474,1997,0.06
349,2,19,474,1998,0.06
349,2,19,474,1999,0.05
349,2,19,474,2000,0.06
349,2,19,474,2001,0.06
349,2,19,474,2002,0.05
349,2,19,474,2003,0.05
349,2,19,474,2004,0.05
349,2,19,474,2005,0.05
349,2,19,474,2006,0.05
349,2,19,474,2007,0.05
349,2,19,474,2008,0.05
349,2,19,474,2009,0.05
349,2,19,474,2010,0.05
349,2,19,474,2011,0.05
349,2,19,474,2012,0.05
349,2,19,474,2013,0.05
349,2,19,474,2014,0.06
349,2,19,474,2015,0.06
349,2,19,474,2016,0.06
349,2,19,474,2017,0.05
349,2,20,474,1990,0.06
349,2,20,474,1991,0.06
349,2,20,474,1992,0.06
349,2,20,474,1993,0.07
349,2,20,474,1994,0.07
349,2,20,474,1995,0.07
349,2,20,474,1996,0.06
349,2,20,474,1997,0.07
349,2,20,474,1998,0.06
349,2,20,474,1999,0.06
349,2,20,474,2000,0.05
349,2,20,474,2001,0.05
349,2,20,474,2002,0.05
349,2,20,474,2003,0.06
349,2,20,474,2004,0.06
349,2,20,474,2005,0.06
349,2,20,474,2006,0.07
349,2,20,474,2007,0.07
349,2,20,474,2008,0.07
349,2,20,474,2009,0.07
349,2,20,474,2010,0.07
349,2,20,474,2011,0.07
349,2,20,474,2012,0.07
349,2,20,474,2013,0.07
349,2,20,474,2014,0.07
349,2,20,474,2015,0.07
349,2,20,474,2016,0.07
349,2,20,474,2017,0.07
349,2,22,474,1990,0.32
349,2,22,474,1991,0.33
349,2,22,474,1992,0.34
349,2,22,474,1993,0.35
349,2,22,474,1994,0.35
349,2,22,474,1995,0.36
349,2,22,474,1996,0.36
349,2,22,474,1997,0.38
349,2,22,474,1998,0.38
349,2,22,474,1999,0.35
349,2,22,474,2000,0.33
349,2,22,474,2001,0.32
349,2,22,474,2002,0.31
349,2,22,474,2003,0.32
349,2,22,474,2004,0.31
349,2,22,474,2005,0.31
349,2,22,474,2006,0.32
349,2,22,474,2007,0.33
349,2,22,474,2008,0.35
349,2,22,474,2009,0.36
349,2,22,474,2010,0.36
349,2,22,474,2011,0.37
349,2,22,474,2012,0.39
349,2,22,474,2013,0.4
349,2,22,474,2014,0.41
349,2,22,474,2015,0.41
349,2,22,474,2016,0.42
349,2,22,474,2017,0.42
349,2,30,474,1990,0.06
349,2,30,474,1991,0.05
349,2,30,474,1992,0.05
349,2,30,474,1993,0.05
349,2,30,474,1994,0.05
349,2,30,474,1995,0.05
349,2,30,474,1996,0.05
349,2,30,474,1997,0.06
349,2,30,474,1998,0.06
349,2,30,474,1999,0.06
349,2,30,474,2000,0.05
349,2,30,474,2001,0.05
349,2,30,474,2002,0.05
349,2,30,474,2003,0.04
349,2,30,474,2004,0.04
349,2,30,474,2005,0.04
349,2,30,474,2006,0.04
349,2,30,474,2007,0.05
349,2,30,474,2008,0.06
349,2,30,474,2009,0.06
349,2,30,474,2010,0.07
349,2,30,474,2011,0.08
349,2,30,474,2012,0.08
349,2,30,474,2013,0.08
349,2,30,474,2014,0.08
349,2,30,474,2015,0.08
349,2,30,474,2016,0.07
349,2,30,474,2017,0.07
349,2,31,474,1990,0.03
349,2,31,474,1991,0.03
349,2,31,474,1992,0.03
349,2,31,474,1993,0.03
349,2,31,474,1994,0.04
349,2,31,474,1995,0.04
349,2,31,474,1996,0.04
349,2,31,474,1997,0.04
349,2,31,474,1998,0.04
349,2,31,474,1999,0.04
349,2,31,474,2000,0.03
349,2,31,474,2001,0.03
349,2,31,474,2002,0.03
349,2,31,474,2003,0.04
349,2,31,474,2004,0.04
349,2,31,474,2005,0.03
349,2,31,474,2006,0.04
349,2,31,474,2007,0.04
349,2,31,474,2008,0.04
349,2,31,474,2009,0.04
349,2,31,474,2010,0.04
349,2,31,474,2011,0.04
349,2,31,474,2012,0.05
349,2,31,474,2013,0.05
349,2,31,474,2014,0.06
349,2,31,474,2015,0.07
349,2,31,474,2016,0.07
349,2,31,474,2017,0.07
349,2,32,474,1990,0.01
349,2,32,474,1991,0.01
349,2,32,474,1992,0.01
349,2,32,474,1993,0.01
349,2,32,474,1994,0.01
349,2,32,474,1995,0.01
349,2,32,474,1996,0.01
349,2,32,474,1997,0.01
349,2,32,474,1998,0.02
349,2,32,474,1999,0.02
349,2,32,474,2000,0.02
349,2,32,474,2001,0.01
349,2,32,474,2002,0.01
349,2,32,474,2003,0.01
349,2,32,474,2004,0.01
349,2,32,474,2005,0.01
349,2,32,474,2006,0.02
349,2,32,474,2007,0.02
349,2,32,474,2008,0.02
349,2,32,474,2009,0.02
349,2,32,474,2010,0.02
349,2,32,474,2011,0.02
349,2,32,474,2012,0.02
349,2,32,474,2013,0.02
349,2,32,474,2014,0.02
349,2,32,474,2015,0.02
349,2,32,474,2016,0.02
349,2,32,474,2017,0.03
349,2,235,474,1990,0
349,2,235,474,1991,0
349,2,235,474,1992,0
349,2,235,474,1993,0
349,2,235,474,1994,0
349,2,235,474,1995,0
349,2,235,474,1996,0
349,2,235,474,1997,0
349,2,235,474,1998,0
349,2,235,474,1999,0
349,2,235,474,2000,0
349,2,235,474,2001,0
349,2,235,474,2002,0
349,2,235,474,2003,0
349,2,235,474,2004,0
349,2,235,474,2005,0
349,2,235,474,2006,0
349,2,235,474,2007,0
349,2,235,474,2008,0
349,2,235,474,2009,0
349,2,235,474,2010,0
349,2,235,474,2011,0
349,2,235,474,2012,0
349,2,235,474,2013,0
349,2,235,474,2014,0
349,2,235,474,2015,0
349,2,235,474,2016,0
349,2,235,474,2017,0.01
351,2,8,474,1990,0
351,2,8,474,1991,0
351,2,8,474,1992,0
351,2,8,474,1993,0
351,2,8,474,1994,0
351,2,8,474,1995,0
351,2,8,474,1996,0
351,2,8,474,1997,0
351,2,8,474,1998,0
351,2,8,474,1999,0
351,2,8,474,2000,0
351,2,8,474,2001,0
351,2,8,474,2002,0
351,2,8,474,2003,0
351,2,8,474,2004,0
351,2,8,474,2005,0
351,2,8,474,2006,0
351,2,8,474,2007,0
351,2,8,474,2008,0
351,2,8,474,2009,0
351,2,8,474,2010,0
351,2,8,474,2011,0
351,2,8,474,2012,0
351,2,8,474,2013,0
351,2,8,474,2014,0
351,2,8,474,2015,0
351,2,8,474,2016,0
351,2,8,474,2017,0
351,2,9,474,1990,0
351,2,9,474,1991,0
351,2,9,474,1992,0
351,2,9,474,1993,0
351,2,9,474,1994,0
351,2,9,474,1995,0
351,2,9,474,1996,0
351,2,9,474,1997,0
351,2,9,474,1998,0
351,2,9,474,1999,0
351,2,9,474,2000,0
351,2,9,474,2001,0
351,2,9,474,2002,0
351,2,9,474,2003,0
351,2,9,474,2004,0
351,2,9,474,2005,0
351,2,9,474,2006,0
351,2,9,474,2007,0
351,2,9,474,2008,0
351,2,9,474,2009,0
351,2,9,474,2010,0
351,2,9,474,2011,0
351,2,9,474,2012,0
351,2,9,474,2013,0
351,2,9,474,2014,0
351,2,9,474,2015,0
351,2,9,474,2016,0
351,2,9,474,2017,0
351,2,10,474,1990,0
351,2,10,474,1991,0
351,2,10,474,1992,0
351,2,10,474,1993,0
351,2,10,474,1994,0
351,2,10,474,1995,0
351,2,10,474,1996,0
351,2,10,474,1997,0
351,2,10,474,1998,0
351,2,10,474,1999,0
351,2,10,474,2000,0
351,2,10,474,2001,0
351,2,10,474,2002,0
351,2,10,474,2003,0
351,2,10,474,2004,0
351,2,10,474,2005,0
351,2,10,474,2006,0
351,2,10,474,2007,0
351,2,10,474,2008,0
351,2,10,474,2009,0
351,2,10,474,2010,0
351,2,10,474,2011,0
351,2,10,474,2012,0
351,2,10,474,2013,0
351,2,10,474,2014,0
351,2,10,474,2015,0
351,2,10,474,2016,0
351,2,10,474,2017,0
351,2,11,474,1990,0
351,2,11,474,1991,0
351,2,11,474,1992,0
351,2,11,474,1993,0
351,2,11,474,1994,0
351,2,11,474,1995,0
351,2,11,474,1996,0
351,2,11,474,1997,0
351,2,11,474,1998,0
351,2,11,474,1999,0
351,2,11,474,2000,0
351,2,11,474,2001,0
351,2,11,474,2002,0
351,2,11,474,2003,0
351,2,11,474,2004,0
351,2,11,474,2005,0
351,2,11,474,2006,0
351,2,11,474,2007,0
351,2,11,474,2008,0
351,2,11,474,2009,0
351,2,11,474,2010,0
351,2,11,474,2011,0
351,2,11,474,2012,0
351,2,11,474,2013,0
351,2,11,474,2014,0
351,2,11,474,2015,0
351,2,11,474,2016,0
351,2,11,474,2017,0
351,2,12,474,1990,0
351,2,12,474,1991,0
351,2,12,474,1992,0
351,2,12,474,1993,0
351,2,12,474,1994,0
351,2,12,474,1995,0
351,2,12,474,1996,0
351,2,12,474,1997,0
351,2,12,474,1998,0
351,2,12,474,1999,0.01
351,2,12,474,2000,0.01
351,2,12,474,2001,0.01
351,2,12,474,2002,0.01
351,2,12,474,2003,0.01
351,2,12,474,2004,0.01
351,2,12,474,2005,0.01
351,2,12,474,2006,0.01
351,2,12,474,2007,0.01
351,2,12,474,2008,0.01
351,2,12,474,2009,0.01
351,2,12,474,2010,0.01
351,2,12,474,2011,0.01
351,2,12,474,2012,0.01
351,2,12,474,2013,0.01
351,2,12,474,2014,0.01
351,2,12,474,2015,0.01
351,2,12,474,2016,0.01
351,2,12,474,2017,0.01
351,2,13,474,1990,0.01
351,2,13,474,1991,0.01
351,2,13,474,1992,0.01
351,2,13,474,1993,0.01
351,2,13,474,1994,0.01
351,2,13,474,1995,0.01
351,2,13,474,1996,0.01
351,2,13,474,1997,0.01
351,2,13,474,1998,0.01
351,2,13,474,1999,0.01
351,2,13,474,2000,0.01
351,2,13,474,2001,0.01
351,2,13,474,2002,0.01
351,2,13,474,2003,0.01
351,2,13,474,2004,0.01
351,2,13,474,2005,0.02
351,2,13,474,2006,0.02
351,2,13,474,2007,0.02
351,2,13,474,2008,0.02
351,2,13,474,2009,0.02
351,2,13,474,2010,0.02
351,2,13,474,2011,0.02
351,2,13,474,2012,0.02
351,2,13,474,2013,0.02
351,2,13,474,2014,0.02
351,2,13,474,2015,0.02
351,2,13,474,2016,0.02
351,2,13,474,2017,0.02
351,2,14,474,1990,0
351,2,14,474,1991,0.01
351,2,14,474,1992,0.01
351,2,14,474,1993,0.01
351,2,14,474,1994,0.01
351,2,14,474,1995,0.01
351,2,14,474,1996,0.01
351,2,14,474,1997,0.01
351,2,14,474,1998,0.01
351,2,14,474,1999,0.01
351,2,14,474,2000,0.01
351,2,14,474,2001,0.01
351,2,14,474,2002,0.01
351,2,14,474,2003,0.01
351,2,14,474,2004,0.01
351,2,14,474,2005,0.02
351,2,14,474,2006,0.02
351,2,14,474,2007,0.02
351,2,14,474,2008,0.02
351,2,14,474,2009,0.02
351,2,14,474,2010,0.02
351,2,14,474,2011,0.02
351,2,14,474,2012,0.02
351,2,14,474,2013,0.02
351,2,14,474,2014,0.02
351,2,14,474,2015,0.02
351,2,14,474,2016,0.02
351,2,14,474,2017,0.02
351,2,15,474,1990,0.02
351,2,15,474,1991,0.02
351,2,15,474,1992,0.02
351,2,15,474,1993,0.02
351,2,15,474,1994,0.02
351,2,15,474,1995,0.02
351,2,15,474,1996,0.02
351,2,15,474,1997,0.02
351,2,15,474,1998,0.02
351,2,15,474,1999,0.02
351,2,15,474,2000,0.03
351,2,15,474,2001,0.03
351,2,15,474,2002,0.03
351,2,15,474,2003,0.04
351,2,15,474,2004,0.04
351,2,15,474,2005,0.04
351,2,15,474,2006,0.05
351,2,15,474,2007,0.05
351,2,15,474,2008,0.05
351,2,15,474,2009,0.05
351,2,15,474,2010,0.05
351,2,15,474,2011,0.05
351,2,15,474,2012,0.05
351,2,15,474,2013,0.05
351,2,15,474,2014,0.06
351,2,15,474,2015,0.06
351,2,15,474,2016,0.06
351,2,15,474,2017,0.06
351,2,16,474,1990,0.02
351,2,16,474,1991,0.02
351,2,16,474,1992,0.02
351,2,16,474,1993,0.02
351,2,16,474,1994,0.02
351,2,16,474,1995,0.03
351,2,16,474,1996,0.03
351,2,16,474,1997,0.03
351,2,16,474,1998,0.03
351,2,16,474,1999,0.03
351,2,16,474,2000,0.03
351,2,16,474,2001,0.03
351,2,16,474,2002,0.03
351,2,16,474,2003,0.04
351,2,16,474,2004,0.04
351,2,16,474,2005,0.05
351,2,16,474,2006,0.05
351,2,16,474,2007,0.05
351,2,16,474,2008,0.06
351,2,16,474,2009,0.06
351,2,16,474,2010,0.06
351,2,16,474,2011,0.06
351,2,16,474,2012,0.06
351,2,16,474,2013,0.06
351,2,16,474,2014,0.07
351,2,16,474,2015,0.07
351,2,16,474,2016,0.07
351,2,16,474,2017,0.07
351,2,17,474,1990,0.03
351,2,17,474,1991,0.03
351,2,17,474,1992,0.03
351,2,17,474,1993,0.03
351,2,17,474,1994,0.04
351,2,17,474,1995,0.04
351,2,17,474,1996,0.04
351,2,17,474,1997,0.04
351,2,17,474,1998,0.04
351,2,17,474,1999,0.04
351,2,17,474,2000,0.04
351,2,17,474,2001,0.04
351,2,17,474,2002,0.04
351,2,17,474,2003,0.04
351,2,17,474,2004,0.04
351,2,17,474,2005,0.05
351,2,17,474,2006,0.05
351,2,17,474,2007,0.05
351,2,17,474,2008,0.06
351,2,17,474,2009,0.07
351,2,17,474,2010,0.07
351,2,17,474,2011,0.08
351,2,17,474,2012,0.08
351,2,17,474,2013,0.08
351,2,17,474,2014,0.09
351,2,17,474,2015,0.09
351,2,17,474,2016,0.09
351,2,17,474,2017,0.09
351,2,18,474,1990,0.03
351,2,18,474,1991,0.03
351,2,18,474,1992,0.03
351,2,18,474,1993,0.03
351,2,18,474,1994,0.03
351,2,18,474,1995,0.03
351,2,18,474,1996,0.03
351,2,18,474,1997,0.04
351,2,18,474,1998,0.04
351,2,18,474,1999,0.04
351,2,18,474,2000,0.04
351,2,18,474,2001,0.05
351,2,18,474,2002,0.05
351,2,18,474,2003,0.05
351,2,18,474,2004,0.05
351,2,18,474,2005,0.05
351,2,18,474,2006,0.05
351,2,18,474,2007,0.05
351,2,18,474,2008,0.05
351,2,18,474,2009,0.06
351,2,18,474,2010,0.06
351,2,18,474,2011,0.06
351,2,18,474,2012,0.06
351,2,18,474,2013,0.07
351,2,18,474,2014,0.08
351,2,18,474,2015,0.09
351,2,18,474,2016,0.09
351,2,18,474,2017,0.09
351,2,19,474,1990,0.03
351,2,19,474,1991,0.03
351,2,19,474,1992,0.03
351,2,19,474,1993,0.04
351,2,19,474,1994,0.04
351,2,19,474,1995,0.04
351,2,19,474,1996,0.04
351,2,19,474,1997,0.04
351,2,19,474,1998,0.04
351,2,19,474,1999,0.04
351,2,19,474,2000,0.05
351,2,19,474,2001,0.05
351,2,19,474,2002,0.06
351,2,19,474,2003,0.05
351,2,19,474,2004,0.06
351,2,19,474,2005,0.06
351,2,19,474,2006,0.07
351,2,19,474,2007,0.07
351,2,19,474,2008,0.07
351,2,19,474,2009,0.08
351,2,19,474,2010,0.08
351,2,19,474,2011,0.08
351,2,19,474,2012,0.09
351,2,19,474,2013,0.09
351,2,19,474,2014,0.09
351,2,19,474,2015,0.1
351,2,19,474,2016,0.1
351,2,19,474,2017,0.1
351,2,20,474,1990,0.03
351,2,20,474,1991,0.03
351,2,20,474,1992,0.03
351,2,20,474,1993,0.03
351,2,20,474,1994,0.03
351,2,20,474,1995,0.04
351,2,20,474,1996,0.04
351,2,20,474,1997,0.04
351,2,20,474,1998,0.04
351,2,20,474,1999,0.04
351,2,20,474,2000,0.05
351,2,20,474,2001,0.05
351,2,20,474,2002,0.06
351,2,20,474,2003,0.06
351,2,20,474,2004,0.06
351,2,20,474,2005,0.07
351,2,20,474,2006,0.07
351,2,20,474,2007,0.08
351,2,20,474,2008,0.08
351,2,20,474,2009,0.09
351,2,20,474,2010,0.1
351,2,20,474,2011,0.1
351,2,20,474,2012,0.11
351,2,20,474,2013,0.11
351,2,20,474,2014,0.12
351,2,20,474,2015,0.12
351,2,20,474,2016,0.12
351,2,20,474,2017,0.12
351,2,22,474,1990,0.23
351,2,22,474,1991,0.24
351,2,22,474,1992,0.24
351,2,22,474,1993,0.25
351,2,22,474,1994,0.26
351,2,22,474,1995,0.27
351,2,22,474,1996,0.28
351,2,22,474,1997,0.29
351,2,22,474,1998,0.3
351,2,22,474,1999,0.32
351,2,22,474,2000,0.36
351,2,22,474,2001,0.37
351,2,22,474,2002,0.39
351,2,22,474,2003,0.41
351,2,22,474,2004,0.45
351,2,22,474,2005,0.5
351,2,22,474,2006,0.52
351,2,22,474,2007,0.54
351,2,22,474,2008,0.57
351,2,22,474,2009,0.62
351,2,22,474,2010,0.65
351,2,22,474,2011,0.68
351,2,22,474,2012,0.71
351,2,22,474,2013,0.74
351,2,22,474,2014,0.79
351,2,22,474,2015,0.85
351,2,22,474,2016,0.85
351,2,22,474,2017,0.86
351,2,30,474,1990,0.03
351,2,30,474,1991,0.03
351,2,30,474,1992,0.03
351,2,30,474,1993,0.03
351,2,30,474,1994,0.03
351,2,30,474,1995,0.03
351,2,30,474,1996,0.03
351,2,30,474,1997,0.03
351,2,30,474,1998,0.03
351,2,30,474,1999,0.04
351,2,30,474,2000,0.04
351,2,30,474,2001,0.04
351,2,30,474,2002,0.04
351,2,30,474,2003,0.05
351,2,30,474,2004,0.05
351,2,30,474,2005,0.06
351,2,30,474,2006,0.06
351,2,30,474,2007,0.06
351,2,30,474,2008,0.07
351,2,30,474,2009,0.08
351,2,30,474,2010,0.08
351,2,30,474,2011,0.09
351,2,30,474,2012,0.1
351,2,30,474,2013,0.1
351,2,30,474,2014,0.11
351,2,30,474,2015,0.12
351,2,30,474,2016,0.12
351,2,30,474,2017,0.12
351,2,31,474,1990,0.01
351,2,31,474,1991,0.02
351,2,31,474,1992,0.02
351,2,31,474,1993,0.02
351,2,31,474,1994,0.02
351,2,31,474,1995,0.02
351,2,31,474,1996,0.02
351,2,31,474,1997,0.02
351,2,31,474,1998,0.02
351,2,31,474,1999,0.02
351,2,31,474,2000,0.02
351,2,31,474,2001,0.02
351,2,31,474,2002,0.02
351,2,31,474,2003,0.03
351,2,31,474,2004,0.03
351,2,31,474,2005,0.03
351,2,31,474,2006,0.03
351,2,31,474,2007,0.03
351,2,31,474,2008,0.03
351,2,31,474,2009,0.04
351,2,31,474,2010,0.04
351,2,31,474,2011,0.05
351,2,31,474,2012,0.05
351,2,31,474,2013,0.06
351,2,31,474,2014,0.06
351,2,31,474,2015,0.07
351,2,31,474,2016,0.07
351,2,31,474,2017,0.07
351,2,32,474,1990,0
351,2,32,474,1991,0
351,2,32,474,1992,0.01
351,2,32,474,1993,0.01
351,2,32,474,1994,0.01
351,2,32,474,1995,0.01
351,2,32,474,1996,0.01
351,2,32,474,1997,0.01
351,2,32,474,1998,0.01
351,2,32,474,1999,0.01
351,2,32,474,2000,0.01
351,2,32,474,2001,0.01
351,2,32,474,2002,0.01
351,2,32,474,2003,0.01
351,2,32,474,2004,0.01
351,2,32,474,2005,0.01
351,2,32,474,2006,0.01
351,2,32,474,2007,0.01
351,2,32,474,2008,0.01
351,2,32,474,2009,0.01
351,2,32,474,2010,0.02
351,2,32,474,2011,0.02
351,2,32,474,2012,0.02
351,2,32,474,2013,0.02
351,2,32,474,2014,0.02
351,2,32,474,2015,0.02
351,2,32,474,2016,0.02
351,2,32,474,2017,0.02
351,2,235,474,1990,0.01
351,2,235,474,1991,0.01
351,2,235,474,1992,0.01
351,2,235,474,1993,0.01
351,2,235,474,1994,0.01
351,2,235,474,1995,0.01
351,2,235,474,1996,0.01
351,2,235,474,1997,0.01
351,2,235,474,1998,0.01
351,2,235,474,1999,0.01
351,2,235,474,2000,0.01
351,2,235,474,2001,0.01
351,2,235,474,2002,0.02
351,2,235,474,2003,0.02
351,2,235,474,2004,0.02
351,2,235,474,2005,0.03
351,2,235,474,2006,0.03
351,2,235,474,2007,0.03
351,2,235,474,2008,0.04
351,2,235,474,2009,0.04
351,2,235,474,2010,0.04
351,2,235,474,2011,0.04
351,2,235,474,2012,0.05
351,2,235,474,2013,0.05
351,2,235,474,2014,0.05
351,2,235,474,2015,0.06
351,2,235,474,2016,0.06
351,2,235,474,2017,0.06
376,2,8,474,1990,0
376,2,8,474,1991,0
376,2,8,474,1992,0
376,2,8,474,1993,0
376,2,8,474,1994,0
376,2,8,474,1995,0
376,2,8,474,1996,0
376,2,8,474,1997,0
376,2,8,474,1998,0
376,2,8,474,1999,0
376,2,8,474,2000,0
376,2,8,474,2001,0
376,2,8,474,2002,0
376,2,8,474,2003,0
376,2,8,474,2004,0
376,2,8,474,2005,0
376,2,8,474,2006,0
376,2,8,474,2007,0
376,2,8,474,2008,0
376,2,8,474,2009,0
376,2,8,474,2010,0
376,2,8,474,2011,0
376,2,8,474,2012,0
376,2,8,474,2013,0
376,2,8,474,2014,0
376,2,8,474,2015,0
376,2,8,474,2016,0
376,2,8,474,2017,0
376,2,9,474,1990,0
376,2,9,474,1991,0
376,2,9,474,1992,0
376,2,9,474,1993,0
376,2,9,474,1994,0
376,2,9,474,1995,0
376,2,9,474,1996,0
376,2,9,474,1997,0
376,2,9,474,1998,0
376,2,9,474,1999,0
376,2,9,474,2000,0
376,2,9,474,2001,0
376,2,9,474,2002,0
376,2,9,474,2003,0
376,2,9,474,2004,0
376,2,9,474,2005,0
376,2,9,474,2006,0
376,2,9,474,2007,0
376,2,9,474,2008,0
376,2,9,474,2009,0
376,2,9,474,2010,0
376,2,9,474,2011,0
376,2,9,474,2012,0
376,2,9,474,2013,0
376,2,9,474,2014,0
376,2,9,474,2015,0
376,2,9,474,2016,0
376,2,9,474,2017,0
376,2,10,474,1990,0
376,2,10,474,1991,0
376,2,10,474,1992,0
376,2,10,474,1993,0
376,2,10,474,1994,0
376,2,10,474,1995,0
376,2,10,474,1996,0
376,2,10,474,1997,0
376,2,10,474,1998,0
376,2,10,474,1999,0
376,2,10,474,2000,0
376,2,10,474,2001,0
376,2,10,474,2002,0
376,2,10,474,2003,0
376,2,10,474,2004,0
376,2,10,474,2005,0
376,2,10,474,2006,0
376,2,10,474,2007,0
376,2,10,474,2008,0
376,2,10,474,2009,0
376,2,10,474,2010,0
376,2,10,474,2011,0
376,2,10,474,2012,0
376,2,10,474,2013,0
376,2,10,474,2014,0
376,2,10,474,2015,0
376,2,10,474,2016,0
376,2,10,474,2017,0
376,2,11,474,1990,0
376,2,11,474,1991,0
376,2,11,474,1992,0
376,2,11,474,1993,0
376,2,11,474,1994,0
376,2,11,474,1995,0
376,2,11,474,1996,0
376,2,11,474,1997,0
376,2,11,474,1998,0
376,2,11,474,1999,0
376,2,11,474,2000,0
376,2,11,474,2001,0
376,2,11,474,2002,0
376,2,11,474,2003,0
376,2,11,474,2004,0
376,2,11,474,2005,0
376,2,11,474,2006,0
376,2,11,474,2007,0
376,2,11,474,2008,0
376,2,11,474,2009,0
376,2,11,474,2010,0
376,2,11,474,2011,0
376,2,11,474,2012,0
376,2,11,474,2013,0
376,2,11,474,2014,0
376,2,11,474,2015,0
376,2,11,474,2016,0
376,2,11,474,2017,0
376,2,12,474,1990,0
376,2,12,474,1991,0
376,2,12,474,1992,0
376,2,12,474,1993,0
376,2,12,474,1994,0
376,2,12,474,1995,0
376,2,12,474,1996,0
376,2,12,474,1997,0
376,2,12,474,1998,0
376,2,12,474,1999,0
376,2,12,474,2000,0.01
376,2,12,474,2001,0.01
376,2,12,474,2002,0.01
376,2,12,474,2003,0.01
376,2,12,474,2004,0.01
376,2,12,474,2005,0.01
376,2,12,474,2006,0.01
376,2,12,474,2007,0
376,2,12,474,2008,0
376,2,12,474,2009,0
376,2,12,474,2010,0.01
376,2,12,474,2011,0.01
376,2,12,474,2012,0.01
376,2,12,474,2013,0.01
376,2,12,474,2014,0
376,2,12,474,2015,0
376,2,12,474,2016,0
376,2,12,474,2017,0
376,2,13,474,1990,0
376,2,13,474,1991,0
376,2,13,474,1992,0.01
376,2,13,474,1993,0.01
376,2,13,474,1994,0.01
376,2,13,474,1995,0
376,2,13,474,1996,0.01
376,2,13,474,1997,0.01
376,2,13,474,1998,0.01
376,2,13,474,1999,0.01
376,2,13,474,2000,0.01
376,2,13,474,2001,0.01
376,2,13,474,2002,0.01
376,2,13,474,2003,0.01
376,2,13,474,2004,0.01
376,2,13,474,2005,0.01
376,2,13,474,2006,0.02
376,2,13,474,2007,0.02
376,2,13,474,2008,0.02
376,2,13,474,2009,0.02
376,2,13,474,2010,0.01
376,2,13,474,2011,0.01
376,2,13,474,2012,0.01
376,2,13,474,2013,0
376,2,13,474,2014,0.01
376,2,13,474,2015,0.01
376,2,13,474,2016,0.01
376,2,13,474,2017,0.01
376,2,14,474,1990,0
376,2,14,474,1991,0
376,2,14,474,1992,0
376,2,14,474,1993,0
376,2,14,474,1994,0
376,2,14,474,1995,0
376,2,14,474,1996,0
376,2,14,474,1997,0
376,2,14,474,1998,0
376,2,14,474,1999,0
376,2,14,474,2000,0.01
376,2,14,474,2001,0.01
376,2,14,474,2002,0.01
376,2,14,474,2003,0.01
376,2,14,474,2004,0.01
376,2,14,474,2005,0.01
376,2,14,474,2006,0.01
376,2,14,474,2007,0.01
376,2,14,474,2008,0.01
376,2,14,474,2009,0.01
376,2,14,474,2010,0.01
376,2,14,474,2011,0.01
376,2,14,474,2012,0.01
376,2,14,474,2013,0.01
376,2,14,474,2014,0.01
376,2,14,474,2015,0.01
376,2,14,474,2016,0.01
376,2,14,474,2017,0.01
376,2,15,474,1990,0.01
376,2,15,474,1991,0.01
376,2,15,474,1992,0.01
376,2,15,474,1993,0.01
376,2,15,474,1994,0.01
376,2,15,474,1995,0
376,2,15,474,1996,0
376,2,15,474,1997,0
376,2,15,474,1998,0
376,2,15,474,1999,0.01
376,2,15,474,2000,0.01
376,2,15,474,2001,0.01
376,2,15,474,2002,0.01
376,2,15,474,2003,0.02
376,2,15,474,2004,0.02
376,2,15,474,2005,0.02
376,2,15,474,2006,0.02
376,2,15,474,2007,0.03
376,2,15,474,2008,0.03
376,2,15,474,2009,0.03
376,2,15,474,2010,0.03
376,2,15,474,2011,0.03
376,2,15,474,2012,0.02
376,2,15,474,2013,0.02
376,2,15,474,2014,0.03
376,2,15,474,2015,0.03
376,2,15,474,2016,0.04
376,2,15,474,2017,0.05
376,2,16,474,1990,0.01
376,2,16,474,1991,0
376,2,16,474,1992,0
376,2,16,474,1993,0
376,2,16,474,1994,0
376,2,16,474,1995,0.01
376,2,16,474,1996,0.01
376,2,16,474,1997,0.01
376,2,16,474,1998,0.01
376,2,16,474,1999,0.01
376,2,16,474,2000,0.01
376,2,16,474,2001,0.01
376,2,16,474,2002,0.01
376,2,16,474,2003,0.01
376,2,16,474,2004,0.01
376,2,16,474,2005,0.02
376,2,16,474,2006,0.02
376,2,16,474,2007,0.02
376,2,16,474,2008,0.03
376,2,16,474,2009,0.03
376,2,16,474,2010,0.03
376,2,16,474,2011,0.03
376,2,16,474,2012,0.03
376,2,16,474,2013,0.04
376,2,16,474,2014,0.04
376,2,16,474,2015,0.04
376,2,16,474,2016,0.04
376,2,16,474,2017,0.04
376,2,17,474,1990,0.01
376,2,17,474,1991,0.01
376,2,17,474,1992,0.01
376,2,17,474,1993,0.01
376,2,17,474,1994,0.01
376,2,17,474,1995,0.01
376,2,17,474,1996,0.01
376,2,17,474,1997,0.01
376,2,17,474,1998,0.01
376,2,17,474,1999,0.01
376,2,17,474,2000,0.01
376,2,17,474,2001,0.01
376,2,17,474,2002,0.01
376,2,17,474,2003,0.01
376,2,17,474,2004,0.01
376,2,17,474,2005,0.01
376,2,17,474,2006,0.01
376,2,17,474,2007,0.01
376,2,17,474,2008,0.01
376,2,17,474,2009,0.02
376,2,17,474,2010,0.02
376,2,17,474,2011,0.03
376,2,17,474,2012,0.03
376,2,17,474,2013,0.03
376,2,17,474,2014,0.03
376,2,17,474,2015,0.04
376,2,17,474,2016,0.04
376,2,17,474,2017,0.05
376,2,18,474,1990,0.01
376,2,18,474,1991,0.01
376,2,18,474,1992,0
376,2,18,474,1993,0
376,2,18,474,1994,0
376,2,18,474,1995,0.01
376,2,18,474,1996,0.01
376,2,18,474,1997,0.01
376,2,18,474,1998,0.01
376,2,18,474,1999,0.01
376,2,18,474,2000,0.01
376,2,18,474,2001,0.01
376,2,18,474,2002,0.01
376,2,18,474,2003,0.01
376,2,18,474,2004,0.01
376,2,18,474,2005,0.01
376,2,18,474,2006,0.01
376,2,18,474,2007,0.02
376,2,18,474,2008,0.02
376,2,18,474,2009,0.02
376,2,18,474,2010,0.01
376,2,18,474,2011,0.01
376,2,18,474,2012,0.01
376,2,18,474,2013,0.01
376,2,18,474,2014,0.02
376,2,18,474,2015,0.03
376,2,18,474,2016,0.03
376,2,18,474,2017,0.04
376,2,19,474,1990,0.01
376,2,19,474,1991,0.01
376,2,19,474,1992,0.01
376,2,19,474,1993,0.01
376,2,19,474,1994,0.01
376,2,19,474,1995,0.01
376,2,19,474,1996,0.01
376,2,19,474,1997,0.01
376,2,19,474,1998,0.01
376,2,19,474,1999,0.01
376,2,19,474,2000,0.01
376,2,19,474,2001,0.01
376,2,19,474,2002,0.01
376,2,19,474,2003,0.02
376,2,19,474,2004,0.02
376,2,19,474,2005,0.02
376,2,19,474,2006,0.02
376,2,19,474,2007,0.02
376,2,19,474,2008,0.02
376,2,19,474,2009,0.02
376,2,19,474,2010,0.02
376,2,19,474,2011,0.03
376,2,19,474,2012,0.03
376,2,19,474,2013,0.03
376,2,19,474,2014,0.03
376,2,19,474,2015,0.03
376,2,19,474,2016,0.03
376,2,19,474,2017,0.02
376,2,20,474,1990,0.01
376,2,20,474,1991,0.01
376,2,20,474,1992,0.01
376,2,20,474,1993,0.01
376,2,20,474,1994,0.01
376,2,20,474,1995,0.01
376,2,20,474,1996,0.01
376,2,20,474,1997,0.01
376,2,20,474,1998,0.01
376,2,20,474,1999,0.01
376,2,20,474,2000,0.01
376,2,20,474,2001,0.01
376,2,20,474,2002,0.01
376,2,20,474,2003,0.01
376,2,20,474,2004,0.02
376,2,20,474,2005,0.02
376,2,20,474,2006,0.02
376,2,20,474,2007,0.02
376,2,20,474,2008,0.02
376,2,20,474,2009,0.03
376,2,20,474,2010,0.03
376,2,20,474,2011,0.02
376,2,20,474,2012,0.02
376,2,20,474,2013,0.02
376,2,20,474,2014,0.03
376,2,20,474,2015,0.03
376,2,20,474,2016,0.04
376,2,20,474,2017,0.04
376,2,22,474,1990,0.07
376,2,22,474,1991,0.07
376,2,22,474,1992,0.07
376,2,22,474,1993,0.07
376,2,22,474,1994,0.07
376,2,22,474,1995,0.07
376,2,22,474,1996,0.08
376,2,22,474,1997,0.08
376,2,22,474,1998,0.08
376,2,22,474,1999,0.09
376,2,22,474,2000,0.11
376,2,22,474,2001,0.11
376,2,22,474,2002,0.12
376,2,22,474,2003,0.14
376,2,22,474,2004,0.15
376,2,22,474,2005,0.18
376,2,22,474,2006,0.19
376,2,22,474,2007,0.2
376,2,22,474,2008,0.21
376,2,22,474,2009,0.22
376,2,22,474,2010,0.23
376,2,22,474,2011,0.23
376,2,22,474,2012,0.24
376,2,22,474,2013,0.25
376,2,22,474,2014,0.27
376,2,22,474,2015,0.3
376,2,22,474,2016,0.31
376,2,22,474,2017,0.33
376,2,30,474,1990,0.01
376,2,30,474,1991,0.01
376,2,30,474,1992,0.01
376,2,30,474,1993,0.01
376,2,30,474,1994,0.01
376,2,30,474,1995,0.01
376,2,30,474,1996,0.01
376,2,30,474,1997,0.01
376,2,30,474,1998,0.01
376,2,30,474,1999,0.01
376,2,30,474,2000,0.01
376,2,30,474,2001,0.01
376,2,30,474,2002,0.01
376,2,30,474,2003,0.02
376,2,30,474,2004,0.02
376,2,30,474,2005,0.02
376,2,30,474,2006,0.02
376,2,30,474,2007,0.02
376,2,30,474,2008,0.02
376,2,30,474,2009,0.02
376,2,30,474,2010,0.02
376,2,30,474,2011,0.02
376,2,30,474,2012,0.02
376,2,30,474,2013,0.03
376,2,30,474,2014,0.03
376,2,30,474,2015,0.03
376,2,30,474,2016,0.03
376,2,30,474,2017,0.03
376,2,31,474,1990,0
376,2,31,474,1991,0
376,2,31,474,1992,0
376,2,31,474,1993,0
376,2,31,474,1994,0.01
376,2,31,474,1995,0.01
376,2,31,474,1996,0.01
376,2,31,474,1997,0.01
376,2,31,474,1998,0.01
376,2,31,474,1999,0.01
376,2,31,474,2000,0.01
376,2,31,474,2001,0.01
376,2,31,474,2002,0.01
376,2,31,474,2003,0.01
376,2,31,474,2004,0.01
376,2,31,474,2005,0.01
376,2,31,474,2006,0.01
376,2,31,474,2007,0.01
376,2,31,474,2008,0.01
376,2,31,474,2009,0.01
376,2,31,474,2010,0.01
376,2,31,474,2011,0.01
376,2,31,474,2012,0.01
376,2,31,474,2013,0.01
376,2,31,474,2014,0.01
376,2,31,474,2015,0.02
376,2,31,474,2016,0.02
376,2,31,474,2017,0.02
376,2,32,474,1990,0
376,2,32,474,1991,0
376,2,32,474,1992,0
376,2,32,474,1993,0
376,2,32,474,1994,0
376,2,32,474,1995,0
376,2,32,474,1996,0
376,2,32,474,1997,0
376,2,32,474,1998,0
376,2,32,474,1999,0
376,2,32,474,2000,0
376,2,32,474,2001,0
376,2,32,474,2002,0
376,2,32,474,2003,0
376,2,32,474,2004,0
376,2,32,474,2005,0
376,2,32,474,2006,0
376,2,32,474,2007,0
376,2,32,474,2008,0
376,2,32,474,2009,0
376,2,32,474,2010,0
376,2,32,474,2011,0.01
376,2,32,474,2012,0.01
376,2,32,474,2013,0.01
376,2,32,474,2014,0.01
376,2,32,474,2015,0.01
376,2,32,474,2016,0.01
376,2,32,474,2017,0.01
376,2,235,474,1990,0
376,2,235,474,1991,0
376,2,235,474,1992,0
376,2,235,474,1993,0
376,2,235,474,1994,0
376,2,235,474,1995,0
376,2,235,474,1996,0
376,2,235,474,1997,0
376,2,235,474,1998,0
376,2,235,474,1999,0
376,2,235,474,2000,0.01
376,2,235,474,2001,0.01
376,2,235,474,2002,0.01
376,2,235,474,2003,0.01
376,2,235,474,2004,0.01
376,2,235,474,2005,0.01
376,2,235,474,2006,0.01
376,2,235,474,2007,0.01
376,2,235,474,2008,0.01
376,2,235,474,2009,0.01
376,2,235,474,2010,0.02
376,2,235,474,2011,0.02
376,2,235,474,2012,0.02
376,2,235,474,2013,0.02
376,2,235,474,2014,0.02
376,2,235,474,2015,0.02
376,2,235,474,2016,0.03
376,2,235,474,2017,0.03
385,2,8,474,1990,0.02
385,2,8,474,1991,0.02
385,2,8,474,1992,0.02
385,2,8,474,1993,0.02
385,2,8,474,1994,0.02
385,2,8,474,1995,0.02
385,2,8,474,1996,0.02
385,2,8,474,1997,0.02
385,2,8,474,1998,0.02
385,2,8,474,1999,0.02
385,2,8,474,2000,0.02
385,2,8,474,2001,0.02
385,2,8,474,2002,0.01
385,2,8,474,2003,0.01
385,2,8,474,2004,0.01
385,2,8,474,2005,0.01
385,2,8,474,2006,0.01
385,2,8,474,2007,0.01
385,2,8,474,2008,0.01
385,2,8,474,2009,0.01
385,2,8,474,2010,0.01
385,2,8,474,2011,0.01
385,2,8,474,2012,0.01
385,2,8,474,2013,0.01
385,2,8,474,2014,0.01
385,2,8,474,2015,0.01
385,2,8,474,2016,0.02
385,2,8,474,2017,0.02
385,2,9,474,1990,0.02
385,2,9,474,1991,0.02
385,2,9,474,1992,0.02
385,2,9,474,1993,0.02
385,2,9,474,1994,0.02
385,2,9,474,1995,0.02
385,2,9,474,1996,0.02
385,2,9,474,1997,0.02
385,2,9,474,1998,0.02
385,2,9,474,1999,0.02
385,2,9,474,2000,0.02
385,2,9,474,2001,0.02
385,2,9,474,2002,0.02
385,2,9,474,2003,0.01
385,2,9,474,2004,0.01
385,2,9,474,2005,0.01
385,2,9,474,2006,0.01
385,2,9,474,2007,0.01
385,2,9,474,2008,0.01
385,2,9,474,2009,0.01
385,2,9,474,2010,0.01
385,2,9,474,2011,0.01
385,2,9,474,2012,0.01
385,2,9,474,2013,0.01
385,2,9,474,2014,0.02
385,2,9,474,2015,0.02
385,2,9,474,2016,0.02
385,2,9,474,2017,0.02
385,2,10,474,1990,0.02
385,2,10,474,1991,0.02
385,2,10,474,1992,0.02
385,2,10,474,1993,0.02
385,2,10,474,1994,0.02
385,2,10,474,1995,0.02
385,2,10,474,1996,0.01
385,2,10,474,1997,0.01
385,2,10,474,1998,0.01
385,2,10,474,1999,0.01
385,2,10,474,2000,0.01
385,2,10,474,2001,0.01
385,2,10,474,2002,0.01
385,2,10,474,2003,0.01
385,2,10,474,2004,0.01
385,2,10,474,2005,0.01
385,2,10,474,2006,0.01
385,2,10,474,2007,0.01
385,2,10,474,2008,0.01
385,2,10,474,2009,0.01
385,2,10,474,2010,0.01
385,2,10,474,2011,0.01
385,2,10,474,2012,0.01
385,2,10,474,2013,0.01
385,2,10,474,2014,0.01
385,2,10,474,2015,0.01
385,2,10,474,2016,0.01
385,2,10,474,2017,0.01
385,2,11,474,1990,0.13
385,2,11,474,1991,0.13
385,2,11,474,1992,0.14
385,2,11,474,1993,0.15
385,2,11,474,1994,0.11
385,2,11,474,1995,0.15
385,2,11,474,1996,0.13
385,2,11,474,1997,0.13
385,2,11,474,1998,0.15
385,2,11,474,1999,0.13
385,2,11,474,2000,0.13
385,2,11,474,2001,0.1
385,2,11,474,2002,0.1
385,2,11,474,2003,0.1
385,2,11,474,2004,0.1
385,2,11,474,2005,0.09
385,2,11,474,2006,0.08
385,2,11,474,2007,0.08
385,2,11,474,2008,0.09
385,2,11,474,2009,0.09
385,2,11,474,2010,0.09
385,2,11,474,2011,0.09
385,2,11,474,2012,0.08
385,2,11,474,2013,0.08
385,2,11,474,2014,0.07
385,2,11,474,2015,0.06
385,2,11,474,2016,0.07
385,2,11,474,2017,0.07
385,2,12,474,1990,0.15
385,2,12,474,1991,0.17
385,2,12,474,1992,0.17
385,2,12,474,1993,0.17
385,2,12,474,1994,0.16
385,2,12,474,1995,0.19
385,2,12,474,1996,0.19
385,2,12,474,1997,0.19
385,2,12,474,1998,0.2
385,2,12,474,1999,0.18
385,2,12,474,2000,0.16
385,2,12,474,2001,0.16
385,2,12,474,2002,0.16
385,2,12,474,2003,0.16
385,2,12,474,2004,0.15
385,2,12,474,2005,0.13
385,2,12,474,2006,0.13
385,2,12,474,2007,0.13
385,2,12,474,2008,0.15
385,2,12,474,2009,0.15
385,2,12,474,2010,0.13
385,2,12,474,2011,0.13
385,2,12,474,2012,0.11
385,2,12,474,2013,0.11
385,2,12,474,2014,0.11
385,2,12,474,2015,0.11
385,2,12,474,2016,0.11
385,2,12,474,2017,0.12
385,2,13,474,1990,0.25
385,2,13,474,1991,0.26
385,2,13,474,1992,0.25
385,2,13,474,1993,0.29
385,2,13,474,1994,0.28
385,2,13,474,1995,0.29
385,2,13,474,1996,0.31
385,2,13,474,1997,0.27
385,2,13,474,1998,0.3
385,2,13,474,1999,0.31
385,2,13,474,2000,0.3
385,2,13,474,2001,0.27
385,2,13,474,2002,0.28
385,2,13,474,2003,0.3
385,2,13,474,2004,0.28
385,2,13,474,2005,0.26
385,2,13,474,2006,0.25
385,2,13,474,2007,0.26
385,2,13,474,2008,0.28
385,2,13,474,2009,0.27
385,2,13,474,2010,0.25
385,2,13,474,2011,0.24
385,2,13,474,2012,0.22
385,2,13,474,2013,0.21
385,2,13,474,2014,0.21
385,2,13,474,2015,0.19
385,2,13,474,2016,0.2
385,2,13,474,2017,0.21
385,2,14,474,1990,0.29
385,2,14,474,1991,0.3
385,2,14,474,1992,0.31
385,2,14,474,1993,0.34
385,2,14,474,1994,0.36
385,2,14,474,1995,0.39
385,2,14,474,1996,0.41
385,2,14,474,1997,0.41
385,2,14,474,1998,0.43
385,2,14,474,1999,0.4
385,2,14,474,2000,0.41
385,2,14,474,2001,0.41
385,2,14,474,2002,0.42
385,2,14,474,2003,0.43
385,2,14,474,2004,0.41
385,2,14,474,2005,0.38
385,2,14,474,2006,0.35
385,2,14,474,2007,0.37
385,2,14,474,2008,0.39
385,2,14,474,2009,0.39
385,2,14,474,2010,0.38
385,2,14,474,2011,0.39
385,2,14,474,2012,0.34
385,2,14,474,2013,0.33
385,2,14,474,2014,0.33
385,2,14,474,2015,0.31
385,2,14,474,2016,0.32
385,2,14,474,2017,0.33
385,2,15,474,1990,0.82
385,2,15,474,1991,0.86
385,2,15,474,1992,0.89
385,2,15,474,1993,0.96
385,2,15,474,1994,1.02
385,2,15,474,1995,1.17
385,2,15,474,1996,1.21
385,2,15,474,1997,1.19
385,2,15,474,1998,1.34
385,2,15,474,1999,1.43
385,2,15,474,2000,1.4
385,2,15,474,2001,1.36
385,2,15,474,2002,1.37
385,2,15,474,2003,1.4
385,2,15,474,2004,1.29
385,2,15,474,2005,1.22
385,2,15,474,2006,1.11
385,2,15,474,2007,1.14
385,2,15,474,2008,1.27
385,2,15,474,2009,1.3
385,2,15,474,2010,1.23
385,2,15,474,2011,1.33
385,2,15,474,2012,1.22
385,2,15,474,2013,1.2
385,2,15,474,2014,1.15
385,2,15,474,2015,1.09
385,2,15,474,2016,1.16
385,2,15,474,2017,1.19
385,2,16,474,1990,1.15
385,2,16,474,1991,1.19
385,2,16,474,1992,1.16
385,2,16,474,1993,1.23
385,2,16,474,1994,1.27
385,2,16,474,1995,1.39
385,2,16,474,1996,1.5
385,2,16,474,1997,1.52
385,2,16,474,1998,1.63
385,2,16,474,1999,1.72
385,2,16,474,2000,1.83
385,2,16,474,2001,1.89
385,2,16,474,2002,1.89
385,2,16,474,2003,1.91
385,2,16,474,2004,1.91
385,2,16,474,2005,1.81
385,2,16,474,2006,1.67
385,2,16,474,2007,1.63
385,2,16,474,2008,1.73
385,2,16,474,2009,1.81
385,2,16,474,2010,1.79
385,2,16,474,2011,1.92
385,2,16,474,2012,1.8
385,2,16,474,2013,1.82
385,2,16,474,2014,1.72
385,2,16,474,2015,1.63
385,2,16,474,2016,1.78
385,2,16,474,2017,1.82
385,2,17,474,1990,1.35
385,2,17,474,1991,1.36
385,2,17,474,1992,1.41
385,2,17,474,1993,1.54
385,2,17,474,1994,1.56
385,2,17,474,1995,1.69
385,2,17,474,1996,1.9
385,2,17,474,1997,1.88
385,2,17,474,1998,1.96
385,2,17,474,1999,1.94
385,2,17,474,2000,1.9
385,2,17,474,2001,1.92
385,2,17,474,2002,1.93
385,2,17,474,2003,1.91
385,2,17,474,2004,1.97
385,2,17,474,2005,2.02
385,2,17,474,2006,2.02
385,2,17,474,2007,2.04
385,2,17,474,2008,2.19
385,2,17,474,2009,2.24
385,2,17,474,2010,2.19
385,2,17,474,2011,2.26
385,2,17,474,2012,2.15
385,2,17,474,2013,2.07
385,2,17,474,2014,1.97
385,2,17,474,2015,1.85
385,2,17,474,2016,2.04
385,2,17,474,2017,2.12
385,2,18,474,1990,2.54
385,2,18,474,1991,2.56
385,2,18,474,1992,2.51
385,2,18,474,1993,2.73
385,2,18,474,1994,2.81
385,2,18,474,1995,3.01
385,2,18,474,1996,3.16
385,2,18,474,1997,3.08
385,2,18,474,1998,3.15
385,2,18,474,1999,3.34
385,2,18,474,2000,3.34
385,2,18,474,2001,3.23
385,2,18,474,2002,3.2
385,2,18,474,2003,3.09
385,2,18,474,2004,3.23
385,2,18,474,2005,3.25
385,2,18,474,2006,3.12
385,2,18,474,2007,3.27
385,2,18,474,2008,3.4
385,2,18,474,2009,3.5
385,2,18,474,2010,3.51
385,2,18,474,2011,3.62
385,2,18,474,2012,3.55
385,2,18,474,2013,3.53
385,2,18,474,2014,3.41
385,2,18,474,2015,3.11
385,2,18,474,2016,3.6
385,2,18,474,2017,3.74
385,2,19,474,1990,4.05
385,2,19,474,1991,4.07
385,2,19,474,1992,4.09
385,2,19,474,1993,4.52
385,2,19,474,1994,4.51
385,2,19,474,1995,4.96
385,2,19,474,1996,5.08
385,2,19,474,1997,5.05
385,2,19,474,1998,5.24
385,2,19,474,1999,5.09
385,2,19,474,2000,5.02
385,2,19,474,2001,4.85
385,2,19,474,2002,4.77
385,2,19,474,2003,4.69
385,2,19,474,2004,4.79
385,2,19,474,2005,4.74
385,2,19,474,2006,4.4
385,2,19,474,2007,4.36
385,2,19,474,2008,4.47
385,2,19,474,2009,4.65
385,2,19,474,2010,4.55
385,2,19,474,2011,4.64
385,2,19,474,2012,4.5
385,2,19,474,2013,4.38
385,2,19,474,2014,4.17
385,2,19,474,2015,4
385,2,19,474,2016,4.7
385,2,19,474,2017,5.12
385,2,20,474,1990,5.75
385,2,20,474,1991,5.7
385,2,20,474,1992,5.65
385,2,20,474,1993,6.09
385,2,20,474,1994,6.25
385,2,20,474,1995,6.81
385,2,20,474,1996,7.11
385,2,20,474,1997,7.21
385,2,20,474,1998,7.88
385,2,20,474,1999,7.59
385,2,20,474,2000,7.39
385,2,20,474,2001,7.73
385,2,20,474,2002,7.49
385,2,20,474,2003,7.68
385,2,20,474,2004,7.71
385,2,20,474,2005,7.27
385,2,20,474,2006,6.73
385,2,20,474,2007,6.85
385,2,20,474,2008,7.25
385,2,20,474,2009,7.45
385,2,20,474,2010,7.36
385,2,20,474,2011,7.54
385,2,20,474,2012,6.9
385,2,20,474,2013,6.87
385,2,20,474,2014,6.79
385,2,20,474,2015,6.44
385,2,20,474,2016,7.33
385,2,20,474,2017,7.75
385,2,22,474,1990,28.73
385,2,22,474,1991,29.89
385,2,22,474,1992,30.56
385,2,22,474,1993,33.29
385,2,22,474,1994,33.59
385,2,22,474,1995,36.73
385,2,22,474,1996,38.67
385,2,22,474,1997,38.68
385,2,22,474,1998,41.18
385,2,22,474,1999,41.7
385,2,22,474,2000,41.67
385,2,22,474,2001,41.78
385,2,22,474,2002,42.91
385,2,22,474,2003,44.21
385,2,22,474,2004,44.04
385,2,22,474,2005,43.51
385,2,22,474,2006,41.61
385,2,22,474,2007,42.84
385,2,22,474,2008,45.81
385,2,22,474,2009,46.2
385,2,22,474,2010,45.99
385,2,22,474,2011,47.59
385,2,22,474,2012,44.98
385,2,22,474,2013,44.49
385,2,22,474,2014,43.62
385,2,22,474,2015,42.28
385,2,22,474,2016,47.53
385,2,22,474,2017,50.13
385,2,30,474,1990,5.28
385,2,30,474,1991,5.7
385,2,30,474,1992,6.07
385,2,30,474,1993,6.73
385,2,30,474,1994,6.89
385,2,30,474,1995,7.67
385,2,30,474,1996,7.89
385,2,30,474,1997,7.67
385,2,30,474,1998,8.11
385,2,30,474,1999,7.99
385,2,30,474,2000,7.97
385,2,30,474,2001,8.08
385,2,30,474,2002,8.56
385,2,30,474,2003,9.02
385,2,30,474,2004,8.95
385,2,30,474,2005,8.85
385,2,30,474,2006,8.51
385,2,30,474,2007,8.53
385,2,30,474,2008,9.26
385,2,30,474,2009,8.87
385,2,30,474,2010,8.52
385,2,30,474,2011,8.71
385,2,30,474,2012,8.2
385,2,30,474,2013,8.15
385,2,30,474,2014,7.96
385,2,30,474,2015,7.83
385,2,30,474,2016,8.9
385,2,30,474,2017,9.44
385,2,31,474,1990,4.23
385,2,31,474,1991,4.67
385,2,31,474,1992,4.86
385,2,31,474,1993,5.18
385,2,31,474,1994,4.87
385,2,31,474,1995,5.24
385,2,31,474,1996,5.74
385,2,31,474,1997,5.97
385,2,31,474,1998,6.22
385,2,31,474,1999,6.78
385,2,31,474,2000,6.95
385,2,31,474,2001,6.87
385,2,31,474,2002,7.21
385,2,31,474,2003,7.38
385,2,31,474,2004,7.09
385,2,31,474,2005,7.22
385,2,31,474,2006,7.01
385,2,31,474,2007,7.41
385,2,31,474,2008,7.91
385,2,31,474,2009,7.85
385,2,31,474,2010,8.31
385,2,31,474,2011,8.74
385,2,31,474,2012,8.15
385,2,31,474,2013,7.88
385,2,31,474,2014,7.8
385,2,31,474,2015,7.76
385,2,31,474,2016,8.55
385,2,31,474,2017,8.97
385,2,32,474,1990,1.98
385,2,32,474,1991,2.13
385,2,32,474,1992,2.24
385,2,32,474,1993,2.52
385,2,32,474,1994,2.65
385,2,32,474,1995,2.9
385,2,32,474,1996,3.15
385,2,32,474,1997,3.22
385,2,32,474,1998,3.59
385,2,32,474,1999,3.78
385,2,32,474,2000,3.79
385,2,32,474,2001,3.81
385,2,32,474,2002,4.22
385,2,32,474,2003,4.62
385,2,32,474,2004,4.59
385,2,32,474,2005,4.56
385,2,32,474,2006,4.4
385,2,32,474,2007,4.71
385,2,32,474,2008,5.06
385,2,32,474,2009,5.17
385,2,32,474,2010,5.17
385,2,32,474,2011,5.37
385,2,32,474,2012,5.21
385,2,32,474,2013,5.34
385,2,32,474,2014,5.37
385,2,32,474,2015,5.48
385,2,32,474,2016,5.98
385,2,32,474,2017,6.29
385,2,235,474,1990,0.72
385,2,235,474,1991,0.75
385,2,235,474,1992,0.75
385,2,235,474,1993,0.8
385,2,235,474,1994,0.79
385,2,235,474,1995,0.82
385,2,235,474,1996,0.84
385,2,235,474,1997,0.83
385,2,235,474,1998,0.93
385,2,235,474,1999,0.98
385,2,235,474,2000,1.01
385,2,235,474,2001,1.05
385,2,235,474,2002,1.26
385,2,235,474,2003,1.47
385,2,235,474,2004,1.53
385,2,235,474,2005,1.65
385,2,235,474,2006,1.78
385,2,235,474,2007,2.05
385,2,235,474,2008,2.32
385,2,235,474,2009,2.41
385,2,235,474,2010,2.48
385,2,235,474,2011,2.56
385,2,235,474,2012,2.5
385,2,235,474,2013,2.49
385,2,235,474,2014,2.53
385,2,235,474,2015,2.4
385,2,235,474,2016,2.73
385,2,235,474,2017,2.92
422,2,8,474,1990,0
422,2,8,474,1991,0
422,2,8,474,1992,0
422,2,8,474,1993,0
422,2,8,474,1994,0
422,2,8,474,1995,0
422,2,8,474,1996,0
422,2,8,474,1997,0
422,2,8,474,1998,0
422,2,8,474,1999,0
422,2,8,474,2000,0
422,2,8,474,2001,0
422,2,8,474,2002,0
422,2,8,474,2003,0
422,2,8,474,2004,0
422,2,8,474,2005,0
422,2,8,474,2006,0
422,2,8,474,2007,0
422,2,8,474,2008,0
422,2,8,474,2009,0
422,2,8,474,2010,0
422,2,8,474,2011,0
422,2,8,474,2012,0
422,2,8,474,2013,0
422,2,8,474,2014,0
422,2,8,474,2015,0
422,2,8,474,2016,0
422,2,8,474,2017,0
422,2,9,474,1990,0
422,2,9,474,1991,0
422,2,9,474,1992,0
422,2,9,474,1993,0
422,2,9,474,1994,0
422,2,9,474,1995,0
422,2,9,474,1996,0
422,2,9,474,1997,0
422,2,9,474,1998,0
422,2,9,474,1999,0
422,2,9,474,2000,0
422,2,9,474,2001,0
422,2,9,474,2002,0
422,2,9,474,2003,0
422,2,9,474,2004,0
422,2,9,474,2005,0
422,2,9,474,2006,0
422,2,9,474,2007,0
422,2,9,474,2008,0
422,2,9,474,2009,0
422,2,9,474,2010,0
422,2,9,474,2011,0
422,2,9,474,2012,0
422,2,9,474,2013,0
422,2,9,474,2014,0
422,2,9,474,2015,0
422,2,9,474,2016,0
422,2,9,474,2017,0
422,2,10,474,1990,0
422,2,10,474,1991,0
422,2,10,474,1992,0
422,2,10,474,1993,0
422,2,10,474,1994,0
422,2,10,474,1995,0
422,2,10,474,1996,0
422,2,10,474,1997,0
422,2,10,474,1998,0
422,2,10,474,1999,0
422,2,10,474,2000,0
422,2,10,474,2001,0
422,2,10,474,2002,0
422,2,10,474,2003,0
422,2,10,474,2004,0
422,2,10,474,2005,0
422,2,10,474,2006,0
422,2,10,474,2007,0
422,2,10,474,2008,0
422,2,10,474,2009,0
422,2,10,474,2010,0
422,2,10,474,2011,0
422,2,10,474,2012,0
422,2,10,474,2013,0
422,2,10,474,2014,0
422,2,10,474,2015,0
422,2,10,474,2016,0
422,2,10,474,2017,0
422,2,11,474,1990,0
422,2,11,474,1991,0
422,2,11,474,1992,0
422,2,11,474,1993,0
422,2,11,474,1994,0
422,2,11,474,1995,0
422,2,11,474,1996,0
422,2,11,474,1997,0
422,2,11,474,1998,0
422,2,11,474,1999,0
422,2,11,474,2000,0
422,2,11,474,2001,0
422,2,11,474,2002,0
422,2,11,474,2003,0
422,2,11,474,2004,0
422,2,11,474,2005,0
422,2,11,474,2006,0
422,2,11,474,2007,0
422,2,11,474,2008,0
422,2,11,474,2009,0
422,2,11,474,2010,0
422,2,11,474,2011,0
422,2,11,474,2012,0
422,2,11,474,2013,0
422,2,11,474,2014,0
422,2,11,474,2015,0
422,2,11,474,2016,0
422,2,11,474,2017,0
422,2,12,474,1990,0
422,2,12,474,1991,0
422,2,12,474,1992,0
422,2,12,474,1993,0
422,2,12,474,1994,0
422,2,12,474,1995,0
422,2,12,474,1996,0
422,2,12,474,1997,0
422,2,12,474,1998,0
422,2,12,474,1999,0
422,2,12,474,2000,0
422,2,12,474,2001,0
422,2,12,474,2002,0
422,2,12,474,2003,0
422,2,12,474,2004,0
422,2,12,474,2005,0
422,2,12,474,2006,0
422,2,12,474,2007,0
422,2,12,474,2008,0
422,2,12,474,2009,0
422,2,12,474,2010,0
422,2,12,474,2011,0
422,2,12,474,2012,0
422,2,12,474,2013,0
422,2,12,474,2014,0
422,2,12,474,2015,0
422,2,12,474,2016,0
422,2,12,474,2017,0
422,2,13,474,1990,0.01
422,2,13,474,1991,0
422,2,13,474,1992,0
422,2,13,474,1993,0
422,2,13,474,1994,0
422,2,13,474,1995,0
422,2,13,474,1996,0
422,2,13,474,1997,0
422,2,13,474,1998,0
422,2,13,474,1999,0
422,2,13,474,2000,0
422,2,13,474,2001,0
422,2,13,474,2002,0
422,2,13,474,2003,0
422,2,13,474,2004,0
422,2,13,474,2005,0
422,2,13,474,2006,0
422,2,13,474,2007,0
422,2,13,474,2008,0
422,2,13,474,2009,0
422,2,13,474,2010,0
422,2,13,474,2011,0
422,2,13,474,2012,0
422,2,13,474,2013,0
422,2,13,474,2014,0
422,2,13,474,2015,0
422,2,13,474,2016,0
422,2,13,474,2017,0
422,2,14,474,1990,0.01
422,2,14,474,1991,0.01
422,2,14,474,1992,0.01
422,2,14,474,1993,0.01
422,2,14,474,1994,0.01
422,2,14,474,1995,0.01
422,2,14,474,1996,0.01
422,2,14,474,1997,0.01
422,2,14,474,1998,0.01
422,2,14,474,1999,0.01
422,2,14,474,2000,0.01
422,2,14,474,2001,0.01
422,2,14,474,2002,0.01
422,2,14,474,2003,0.01
422,2,14,474,2004,0.01
422,2,14,474,2005,0.01
422,2,14,474,2006,0.01
422,2,14,474,2007,0.01
422,2,14,474,2008,0.01
422,2,14,474,2009,0.01
422,2,14,474,2010,0.01
422,2,14,474,2011,0.01
422,2,14,474,2012,0.01
422,2,14,474,2013,0.01
422,2,14,474,2014,0.01
422,2,14,474,2015,0.01
422,2,14,474,2016,0.01
422,2,14,474,2017,0.01
422,2,15,474,1990,0.01
422,2,15,474,1991,0.01
422,2,15,474,1992,0.01
422,2,15,474,1993,0.02
422,2,15,474,1994,0.02
422,2,15,474,1995,0.02
422,2,15,474,1996,0.02
422,2,15,474,1997,0.02
422,2,15,474,1998,0.02
422,2,15,474,1999,0.02
422,2,15,474,2000,0.02
422,2,15,474,2001,0.02
422,2,15,474,2002,0.02
422,2,15,474,2003,0.02
422,2,15,474,2004,0.02
422,2,15,474,2005,0.02
422,2,15,474,2006,0.02
422,2,15,474,2007,0.02
422,2,15,474,2008,0.02
422,2,15,474,2009,0.02
422,2,15,474,2010,0.02
422,2,15,474,2011,0.02
422,2,15,474,2012,0.02
422,2,15,474,2013,0.02
422,2,15,474,2014,0.02
422,2,15,474,2015,0.02
422,2,15,474,2016,0.02
422,2,15,474,2017,0.02
422,2,16,474,1990,0.02
422,2,16,474,1991,0.02
422,2,16,474,1992,0.02
422,2,16,474,1993,0.02
422,2,16,474,1994,0.02
422,2,16,474,1995,0.02
422,2,16,474,1996,0.03
422,2,16,474,1997,0.03
422,2,16,474,1998,0.03
422,2,16,474,1999,0.03
422,2,16,474,2000,0.03
422,2,16,474,2001,0.03
422,2,16,474,2002,0.03
422,2,16,474,2003,0.03
422,2,16,474,2004,0.04
422,2,16,474,2005,0.03
422,2,16,474,2006,0.04
422,2,16,474,2007,0.03
422,2,16,474,2008,0.03
422,2,16,474,2009,0.03
422,2,16,474,2010,0.03
422,2,16,474,2011,0.03
422,2,16,474,2012,0.03
422,2,16,474,2013,0.03
422,2,16,474,2014,0.04
422,2,16,474,2015,0.04
422,2,16,474,2016,0.03
422,2,16,474,2017,0.03
422,2,17,474,1990,0.02
422,2,17,474,1991,0.02
422,2,17,474,1992,0.02
422,2,17,474,1993,0.02
422,2,17,474,1994,0.03
422,2,17,474,1995,0.03
422,2,17,474,1996,0.03
422,2,17,474,1997,0.03
422,2,17,474,1998,0.03
422,2,17,474,1999,0.03
422,2,17,474,2000,0.03
422,2,17,474,2001,0.04
422,2,17,474,2002,0.04
422,2,17,474,2003,0.04
422,2,17,474,2004,0.04
422,2,17,474,2005,0.04
422,2,17,474,2006,0.04
422,2,17,474,2007,0.05
422,2,17,474,2008,0.05
422,2,17,474,2009,0.05
422,2,17,474,2010,0.05
422,2,17,474,2011,0.05
422,2,17,474,2012,0.05
422,2,17,474,2013,0.05
422,2,17,474,2014,0.05
422,2,17,474,2015,0.05
422,2,17,474,2016,0.05
422,2,17,474,2017,0.05
422,2,18,474,1990,0.04
422,2,18,474,1991,0.04
422,2,18,474,1992,0.04
422,2,18,474,1993,0.04
422,2,18,474,1994,0.04
422,2,18,474,1995,0.04
422,2,18,474,1996,0.04
422,2,18,474,1997,0.04
422,2,18,474,1998,0.04
422,2,18,474,1999,0.05
422,2,18,474,2000,0.05
422,2,18,474,2001,0.05
422,2,18,474,2002,0.05
422,2,18,474,2003,0.05
422,2,18,474,2004,0.05
422,2,18,474,2005,0.06
422,2,18,474,2006,0.06
422,2,18,474,2007,0.06
422,2,18,474,2008,0.07
422,2,18,474,2009,0.07
422,2,18,474,2010,0.07
422,2,18,474,2011,0.08
422,2,18,474,2012,0.08
422,2,18,474,2013,0.08
422,2,18,474,2014,0.09
422,2,18,474,2015,0.09
422,2,18,474,2016,0.09
422,2,18,474,2017,0.09
422,2,19,474,1990,0.04
422,2,19,474,1991,0.04
422,2,19,474,1992,0.04
422,2,19,474,1993,0.05
422,2,19,474,1994,0.05
422,2,19,474,1995,0.05
422,2,19,474,1996,0.05
422,2,19,474,1997,0.05
422,2,19,474,1998,0.05
422,2,19,474,1999,0.05
422,2,19,474,2000,0.05
422,2,19,474,2001,0.05
422,2,19,474,2002,0.06
422,2,19,474,2003,0.06
422,2,19,474,2004,0.06
422,2,19,474,2005,0.06
422,2,19,474,2006,0.06
422,2,19,474,2007,0.07
422,2,19,474,2008,0.07
422,2,19,474,2009,0.08
422,2,19,474,2010,0.09
422,2,19,474,2011,0.09
422,2,19,474,2012,0.1
422,2,19,474,2013,0.1
422,2,19,474,2014,0.11
422,2,19,474,2015,0.11
422,2,19,474,2016,0.12
422,2,19,474,2017,0.12
422,2,20,474,1990,0.05
422,2,20,474,1991,0.05
422,2,20,474,1992,0.05
422,2,20,474,1993,0.05
422,2,20,474,1994,0.05
422,2,20,474,1995,0.05
422,2,20,474,1996,0.06
422,2,20,474,1997,0.06
422,2,20,474,1998,0.06
422,2,20,474,1999,0.06
422,2,20,474,2000,0.06
422,2,20,474,2001,0.06
422,2,20,474,2002,0.06
422,2,20,474,2003,0.06
422,2,20,474,2004,0.06
422,2,20,474,2005,0.07
422,2,20,474,2006,0.07
422,2,20,474,2007,0.07
422,2,20,474,2008,0.07
422,2,20,474,2009,0.07
422,2,20,474,2010,0.07
422,2,20,474,2011,0.08
422,2,20,474,2012,0.09
422,2,20,474,2013,0.1
422,2,20,474,2014,0.1
422,2,20,474,2015,0.11
422,2,20,474,2016,0.12
422,2,20,474,2017,0.13
422,2,22,474,1990,0.29
422,2,22,474,1991,0.3
422,2,22,474,1992,0.3
422,2,22,474,1993,0.31
422,2,22,474,1994,0.32
422,2,22,474,1995,0.34
422,2,22,474,1996,0.35
422,2,22,474,1997,0.35
422,2,22,474,1998,0.37
422,2,22,474,1999,0.39
422,2,22,474,2000,0.4
422,2,22,474,2001,0.41
422,2,22,474,2002,0.42
422,2,22,474,2003,0.43
422,2,22,474,2004,0.44
422,2,22,474,2005,0.45
422,2,22,474,2006,0.47
422,2,22,474,2007,0.49
422,2,22,474,2008,0.51
422,2,22,474,2009,0.53
422,2,22,474,2010,0.55
422,2,22,474,2011,0.58
422,2,22,474,2012,0.6
422,2,22,474,2013,0.62
422,2,22,474,2014,0.64
422,2,22,474,2015,0.67
422,2,22,474,2016,0.68
422,2,22,474,2017,0.7
422,2,30,474,1990,0.05
422,2,30,474,1991,0.05
422,2,30,474,1992,0.05
422,2,30,474,1993,0.05
422,2,30,474,1994,0.05
422,2,30,474,1995,0.05
422,2,30,474,1996,0.05
422,2,30,474,1997,0.05
422,2,30,474,1998,0.05
422,2,30,474,1999,0.06
422,2,30,474,2000,0.06
422,2,30,474,2001,0.06
422,2,30,474,2002,0.06
422,2,30,474,2003,0.07
422,2,30,474,2004,0.07
422,2,30,474,2005,0.07
422,2,30,474,2006,0.07
422,2,30,474,2007,0.07
422,2,30,474,2008,0.08
422,2,30,474,2009,0.08
422,2,30,474,2010,0.08
422,2,30,474,2011,0.08
422,2,30,474,2012,0.08
422,2,30,474,2013,0.08
422,2,30,474,2014,0.09
422,2,30,474,2015,0.09
422,2,30,474,2016,0.1
422,2,30,474,2017,0.1
422,2,31,474,1990,0.03
422,2,31,474,1991,0.03
422,2,31,474,1992,0.03
422,2,31,474,1993,0.03
422,2,31,474,1994,0.04
422,2,31,474,1995,0.04
422,2,31,474,1996,0.04
422,2,31,474,1997,0.04
422,2,31,474,1998,0.04
422,2,31,474,1999,0.04
422,2,31,474,2000,0.04
422,2,31,474,2001,0.05
422,2,31,474,2002,0.05
422,2,31,474,2003,0.05
422,2,31,474,2004,0.05
422,2,31,474,2005,0.05
422,2,31,474,2006,0.05
422,2,31,474,2007,0.06
422,2,31,474,2008,0.06
422,2,31,474,2009,0.06
422,2,31,474,2010,0.07
422,2,31,474,2011,0.07
422,2,31,474,2012,0.07
422,2,31,474,2013,0.07
422,2,31,474,2014,0.07
422,2,31,474,2015,0.08
422,2,31,474,2016,0.08
422,2,31,474,2017,0.08
422,2,32,474,1990,0.01
422,2,32,474,1991,0.01
422,2,32,474,1992,0.01
422,2,32,474,1993,0.01
422,2,32,474,1994,0.01
422,2,32,474,1995,0.02
422,2,32,474,1996,0.02
422,2,32,474,1997,0.02
422,2,32,474,1998,0.02
422,2,32,474,1999,0.02
422,2,32,474,2000,0.02
422,2,32,474,2001,0.03
422,2,32,474,2002,0.03
422,2,32,474,2003,0.03
422,2,32,474,2004,0.03
422,2,32,474,2005,0.03
422,2,32,474,2006,0.03
422,2,32,474,2007,0.03
422,2,32,474,2008,0.04
422,2,32,474,2009,0.04
422,2,32,474,2010,0.04
422,2,32,474,2011,0.04
422,2,32,474,2012,0.04
422,2,32,474,2013,0.05
422,2,32,474,2014,0.05
422,2,32,474,2015,0.05
422,2,32,474,2016,0.05
422,2,32,474,2017,0.05
422,2,235,474,1990,0
422,2,235,474,1991,0
422,2,235,474,1992,0
422,2,235,474,1993,0
422,2,235,474,1994,0
422,2,235,474,1995,0
422,2,235,474,1996,0
422,2,235,474,1997,0
422,2,235,474,1998,0.01
422,2,235,474,1999,0.01
422,2,235,474,2000,0.01
422,2,235,474,2001,0.01
422,2,235,474,2002,0.01
422,2,235,474,2003,0.01
422,2,235,474,2004,0.01
422,2,235,474,2005,0.01
422,2,235,474,2006,0.01
422,2,235,474,2007,0.01
422,2,235,474,2008,0.01
422,2,235,474,2009,0.01
422,2,235,474,2010,0.01
422,2,235,474,2011,0.01
422,2,235,474,2012,0.01
422,2,235,474,2013,0.01
422,2,235,474,2014,0.02
422,2,235,474,2015,0.02
422,2,235,474,2016,0.02
422,2,235,474,2017,0.02
435,2,8,474,1990,0.06
435,2,8,474,1991,0.06
435,2,8,474,1992,0.06
435,2,8,474,1993,0.07
435,2,8,474,1994,0.07
435,2,8,474,1995,0.07
435,2,8,474,1996,0.07
435,2,8,474,1997,0.07
435,2,8,474,1998,0.07
435,2,8,474,1999,0.07
435,2,8,474,2000,0.07
435,2,8,474,2001,0.06
435,2,8,474,2002,0.06
435,2,8,474,2003,0.06
435,2,8,474,2004,0.07
435,2,8,474,2005,0.07
435,2,8,474,2006,0.08
435,2,8,474,2007,0.08
435,2,8,474,2008,0.08
435,2,8,474,2009,0.08
435,2,8,474,2010,0.08
435,2,8,474,2011,0.09
435,2,8,474,2012,0.09
435,2,8,474,2013,0.09
435,2,8,474,2014,0.09
435,2,8,474,2015,0.09
435,2,8,474,2016,0.09
435,2,8,474,2017,0.1
435,2,9,474,1990,0.1
435,2,9,474,1991,0.1
435,2,9,474,1992,0.11
435,2,9,474,1993,0.11
435,2,9,474,1994,0.11
435,2,9,474,1995,0.12
435,2,9,474,1996,0.12
435,2,9,474,1997,0.11
435,2,9,474,1998,0.11
435,2,9,474,1999,0.11
435,2,9,474,2000,0.11
435,2,9,474,2001,0.1
435,2,9,474,2002,0.1
435,2,9,474,2003,0.1
435,2,9,474,2004,0.11
435,2,9,474,2005,0.11
435,2,9,474,2006,0.12
435,2,9,474,2007,0.12
435,2,9,474,2008,0.12
435,2,9,474,2009,0.12
435,2,9,474,2010,0.13
435,2,9,474,2011,0.13
435,2,9,474,2012,0.13
435,2,9,474,2013,0.13
435,2,9,474,2014,0.12
435,2,9,474,2015,0.11
435,2,9,474,2016,0.11
435,2,9,474,2017,0.12
435,2,10,474,1990,0.18
435,2,10,474,1991,0.19
435,2,10,474,1992,0.2
435,2,10,474,1993,0.21
435,2,10,474,1994,0.21
435,2,10,474,1995,0.22
435,2,10,474,1996,0.22
435,2,10,474,1997,0.2
435,2,10,474,1998,0.21
435,2,10,474,1999,0.2
435,2,10,474,2000,0.2
435,2,10,474,2001,0.19
435,2,10,474,2002,0.18
435,2,10,474,2003,0.19
435,2,10,474,2004,0.2
435,2,10,474,2005,0.21
435,2,10,474,2006,0.23
435,2,10,474,2007,0.23
435,2,10,474,2008,0.24
435,2,10,474,2009,0.24
435,2,10,474,2010,0.25
435,2,10,474,2011,0.25
435,2,10,474,2012,0.26
435,2,10,474,2013,0.25
435,2,10,474,2014,0.24
435,2,10,474,2015,0.22
435,2,10,474,2016,0.2
435,2,10,474,2017,0.2
435,2,11,474,1990,0.2
435,2,11,474,1991,0.21
435,2,11,474,1992,0.22
435,2,11,474,1993,0.23
435,2,11,474,1994,0.24
435,2,11,474,1995,0.25
435,2,11,474,1996,0.25
435,2,11,474,1997,0.24
435,2,11,474,1998,0.24
435,2,11,474,1999,0.24
435,2,11,474,2000,0.23
435,2,11,474,2001,0.22
435,2,11,474,2002,0.21
435,2,11,474,2003,0.22
435,2,11,474,2004,0.24
435,2,11,474,2005,0.24
435,2,11,474,2006,0.26
435,2,11,474,2007,0.27
435,2,11,474,2008,0.28
435,2,11,474,2009,0.29
435,2,11,474,2010,0.3
435,2,11,474,2011,0.31
435,2,11,474,2012,0.32
435,2,11,474,2013,0.32
435,2,11,474,2014,0.32
435,2,11,474,2015,0.31
435,2,11,474,2016,0.3
435,2,11,474,2017,0.3
435,2,12,474,1990,0.3
435,2,12,474,1991,0.3
435,2,12,474,1992,0.32
435,2,12,474,1993,0.33
435,2,12,474,1994,0.34
435,2,12,474,1995,0.36
435,2,12,474,1996,0.36
435,2,12,474,1997,0.34
435,2,12,474,1998,0.34
435,2,12,474,1999,0.34
435,2,12,474,2000,0.34
435,2,12,474,2001,0.32
435,2,12,474,2002,0.32
435,2,12,474,2003,0.33
435,2,12,474,2004,0.35
435,2,12,474,2005,0.35
435,2,12,474,2006,0.37
435,2,12,474,2007,0.39
435,2,12,474,2008,0.4
435,2,12,474,2009,0.41
435,2,12,474,2010,0.43
435,2,12,474,2011,0.44
435,2,12,474,2012,0.46
435,2,12,474,2013,0.48
435,2,12,474,2014,0.49
435,2,12,474,2015,0.5
435,2,12,474,2016,0.5
435,2,12,474,2017,0.51
435,2,13,474,1990,0.41
435,2,13,474,1991,0.44
435,2,13,474,1992,0.48
435,2,13,474,1993,0.51
435,2,13,474,1994,0.55
435,2,13,474,1995,0.59
435,2,13,474,1996,0.59
435,2,13,474,1997,0.55
435,2,13,474,1998,0.56
435,2,13,474,1999,0.55
435,2,13,474,2000,0.55
435,2,13,474,2001,0.53
435,2,13,474,2002,0.53
435,2,13,474,2003,0.55
435,2,13,474,2004,0.57
435,2,13,474,2005,0.59
435,2,13,474,2006,0.63
435,2,13,474,2007,0.65
435,2,13,474,2008,0.68
435,2,13,474,2009,0.7
435,2,13,474,2010,0.73
435,2,13,474,2011,0.75
435,2,13,474,2012,0.79
435,2,13,474,2013,0.82
435,2,13,474,2014,0.84
435,2,13,474,2015,0.87
435,2,13,474,2016,0.89
435,2,13,474,2017,0.92
435,2,14,474,1990,0.63
435,2,14,474,1991,0.63
435,2,14,474,1992,0.65
435,2,14,474,1993,0.68
435,2,14,474,1994,0.67
435,2,14,474,1995,0.67
435,2,14,474,1996,0.71
435,2,14,474,1997,0.7
435,2,14,474,1998,0.73
435,2,14,474,1999,0.75
435,2,14,474,2000,0.76
435,2,14,474,2001,0.73
435,2,14,474,2002,0.72
435,2,14,474,2003,0.74
435,2,14,474,2004,0.77
435,2,14,474,2005,0.78
435,2,14,474,2006,0.82
435,2,14,474,2007,0.85
435,2,14,474,2008,0.88
435,2,14,474,2009,0.92
435,2,14,474,2010,0.97
435,2,14,474,2011,1.01
435,2,14,474,2012,1.07
435,2,14,474,2013,1.12
435,2,14,474,2014,1.16
435,2,14,474,2015,1.2
435,2,14,474,2016,1.24
435,2,14,474,2017,1.29
435,2,15,474,1990,1.07
435,2,15,474,1991,1.09
435,2,15,474,1992,1.11
435,2,15,474,1993,1.13
435,2,15,474,1994,1.17
435,2,15,474,1995,1.19
435,2,15,474,1996,1.18
435,2,15,474,1997,1.12
435,2,15,474,1998,1.13
435,2,15,474,1999,1.05
435,2,15,474,2000,0.99
435,2,15,474,2001,1
435,2,15,474,2002,1.01
435,2,15,474,2003,1.05
435,2,15,474,2004,1.12
435,2,15,474,2005,1.17
435,2,15,474,2006,1.2
435,2,15,474,2007,1.22
435,2,15,474,2008,1.25
435,2,15,474,2009,1.29
435,2,15,474,2010,1.34
435,2,15,474,2011,1.38
435,2,15,474,2012,1.46
435,2,15,474,2013,1.53
435,2,15,474,2014,1.6
435,2,15,474,2015,1.69
435,2,15,474,2016,1.77
435,2,15,474,2017,1.86
435,2,16,474,1990,1.47
435,2,16,474,1991,1.49
435,2,16,474,1992,1.54
435,2,16,474,1993,1.59
435,2,16,474,1994,1.64
435,2,16,474,1995,1.69
435,2,16,474,1996,1.7
435,2,16,474,1997,1.62
435,2,16,474,1998,1.6
435,2,16,474,1999,1.57
435,2,16,474,2000,1.53
435,2,16,474,2001,1.45
435,2,16,474,2002,1.41
435,2,16,474,2003,1.44
435,2,16,474,2004,1.38
435,2,16,474,2005,1.34
435,2,16,474,2006,1.42
435,2,16,474,2007,1.5
435,2,16,474,2008,1.55
435,2,16,474,2009,1.66
435,2,16,474,2010,1.77
435,2,16,474,2011,1.81
435,2,16,474,2012,1.89
435,2,16,474,2013,1.96
435,2,16,474,2014,2.04
435,2,16,474,2015,2.12
435,2,16,474,2016,2.2
435,2,16,474,2017,2.3
435,2,17,474,1990,2.2
435,2,17,474,1991,2.2
435,2,17,474,1992,2.23
435,2,17,474,1993,2.27
435,2,17,474,1994,2.3
435,2,17,474,1995,2.33
435,2,17,474,1996,2.34
435,2,17,474,1997,2.31
435,2,17,474,1998,2.3
435,2,17,474,1999,2.28
435,2,17,474,2000,2.25
435,2,17,474,2001,2.19
435,2,17,474,2002,2.11
435,2,17,474,2003,2.1
435,2,17,474,2004,2.12
435,2,17,474,2005,2.13
435,2,17,474,2006,2.13
435,2,17,474,2007,2.15
435,2,17,474,2008,2.19
435,2,17,474,2009,2.13
435,2,17,474,2010,2.11
435,2,17,474,2011,2.25
435,2,17,474,2012,2.4
435,2,17,474,2013,2.52
435,2,17,474,2014,2.73
435,2,17,474,2015,2.91
435,2,17,474,2016,2.99
435,2,17,474,2017,3.09
435,2,18,474,1990,3.05
435,2,18,474,1991,3.03
435,2,18,474,1992,3.04
435,2,18,474,1993,3.03
435,2,18,474,1994,3
435,2,18,474,1995,2.97
435,2,18,474,1996,2.93
435,2,18,474,1997,2.85
435,2,18,474,1998,2.81
435,2,18,474,1999,2.72
435,2,18,474,2000,2.66
435,2,18,474,2001,2.59
435,2,18,474,2002,2.56
435,2,18,474,2003,2.57
435,2,18,474,2004,2.6
435,2,18,474,2005,2.62
435,2,18,474,2006,2.66
435,2,18,474,2007,2.65
435,2,18,474,2008,2.66
435,2,18,474,2009,2.73
435,2,18,474,2010,2.8
435,2,18,474,2011,2.82
435,2,18,474,2012,2.9
435,2,18,474,2013,3.01
435,2,18,474,2014,2.96
435,2,18,474,2015,2.98
435,2,18,474,2016,3.19
435,2,18,474,2017,3.4
435,2,19,474,1990,3.63
435,2,19,474,1991,3.61
435,2,19,474,1992,3.62
435,2,19,474,1993,3.61
435,2,19,474,1994,3.58
435,2,19,474,1995,3.54
435,2,19,474,1996,3.47
435,2,19,474,1997,3.35
435,2,19,474,1998,3.26
435,2,19,474,1999,3.12
435,2,19,474,2000,2.97
435,2,19,474,2001,2.86
435,2,19,474,2002,2.78
435,2,19,474,2003,2.75
435,2,19,474,2004,2.73
435,2,19,474,2005,2.73
435,2,19,474,2006,2.77
435,2,19,474,2007,2.82
435,2,19,474,2008,2.88
435,2,19,474,2009,2.96
435,2,19,474,2010,3.04
435,2,19,474,2011,3.11
435,2,19,474,2012,3.14
435,2,19,474,2013,3.2
435,2,19,474,2014,3.32
435,2,19,474,2015,3.46
435,2,19,474,2016,3.5
435,2,19,474,2017,3.59
435,2,20,474,1990,3.04
435,2,20,474,1991,3.04
435,2,20,474,1992,3.06
435,2,20,474,1993,3.08
435,2,20,474,1994,3.08
435,2,20,474,1995,3.07
435,2,20,474,1996,3.04
435,2,20,474,1997,2.99
435,2,20,474,1998,2.93
435,2,20,474,1999,2.84
435,2,20,474,2000,2.74
435,2,20,474,2001,2.65
435,2,20,474,2002,2.57
435,2,20,474,2003,2.51
435,2,20,474,2004,2.45
435,2,20,474,2005,2.39
435,2,20,474,2006,2.37
435,2,20,474,2007,2.36
435,2,20,474,2008,2.37
435,2,20,474,2009,2.39
435,2,20,474,2010,2.43
435,2,20,474,2011,2.49
435,2,20,474,2012,2.57
435,2,20,474,2013,2.65
435,2,20,474,2014,2.76
435,2,20,474,2015,2.88
435,2,20,474,2016,2.97
435,2,20,474,2017,2.99
435,2,22,474,1990,19.78
435,2,22,474,1991,19.89
435,2,22,474,1992,20.23
435,2,22,474,1993,20.5
435,2,22,474,1994,20.69
435,2,22,474,1995,20.84
435,2,22,474,1996,20.77
435,2,22,474,1997,20.24
435,2,22,474,1998,20.05
435,2,22,474,1999,19.56
435,2,22,474,2000,19.07
435,2,22,474,2001,18.47
435,2,22,474,2002,18.12
435,2,22,474,2003,18.16
435,2,22,474,2004,18.23
435,2,22,474,2005,18.23
435,2,22,474,2006,18.55
435,2,22,474,2007,18.82
435,2,22,474,2008,19.11
435,2,22,474,2009,19.47
435,2,22,474,2010,19.92
435,2,22,474,2011,20.41
435,2,22,474,2012,21.08
435,2,22,474,2013,21.75
435,2,22,474,2014,22.4
435,2,22,474,2015,23.15
435,2,22,474,2016,23.87
435,2,22,474,2017,24.68
435,2,30,474,1990,2.37
435,2,30,474,1991,2.42
435,2,30,474,1992,2.47
435,2,30,474,1993,2.51
435,2,30,474,1994,2.54
435,2,30,474,1995,2.57
435,2,30,474,1996,2.57
435,2,30,474,1997,2.55
435,2,30,474,1998,2.53
435,2,30,474,1999,2.48
435,2,30,474,2000,2.42
435,2,30,474,2001,2.37
435,2,30,474,2002,2.33
435,2,30,474,2003,2.3
435,2,30,474,2004,2.28
435,2,30,474,2005,2.27
435,2,30,474,2006,2.25
435,2,30,474,2007,2.25
435,2,30,474,2008,2.24
435,2,30,474,2009,2.23
435,2,30,474,2010,2.22
435,2,30,474,2011,2.23
435,2,30,474,2012,2.25
435,2,30,474,2013,2.3
435,2,30,474,2014,2.35
435,2,30,474,2015,2.42
435,2,30,474,2016,2.5
435,2,30,474,2017,2.58
435,2,31,474,1990,0.87
435,2,31,474,1991,0.89
435,2,31,474,1992,0.91
435,2,31,474,1993,0.93
435,2,31,474,1994,0.95
435,2,31,474,1995,0.97
435,2,31,474,1996,0.99
435,2,31,474,1997,1
435,2,31,474,1998,1
435,2,31,474,1999,1
435,2,31,474,2000,1
435,2,31,474,2001,0.99
435,2,31,474,2002,0.98
435,2,31,474,2003,0.98
435,2,31,474,2004,0.98
435,2,31,474,2005,0.98
435,2,31,474,2006,0.99
435,2,31,474,2007,1
435,2,31,474,2008,1.01
435,2,31,474,2009,1.02
435,2,31,474,2010,1.03
435,2,31,474,2011,1.04
435,2,31,474,2012,1.05
435,2,31,474,2013,1.06
435,2,31,474,2014,1.06
435,2,31,474,2015,1.07
435,2,31,474,2016,1.08
435,2,31,474,2017,1.1
435,2,32,474,1990,0.17
435,2,32,474,1991,0.17
435,2,32,474,1992,0.18
435,2,32,474,1993,0.18
435,2,32,474,1994,0.19
435,2,32,474,1995,0.19
435,2,32,474,1996,0.2
435,2,32,474,1997,0.2
435,2,32,474,1998,0.21
435,2,32,474,1999,0.21
435,2,32,474,2000,0.21
435,2,32,474,2001,0.21
435,2,32,474,2002,0.21
435,2,32,474,2003,0.22
435,2,32,474,2004,0.22
435,2,32,474,2005,0.22
435,2,32,474,2006,0.23
435,2,32,474,2007,0.23
435,2,32,474,2008,0.24
435,2,32,474,2009,0.24
435,2,32,474,2010,0.24
435,2,32,474,2011,0.25
435,2,32,474,2012,0.25
435,2,32,474,2013,0.26
435,2,32,474,2014,0.26
435,2,32,474,2015,0.27
435,2,32,474,2016,0.27
435,2,32,474,2017,0.28
435,2,235,474,1990,0.03
435,2,235,474,1991,0.03
435,2,235,474,1992,0.03
435,2,235,474,1993,0.03
435,2,235,474,1994,0.03
435,2,235,474,1995,0.03
435,2,235,474,1996,0.03
435,2,235,474,1997,0.03
435,2,235,474,1998,0.03
435,2,235,474,1999,0.04
435,2,235,474,2000,0.04
435,2,235,474,2001,0.04
435,2,235,474,2002,0.04
435,2,235,474,2003,0.04
435,2,235,474,2004,0.04
435,2,235,474,2005,0.04
435,2,235,474,2006,0.04
435,2,235,474,2007,0.04
435,2,235,474,2008,0.04
435,2,235,474,2009,0.04
435,2,235,474,2010,0.04
435,2,235,474,2011,0.04
435,2,235,474,2012,0.05
435,2,235,474,2013,0.05
435,2,235,474,2014,0.05
435,2,235,474,2015,0.05
435,2,235,474,2016,0.05
435,2,235,474,2017,0.05
522,2,8,474,1990,0.41
522,2,8,474,1991,0.43
522,2,8,474,1992,0.44
522,2,8,474,1993,0.46
522,2,8,474,1994,0.48
522,2,8,474,1995,0.49
522,2,8,474,1996,0.5
522,2,8,474,1997,0.51
522,2,8,474,1998,0.52
522,2,8,474,1999,0.53
522,2,8,474,2000,0.53
522,2,8,474,2001,0.54
522,2,8,474,2002,0.54
522,2,8,474,2003,0.54
522,2,8,474,2004,0.55
522,2,8,474,2005,0.58
522,2,8,474,2006,0.59
522,2,8,474,2007,0.6
522,2,8,474,2008,0.62
522,2,8,474,2009,0.63
522,2,8,474,2010,0.64
522,2,8,474,2011,0.61
522,2,8,474,2012,0.58
522,2,8,474,2013,0.56
522,2,8,474,2014,0.55
522,2,8,474,2015,0.53
522,2,8,474,2016,0.51
522,2,8,474,2017,0.52
522,2,9,474,1990,0.58
522,2,9,474,1991,0.6
522,2,9,474,1992,0.63
522,2,9,474,1993,0.64
522,2,9,474,1994,0.66
522,2,9,474,1995,0.66
522,2,9,474,1996,0.67
522,2,9,474,1997,0.68
522,2,9,474,1998,0.7
522,2,9,474,1999,0.71
522,2,9,474,2000,0.72
522,2,9,474,2001,0.74
522,2,9,474,2002,0.76
522,2,9,474,2003,0.77
522,2,9,474,2004,0.79
522,2,9,474,2005,0.84
522,2,9,474,2006,0.84
522,2,9,474,2007,0.85
522,2,9,474,2008,0.86
522,2,9,474,2009,0.87
522,2,9,474,2010,0.86
522,2,9,474,2011,0.81
522,2,9,474,2012,0.77
522,2,9,474,2013,0.73
522,2,9,474,2014,0.7
522,2,9,474,2015,0.68
522,2,9,474,2016,0.66
522,2,9,474,2017,0.66
522,2,10,474,1990,0.64
522,2,10,474,1991,0.68
522,2,10,474,1992,0.72
522,2,10,474,1993,0.74
522,2,10,474,1994,0.77
522,2,10,474,1995,0.78
522,2,10,474,1996,0.78
522,2,10,474,1997,0.79
522,2,10,474,1998,0.8
522,2,10,474,1999,0.81
522,2,10,474,2000,0.82
522,2,10,474,2001,0.83
522,2,10,474,2002,0.84
522,2,10,474,2003,0.85
522,2,10,474,2004,0.87
522,2,10,474,2005,0.91
522,2,10,474,2006,0.93
522,2,10,474,2007,0.95
522,2,10,474,2008,0.98
522,2,10,474,2009,1
522,2,10,474,2010,1.02
522,2,10,474,2011,0.96
522,2,10,474,2012,0.92
522,2,10,474,2013,0.88
522,2,10,474,2014,0.84
522,2,10,474,2015,0.81
522,2,10,474,2016,0.78
522,2,10,474,2017,0.79
522,2,11,474,1990,0.98
522,2,11,474,1991,1.01
522,2,11,474,1992,1.04
522,2,11,474,1993,1.07
522,2,11,474,1994,1.1
522,2,11,474,1995,1.13
522,2,11,474,1996,1.16
522,2,11,474,1997,1.19
522,2,11,474,1998,1.22
522,2,11,474,1999,1.24
522,2,11,474,2000,1.25
522,2,11,474,2001,1.26
522,2,11,474,2002,1.27
522,2,11,474,2003,1.28
522,2,11,474,2004,1.29
522,2,11,474,2005,1.33
522,2,11,474,2006,1.33
522,2,11,474,2007,1.35
522,2,11,474,2008,1.39
522,2,11,474,2009,1.42
522,2,11,474,2010,1.46
522,2,11,474,2011,1.41
522,2,11,474,2012,1.39
522,2,11,474,2013,1.37
522,2,11,474,2014,1.36
522,2,11,474,2015,1.34
522,2,11,474,2016,1.32
522,2,11,474,2017,1.35
522,2,12,474,1990,1.33
522,2,12,474,1991,1.37
522,2,12,474,1992,1.42
522,2,12,474,1993,1.46
522,2,12,474,1994,1.49
522,2,12,474,1995,1.51
522,2,12,474,1996,1.53
522,2,12,474,1997,1.55
522,2,12,474,1998,1.57
522,2,12,474,1999,1.61
522,2,12,474,2000,1.65
522,2,12,474,2001,1.7
522,2,12,474,2002,1.75
522,2,12,474,2003,1.8
522,2,12,474,2004,1.85
522,2,12,474,2005,1.92
522,2,12,474,2006,1.94
522,2,12,474,2007,1.97
522,2,12,474,2008,2
522,2,12,474,2009,2.04
522,2,12,474,2010,2.06
522,2,12,474,2011,1.98
522,2,12,474,2012,1.92
522,2,12,474,2013,1.89
522,2,12,474,2014,1.87
522,2,12,474,2015,1.86
522,2,12,474,2016,1.85
522,2,12,474,2017,1.91
522,2,13,474,1990,2.43
522,2,13,474,1991,2.49
522,2,13,474,1992,2.59
522,2,13,474,1993,2.71
522,2,13,474,1994,2.77
522,2,13,474,1995,2.88
522,2,13,474,1996,2.91
522,2,13,474,1997,2.95
522,2,13,474,1998,2.97
522,2,13,474,1999,2.98
522,2,13,474,2000,2.98
522,2,13,474,2001,2.99
522,2,13,474,2002,3
522,2,13,474,2003,3.03
522,2,13,474,2004,3.11
522,2,13,474,2005,3.22
522,2,13,474,2006,3.27
522,2,13,474,2007,3.36
522,2,13,474,2008,3.46
522,2,13,474,2009,3.55
522,2,13,474,2010,3.63
522,2,13,474,2011,3.49
522,2,13,474,2012,3.39
522,2,13,474,2013,3.32
522,2,13,474,2014,3.28
522,2,13,474,2015,3.24
522,2,13,474,2016,3.22
522,2,13,474,2017,3.32
522,2,14,474,1990,4.37
522,2,14,474,1991,4.48
522,2,14,474,1992,4.57
522,2,14,474,1993,4.59
522,2,14,474,1994,4.66
522,2,14,474,1995,4.55
522,2,14,474,1996,4.6
522,2,14,474,1997,4.7
522,2,14,474,1998,4.83
522,2,14,474,1999,4.82
522,2,14,474,2000,4.89
522,2,14,474,2001,4.87
522,2,14,474,2002,4.84
522,2,14,474,2003,4.83
522,2,14,474,2004,4.87
522,2,14,474,2005,4.94
522,2,14,474,2006,4.9
522,2,14,474,2007,4.89
522,2,14,474,2008,4.93
522,2,14,474,2009,5.05
522,2,14,474,2010,5.2
522,2,14,474,2011,5.06
522,2,14,474,2012,4.99
522,2,14,474,2013,4.96
522,2,14,474,2014,4.94
522,2,14,474,2015,4.93
522,2,14,474,2016,4.93
522,2,14,474,2017,5.09
522,2,15,474,1990,6.6
522,2,15,474,1991,6.72
522,2,15,474,1992,6.83
522,2,15,474,1993,6.89
522,2,15,474,1994,6.95
522,2,15,474,1995,7.02
522,2,15,474,1996,7.11
522,2,15,474,1997,7.17
522,2,15,474,1998,7.13
522,2,15,474,1999,7.17
522,2,15,474,2000,6.92
522,2,15,474,2001,6.95
522,2,15,474,2002,7.05
522,2,15,474,2003,7.24
522,2,15,474,2004,7.36
522,2,15,474,2005,7.69
522,2,15,474,2006,7.67
522,2,15,474,2007,7.69
522,2,15,474,2008,7.75
522,2,15,474,2009,7.81
522,2,15,474,2010,7.86
522,2,15,474,2011,7.44
522,2,15,474,2012,7.15
522,2,15,474,2013,6.98
522,2,15,474,2014,6.94
522,2,15,474,2015,6.96
522,2,15,474,2016,7
522,2,15,474,2017,7.33
522,2,16,474,1990,8.85
522,2,16,474,1991,9.04
522,2,16,474,1992,9.23
522,2,16,474,1993,9.42
522,2,16,474,1994,9.6
522,2,16,474,1995,9.73
522,2,16,474,1996,9.8
522,2,16,474,1997,9.86
522,2,16,474,1998,9.89
522,2,16,474,1999,9.85
522,2,16,474,2000,9.83
522,2,16,474,2001,9.86
522,2,16,474,2002,9.87
522,2,16,474,2003,9.77
522,2,16,474,2004,9.88
522,2,16,474,2005,9.71
522,2,16,474,2006,9.67
522,2,16,474,2007,9.78
522,2,16,474,2008,10.05
522,2,16,474,2009,10.14
522,2,16,474,2010,10.41
522,2,16,474,2011,9.81
522,2,16,474,2012,9.36
522,2,16,474,2013,9.02
522,2,16,474,2014,8.77
522,2,16,474,2015,8.59
522,2,16,474,2016,8.46
522,2,16,474,2017,8.67
522,2,17,474,1990,11.47
522,2,17,474,1991,11.77
522,2,17,474,1992,12.12
522,2,17,474,1993,12.44
522,2,17,474,1994,12.72
522,2,17,474,1995,12.93
522,2,17,474,1996,13.14
522,2,17,474,1997,13.34
522,2,17,474,1998,13.53
522,2,17,474,1999,13.6
522,2,17,474,2000,13.52
522,2,17,474,2001,13.41
522,2,17,474,2002,13.31
522,2,17,474,2003,13.23
522,2,17,474,2004,13.25
522,2,17,474,2005,13.45
522,2,17,474,2006,13.37
522,2,17,474,2007,13.35
522,2,17,474,2008,13.22
522,2,17,474,2009,13.31
522,2,17,474,2010,12.92
522,2,17,474,2011,12.18
522,2,17,474,2012,11.76
522,2,17,474,2013,11.6
522,2,17,474,2014,11.33
522,2,17,474,2015,11.35
522,2,17,474,2016,11.14
522,2,17,474,2017,11.37
522,2,18,474,1990,17.66
522,2,18,474,1991,17.34
522,2,18,474,1992,17.06
522,2,18,474,1993,16.86
522,2,18,474,1994,16.86
522,2,18,474,1995,16.96
522,2,18,474,1996,17.14
522,2,18,474,1997,17.37
522,2,18,474,1998,17.6
522,2,18,474,1999,17.73
522,2,18,474,2000,17.76
522,2,18,474,2001,17.81
522,2,18,474,2002,17.9
522,2,18,474,2003,18.05
522,2,18,474,2004,18.28
522,2,18,474,2005,18.57
522,2,18,474,2006,18.32
522,2,18,474,2007,18.09
522,2,18,474,2008,17.91
522,2,18,474,2009,17.75
522,2,18,474,2010,17.72
522,2,18,474,2011,16.63
522,2,18,474,2012,15.81
522,2,18,474,2013,15.02
522,2,18,474,2014,14.65
522,2,18,474,2015,13.89
522,2,18,474,2016,13.73
522,2,18,474,2017,14.28
522,2,19,474,1990,27.9
522,2,19,474,1991,28.56
522,2,19,474,1992,28.88
522,2,19,474,1993,28.8
522,2,19,474,1994,28.27
522,2,19,474,1995,27.47
522,2,19,474,1996,26.55
522,2,19,474,1997,25.65
522,2,19,474,1998,24.89
522,2,19,474,1999,24.31
522,2,19,474,2000,23.8
522,2,19,474,2001,23.5
522,2,19,474,2002,23.35
522,2,19,474,2003,23.35
522,2,19,474,2004,23.51
522,2,19,474,2005,23.86
522,2,19,474,2006,23.64
522,2,19,474,2007,23.59
522,2,19,474,2008,23.69
522,2,19,474,2009,23.82
522,2,19,474,2010,23.85
522,2,19,474,2011,22.28
522,2,19,474,2012,21.07
522,2,19,474,2013,20.15
522,2,19,474,2014,19.47
522,2,19,474,2015,19.08
522,2,19,474,2016,18.85
522,2,19,474,2017,19.35
522,2,20,474,1990,27.94
522,2,20,474,1991,29.67
522,2,20,474,1992,31.41
522,2,20,474,1993,33.02
522,2,20,474,1994,34.37
522,2,20,474,1995,35.35
522,2,20,474,1996,35.97
522,2,20,474,1997,36.13
522,2,20,474,1998,35.76
522,2,20,474,1999,34.64
522,2,20,474,2000,33.05
522,2,20,474,2001,31.42
522,2,20,474,2002,29.97
522,2,20,474,2003,28.84
522,2,20,474,2004,28.2
522,2,20,474,2005,27.96
522,2,20,474,2006,27.23
522,2,20,474,2007,26.79
522,2,20,474,2008,26.54
522,2,20,474,2009,26.48
522,2,20,474,2010,26.52
522,2,20,474,2011,24.97
522,2,20,474,2012,23.98
522,2,20,474,2013,23.33
522,2,20,474,2014,22.87
522,2,20,474,2015,22.5
522,2,20,474,2016,22.14
522,2,20,474,2017,22.67
522,2,22,474,1990,144.77
522,2,22,474,1991,149.62
522,2,22,474,1992,154.65
522,2,22,474,1993,159.37
522,2,22,474,1994,163.86
522,2,22,474,1995,167.7
522,2,22,474,1996,171.39
522,2,22,474,1997,174.85
522,2,22,474,1998,177.71
522,2,22,474,1999,179.3
522,2,22,474,2000,179.53
522,2,22,474,2001,179.79
522,2,22,474,2002,180
522,2,22,474,2003,180.28
522,2,22,474,2004,181.23
522,2,22,474,2005,182.87
522,2,22,474,2006,179.9
522,2,22,474,2007,177.87
522,2,22,474,2008,176.6
522,2,22,474,2009,175.68
522,2,22,474,2010,174.52
522,2,22,474,2011,162.77
522,2,22,474,2012,154.32
522,2,22,474,2013,148.15
522,2,22,474,2014,143.84
522,2,22,474,2015,140.6
522,2,22,474,2016,138.42
522,2,22,474,2017,142.38
522,2,30,474,1990,21.95
522,2,30,474,1991,23.38
522,2,30,474,1992,25.08
522,2,30,474,1993,26.99
522,2,30,474,1994,29.04
522,2,30,474,1995,31.17
522,2,30,474,1996,33.39
522,2,30,474,1997,35.59
522,2,30,474,1998,37.55
522,2,30,474,1999,39.04
522,2,30,474,2000,39.97
522,2,30,474,2001,40.4
522,2,30,474,2002,40.34
522,2,30,474,2003,39.83
522,2,30,474,2004,38.85
522,2,30,474,2005,37.7
522,2,30,474,2006,35.44
522,2,30,474,2007,33.53
522,2,30,474,2008,32.08
522,2,30,474,2009,31.07
522,2,30,474,2010,30.32
522,2,30,474,2011,27.81
522,2,30,474,2012,26.04
522,2,30,474,2013,24.81
522,2,30,474,2014,24.03
522,2,30,474,2015,23.56
522,2,30,474,2016,23.32
522,2,30,474,2017,24.26
522,2,31,474,1990,9.05
522,2,31,474,1991,9.37
522,2,31,474,1992,9.8
522,2,31,474,1993,10.37
522,2,31,474,1994,11.07
522,2,31,474,1995,11.89
522,2,31,474,1996,12.82
522,2,31,474,1997,13.87
522,2,31,474,1998,15.03
522,2,31,474,1999,16.27
522,2,31,474,2000,17.57
522,2,31,474,2001,18.88
522,2,31,474,2002,20.18
522,2,31,474,2003,21.42
522,2,31,474,2004,22.55
522,2,31,474,2005,23.58
522,2,31,474,2006,23.72
522,2,31,474,2007,23.6
522,2,31,474,2008,23.17
522,2,31,474,2009,22.37
522,2,31,474,2010,21.4
522,2,31,474,2011,19.06
522,2,31,474,2012,17.27
522,2,31,474,2013,15.96
522,2,31,474,2014,15.05
522,2,31,474,2015,14.43
522,2,31,474,2016,14.02
522,2,31,474,2017,14.34
522,2,32,474,1990,2.29
522,2,32,474,1991,2.39
522,2,32,474,1992,2.49
522,2,32,474,1993,2.58
522,2,32,474,1994,2.68
522,2,32,474,1995,2.78
522,2,32,474,1996,2.91
522,2,32,474,1997,3.07
522,2,32,474,1998,3.27
522,2,32,474,1999,3.51
522,2,32,474,2000,3.78
522,2,32,474,2001,4.09
522,2,32,474,2002,4.45
522,2,32,474,2003,4.87
522,2,32,474,2004,5.35
522,2,32,474,2005,5.89
522,2,32,474,2006,6.28
522,2,32,474,2007,6.67
522,2,32,474,2008,7.05
522,2,32,474,2009,7.37
522,2,32,474,2010,7.6
522,2,32,474,2011,7.2
522,2,32,474,2012,6.83
522,2,32,474,2013,6.47
522,2,32,474,2014,6.08
522,2,32,474,2015,5.71
522,2,32,474,2016,5.37
522,2,32,474,2017,5.31
522,2,235,474,1990,0.31
522,2,235,474,1991,0.32
522,2,235,474,1992,0.34
522,2,235,474,1993,0.35
522,2,235,474,1994,0.37
522,2,235,474,1995,0.39
522,2,235,474,1996,0.41
522,2,235,474,1997,0.43
522,2,235,474,1998,0.45
522,2,235,474,1999,0.47
522,2,235,474,2000,0.5
522,2,235,474,2001,0.53
522,2,235,474,2002,0.56
522,2,235,474,2003,0.6
522,2,235,474,2004,0.66
522,2,235,474,2005,0.72
522,2,235,474,2006,0.77
522,2,235,474,2007,0.83
522,2,235,474,2008,0.91
522,2,235,474,2009,0.98
522,2,235,474,2010,1.06
522,2,235,474,2011,1.07
522,2,235,474,2012,1.08
522,2,235,474,2013,1.1
522,2,235,474,2014,1.11
522,2,235,474,2015,1.13
522,2,235,474,2016,1.13
522,2,235,474,2017,1.17
533,2,8,474,1990,0.02
533,2,8,474,1991,0.02
533,2,8,474,1992,0.02
533,2,8,474,1993,0.02
533,2,8,474,1994,0.02
533,2,8,474,1995,0.03
533,2,8,474,1996,0.03
533,2,8,474,1997,0.03
533,2,8,474,1998,0.03
533,2,8,474,1999,0.03
533,2,8,474,2000,0.03
533,2,8,474,2001,0.03
533,2,8,474,2002,0.03
533,2,8,474,2003,0.03
533,2,8,474,2004,0.03
533,2,8,474,2005,0.03
533,2,8,474,2006,0.03
533,2,8,474,2007,0.03
533,2,8,474,2008,0.04
533,2,8,474,2009,0.03
533,2,8,474,2010,0.03
533,2,8,474,2011,0.03
533,2,8,474,2012,0.03
533,2,8,474,2013,0.03
533,2,8,474,2014,0.03
533,2,8,474,2015,0.03
533,2,8,474,2016,0.03
533,2,8,474,2017,0.04
533,2,9,474,1990,0.03
533,2,9,474,1991,0.03
533,2,9,474,1992,0.03
533,2,9,474,1993,0.03
533,2,9,474,1994,0.03
533,2,9,474,1995,0.03
533,2,9,474,1996,0.03
533,2,9,474,1997,0.03
533,2,9,474,1998,0.03
533,2,9,474,1999,0.03
533,2,9,474,2000,0.03
533,2,9,474,2001,0.03
533,2,9,474,2002,0.03
533,2,9,474,2003,0.03
533,2,9,474,2004,0.03
533,2,9,474,2005,0.03
533,2,9,474,2006,0.03
533,2,9,474,2007,0.03
533,2,9,474,2008,0.03
533,2,9,474,2009,0.03
533,2,9,474,2010,0.03
533,2,9,474,2011,0.03
533,2,9,474,2012,0.03
533,2,9,474,2013,0.03
533,2,9,474,2014,0.03
533,2,9,474,2015,0.03
533,2,9,474,2016,0.03
533,2,9,474,2017,0.03
533,2,10,474,1990,0.1
533,2,10,474,1991,0.09
533,2,10,474,1992,0.08
533,2,10,474,1993,0.08
533,2,10,474,1994,0.08
533,2,10,474,1995,0.08
533,2,10,474,1996,0.08
533,2,10,474,1997,0.08
533,2,10,474,1998,0.08
533,2,10,474,1999,0.08
533,2,10,474,2000,0.08
533,2,10,474,2001,0.08
533,2,10,474,2002,0.08
533,2,10,474,2003,0.08
533,2,10,474,2004,0.08
533,2,10,474,2005,0.09
533,2,10,474,2006,0.09
533,2,10,474,2007,0.09
533,2,10,474,2008,0.09
533,2,10,474,2009,0.09
533,2,10,474,2010,0.08
533,2,10,474,2011,0.08
533,2,10,474,2012,0.08
533,2,10,474,2013,0.08
533,2,10,474,2014,0.08
533,2,10,474,2015,0.09
533,2,10,474,2016,0.1
533,2,10,474,2017,0.1
533,2,11,474,1990,0.26
533,2,11,474,1991,0.24
533,2,11,474,1992,0.24
533,2,11,474,1993,0.25
533,2,11,474,1994,0.24
533,2,11,474,1995,0.23
533,2,11,474,1996,0.22
533,2,11,474,1997,0.24
533,2,11,474,1998,0.24
533,2,11,474,1999,0.23
533,2,11,474,2000,0.24
533,2,11,474,2001,0.25
533,2,11,474,2002,0.24
533,2,11,474,2003,0.24
533,2,11,474,2004,0.23
533,2,11,474,2005,0.23
533,2,11,474,2006,0.24
533,2,11,474,2007,0.23
533,2,11,474,2008,0.22
533,2,11,474,2009,0.22
533,2,11,474,2010,0.23
533,2,11,474,2011,0.22
533,2,11,474,2012,0.23
533,2,11,474,2013,0.22
533,2,11,474,2014,0.23
533,2,11,474,2015,0.24
533,2,11,474,2016,0.25
533,2,11,474,2017,0.26
533,2,12,474,1990,0.46
533,2,12,474,1991,0.48
533,2,12,474,1992,0.54
533,2,12,474,1993,0.57
533,2,12,474,1994,0.56
533,2,12,474,1995,0.58
533,2,12,474,1996,0.61
533,2,12,474,1997,0.63
533,2,12,474,1998,0.66
533,2,12,474,1999,0.68
533,2,12,474,2000,0.7
533,2,12,474,2001,0.71
533,2,12,474,2002,0.68
533,2,12,474,2003,0.66
533,2,12,474,2004,0.62
533,2,12,474,2005,0.6
533,2,12,474,2006,0.6
533,2,12,474,2007,0.58
533,2,12,474,2008,0.59
533,2,12,474,2009,0.57
533,2,12,474,2010,0.57
533,2,12,474,2011,0.54
533,2,12,474,2012,0.53
533,2,12,474,2013,0.53
533,2,12,474,2014,0.53
533,2,12,474,2015,0.54
533,2,12,474,2016,0.59
533,2,12,474,2017,0.62
533,2,13,474,1990,0.96
533,2,13,474,1991,1.01
533,2,13,474,1992,1.02
533,2,13,474,1993,1.05
533,2,13,474,1994,1.12
533,2,13,474,1995,1.17
533,2,13,474,1996,1.2
533,2,13,474,1997,1.32
533,2,13,474,1998,1.35
533,2,13,474,1999,1.32
533,2,13,474,2000,1.43
533,2,13,474,2001,1.55
533,2,13,474,2002,1.51
533,2,13,474,2003,1.47
533,2,13,474,2004,1.47
533,2,13,474,2005,1.44
533,2,13,474,2006,1.44
533,2,13,474,2007,1.35
533,2,13,474,2008,1.33
533,2,13,474,2009,1.28
533,2,13,474,2010,1.23
533,2,13,474,2011,1.19
533,2,13,474,2012,1.22
533,2,13,474,2013,1.27
533,2,13,474,2014,1.25
533,2,13,474,2015,1.23
533,2,13,474,2016,1.22
533,2,13,474,2017,1.23
533,2,14,474,1990,1.08
533,2,14,474,1991,1.14
533,2,14,474,1992,1.25
533,2,14,474,1993,1.36
533,2,14,474,1994,1.4
533,2,14,474,1995,1.53
533,2,14,474,1996,1.61
533,2,14,474,1997,1.61
533,2,14,474,1998,1.57
533,2,14,474,1999,1.52
533,2,14,474,2000,1.63
533,2,14,474,2001,1.8
533,2,14,474,2002,1.89
533,2,14,474,2003,1.91
533,2,14,474,2004,2.06
533,2,14,474,2005,2.13
533,2,14,474,2006,2.1
533,2,14,474,2007,2.14
533,2,14,474,2008,2.25
533,2,14,474,2009,2.29
533,2,14,474,2010,2.29
533,2,14,474,2011,2.23
533,2,14,474,2012,2.12
533,2,14,474,2013,2.03
533,2,14,474,2014,1.98
533,2,14,474,2015,1.97
533,2,14,474,2016,2.04
533,2,14,474,2017,2.1
533,2,15,474,1990,1.74
533,2,15,474,1991,1.68
533,2,15,474,1992,1.78
533,2,15,474,1993,1.86
533,2,15,474,1994,1.97
533,2,15,474,1995,2.16
533,2,15,474,1996,2.3
533,2,15,474,1997,2.44
533,2,15,474,1998,2.5
533,2,15,474,1999,2.64
533,2,15,474,2000,2.77
533,2,15,474,2001,3.08
533,2,15,474,2002,3.18
533,2,15,474,2003,3.26
533,2,15,474,2004,3.22
533,2,15,474,2005,3.31
533,2,15,474,2006,3.42
533,2,15,474,2007,3.46
533,2,15,474,2008,3.8
533,2,15,474,2009,3.79
533,2,15,474,2010,3.84
533,2,15,474,2011,3.74
533,2,15,474,2012,3.84
533,2,15,474,2013,3.82
533,2,15,474,2014,3.91
533,2,15,474,2015,3.9
533,2,15,474,2016,3.95
533,2,15,474,2017,3.96
533,2,16,474,1990,3.07
533,2,16,474,1991,3.03
533,2,16,474,1992,3.14
533,2,16,474,1993,3.18
533,2,16,474,1994,3.19
533,2,16,474,1995,3.31
533,2,16,474,1996,3.32
533,2,16,474,1997,3.41
533,2,16,474,1998,3.36
533,2,16,474,1999,3.77
533,2,16,474,2000,3.91
533,2,16,474,2001,4.14
533,2,16,474,2002,4.46
533,2,16,474,2003,4.72
533,2,16,474,2004,4.61
533,2,16,474,2005,4.7
533,2,16,474,2006,5.01
533,2,16,474,2007,5.02
533,2,16,474,2008,5.38
533,2,16,474,2009,5.57
533,2,16,474,2010,5.77
533,2,16,474,2011,5.92
533,2,16,474,2012,6.35
533,2,16,474,2013,6.59
533,2,16,474,2014,6.77
533,2,16,474,2015,7.05
533,2,16,474,2016,7.34
533,2,16,474,2017,7.35
533,2,17,474,1990,5.46
533,2,17,474,1991,5.23
533,2,17,474,1992,5.35
533,2,17,474,1993,5.37
533,2,17,474,1994,5.22
533,2,17,474,1995,5.06
533,2,17,474,1996,5.27
533,2,17,474,1997,5.17
533,2,17,474,1998,5.55
533,2,17,474,1999,5.69
533,2,17,474,2000,5.52
533,2,17,474,2001,6
533,2,17,474,2002,6.29
533,2,17,474,2003,6.7
533,2,17,474,2004,6.43
533,2,17,474,2005,6.43
533,2,17,474,2006,6.64
533,2,17,474,2007,6.76
533,2,17,474,2008,7.4
533,2,17,474,2009,7.63
533,2,17,474,2010,8.27
533,2,17,474,2011,8.77
533,2,17,474,2012,8.89
533,2,17,474,2013,9.08
533,2,17,474,2014,9.31
533,2,17,474,2015,9.73
533,2,17,474,2016,10.17
533,2,17,474,2017,10.52
533,2,18,474,1990,9.12
533,2,18,474,1991,9.37
533,2,18,474,1992,10.02
533,2,18,474,1993,10.13
533,2,18,474,1994,9.94
533,2,18,474,1995,9.86
533,2,18,474,1996,9.81
533,2,18,474,1997,9.99
533,2,18,474,1998,9.97
533,2,18,474,1999,9.65
533,2,18,474,2000,9.82
533,2,18,474,2001,9.88
533,2,18,474,2002,9.74
533,2,18,474,2003,9.69
533,2,18,474,2004,9
533,2,18,474,2005,8.76
533,2,18,474,2006,9.24
533,2,18,474,2007,9.35
533,2,18,474,2008,10.1
533,2,18,474,2009,10.21
533,2,18,474,2010,10.93
533,2,18,474,2011,11.2
533,2,18,474,2012,11.68
533,2,18,474,2013,12.27
533,2,18,474,2014,12.72
533,2,18,474,2015,13.83
533,2,18,474,2016,14.87
533,2,18,474,2017,15.08
533,2,19,474,1990,12.12
533,2,19,474,1991,12.61
533,2,19,474,1992,13.46
533,2,19,474,1993,14.07
533,2,19,474,1994,14.38
533,2,19,474,1995,14.89
533,2,19,474,1996,15.07
533,2,19,474,1997,15.33
533,2,19,474,1998,14.94
533,2,19,474,1999,14.65
533,2,19,474,2000,14.55
533,2,19,474,2001,14.41
533,2,19,474,2002,13.88
533,2,19,474,2003,13.47
533,2,19,474,2004,12.81
533,2,19,474,2005,12.65
533,2,19,474,2006,12.63
533,2,19,474,2007,12.9
533,2,19,474,2008,13.75
533,2,19,474,2009,13.67
533,2,19,474,2010,13.76
533,2,19,474,2011,14.04
533,2,19,474,2012,14.35
533,2,19,474,2013,15.37
533,2,19,474,2014,16.2
533,2,19,474,2015,17.04
533,2,19,474,2016,18.09
533,2,19,474,2017,19.91
533,2,20,474,1990,15.26
533,2,20,474,1991,15.37
533,2,20,474,1992,16.19
533,2,20,474,1993,16.8
533,2,20,474,1994,16.99
533,2,20,474,1995,17.94
533,2,20,474,1996,18.48
533,2,20,474,1997,18.8
533,2,20,474,1998,19.25
533,2,20,474,1999,18.73
533,2,20,474,2000,19.18
533,2,20,474,2001,20.06
533,2,20,474,2002,20.48
533,2,20,474,2003,20.38
533,2,20,474,2004,19.86
533,2,20,474,2005,19.55
533,2,20,474,2006,19.01
533,2,20,474,2007,19.03
533,2,20,474,2008,19.9
533,2,20,474,2009,19.65
533,2,20,474,2010,19.66
533,2,20,474,2011,20.13
533,2,20,474,2012,19.73
533,2,20,474,2013,20.57
533,2,20,474,2014,21.43
533,2,20,474,2015,22.19
533,2,20,474,2016,23.24
533,2,20,474,2017,24.5
533,2,22,474,1990,86.27
533,2,22,474,1991,87.06
533,2,22,474,1992,91.74
533,2,22,474,1993,95.28
533,2,22,474,1994,97.7
533,2,22,474,1995,101.37
533,2,22,474,1996,103.92
533,2,22,474,1997,107.62
533,2,22,474,1998,109.22
533,2,22,474,1999,110.79
533,2,22,474,2000,113.43
533,2,22,474,2001,118.1
533,2,22,474,2002,118.57
533,2,22,474,2003,117.85
533,2,22,474,2004,114.9
533,2,22,474,2005,116.56
533,2,22,474,2006,118.47
533,2,22,474,2007,120.08
533,2,22,474,2008,126.7
533,2,22,474,2009,127.05
533,2,22,474,2010,129.4
533,2,22,474,2011,132.06
533,2,22,474,2012,132.8
533,2,22,474,2013,136.7
533,2,22,474,2014,138.92
533,2,22,474,2015,145.17
533,2,22,474,2016,150.87
533,2,22,474,2017,155.41
533,2,30,474,1990,16.56
533,2,30,474,1991,16.45
533,2,30,474,1992,16.92
533,2,30,474,1993,17.8
533,2,30,474,1994,18.62
533,2,30,474,1995,19.07
533,2,30,474,1996,19.85
533,2,30,474,1997,20.52
533,2,30,474,1998,20.41
533,2,30,474,1999,20.54
533,2,30,474,2000,21.09
533,2,30,474,2001,21.77
533,2,30,474,2002,22.09
533,2,30,474,2003,21.57
533,2,30,474,2004,21.57
533,2,30,474,2005,21.56
533,2,30,474,2006,22.17
533,2,30,474,2007,22.11
533,2,30,474,2008,22.67
533,2,30,474,2009,22.27
533,2,30,474,2010,21.59
533,2,30,474,2011,21.15
533,2,30,474,2012,20.29
533,2,30,474,2013,20.44
533,2,30,474,2014,20
533,2,30,474,2015,20.61
533,2,30,474,2016,21.69
533,2,30,474,2017,22.23
533,2,31,474,1990,13.07
533,2,31,474,1991,13.1
533,2,31,474,1992,14.02
533,2,31,474,1993,14.57
533,2,31,474,1994,15.08
533,2,31,474,1995,15.98
533,2,31,474,1996,16.06
533,2,31,474,1997,16.97
533,2,31,474,1998,17.68
533,2,31,474,1999,18.89
533,2,31,474,2000,19.23
533,2,31,474,2001,20.41
533,2,31,474,2002,20.33
533,2,31,474,2003,19.26
533,2,31,474,2004,18.77
533,2,31,474,2005,19.83
533,2,31,474,2006,20.08
533,2,31,474,2007,20.65
533,2,31,474,2008,21.98
533,2,31,474,2009,22.27
533,2,31,474,2010,22.73
533,2,31,474,2011,23.66
533,2,31,474,2012,23.4
533,2,31,474,2013,24.13
533,2,31,474,2014,24.03
533,2,31,474,2015,25
533,2,31,474,2016,25.17
533,2,31,474,2017,25.16
533,2,32,474,1990,5.12
533,2,32,474,1991,5.34
533,2,32,474,1992,5.75
533,2,32,474,1993,6.15
533,2,32,474,1994,6.67
533,2,32,474,1995,7.07
533,2,32,474,1996,7.34
533,2,32,474,1997,8.27
533,2,32,474,1998,8.57
533,2,32,474,1999,9.15
533,2,32,474,2000,9.79
533,2,32,474,2001,10.24
533,2,32,474,2002,9.94
533,2,32,474,2003,10.34
533,2,32,474,2004,9.9
533,2,32,474,2005,10.68
533,2,32,474,2006,10.9
533,2,32,474,2007,11.33
533,2,32,474,2008,11.89
533,2,32,474,2009,12.12
533,2,32,474,2010,12.78
533,2,32,474,2011,13.45
533,2,32,474,2012,14.04
533,2,32,474,2013,14.23
533,2,32,474,2014,14.42
533,2,32,474,2015,15.24
533,2,32,474,2016,15.46
533,2,32,474,2017,15.52
533,2,235,474,1990,1.84
533,2,235,474,1991,1.86
533,2,235,474,1992,1.93
533,2,235,474,1993,1.97
533,2,235,474,1994,2.19
533,2,235,474,1995,2.4
533,2,235,474,1996,2.62
533,2,235,474,1997,2.79
533,2,235,474,1998,3.03
533,2,235,474,1999,3.2
533,2,235,474,2000,3.44
533,2,235,474,2001,3.67
533,2,235,474,2002,3.73
533,2,235,474,2003,4.07
533,2,235,474,2004,4.2
533,2,235,474,2005,4.55
533,2,235,474,2006,4.84
533,2,235,474,2007,5.03
533,2,235,474,2008,5.3
533,2,235,474,2009,5.35
533,2,235,474,2010,5.59
533,2,235,474,2011,5.67
533,2,235,474,2012,5.98
533,2,235,474,2013,6
533,2,235,474,2014,6.01
533,2,235,474,2015,6.44
533,2,235,474,2016,6.63
533,2,235,474,2017,6.81
